0 0 0 0
0 0 0 0
-150 0 -50 0
0 0 0 0
-300 0 -50 0
0 0 0 0
-200 0 -50 0
0 0 0 0
-250 -1250 -50 0
-350 0 -50 -250
0 0 0 0
-350 0 -25 0
0 0 -75 0
-250 -1500 0 0
-200 0 -25 0
0 0 0 0
-300 0 -25 0
-150 0 -75 0
-250 0 0 0
0 0 -50 -275
-250 -1750 0 0
-300 0 -25 0
0 0 0 0
-350 0 -50 0
0 0 -25 0
-200 0 -50 0
-250 0 0 0
-150 0 -25 0
-250 0 -75 -300
0 0 -50 0
-350 0 -25 0
-200 -2000 0 0
-250 0 -25 0
-250 0 -25 0
-150 0 -25 -325
0 0 0 0
-150 0 -75 0
-300 0 -25 0
-350 0 -50 0
0 0 -75 0
-350 0 -25 0
-200 0 0 0
-250 0 -25 0
-250 0 -25 0
-150 0 -25 -350
0 -2250 -25 0
-150 0 -75 0
-300 0 -25 0
-350 0 -50 0
-250 0 -75 0
-350 0 -25 0
-200 0 -25 0
-250 0 -25 0
-250 0 -25 0
-150 0 -25 0
-250 0 -25 0
-150 0 -75 0
-300 -2500 -25 -375
-350 0 -50 0
-250 0 -75 0
0 0 0 0
-250 0 0 0
0 0 0 -235
-200 0 0 0
0 0 0 -250
0 -1025 -923 0
-250 0 0 -755
0 0 0 0
-300 -1325 0 -515
-150 0 -554 -582
0 0 0 0
-180 0 0 -285
0 0 0 -550
-100 -1200 0 0
-170 0 -740 -275
0 0 0 0
-165 0 0 -440
-185 -1500 0 -575
-190 0 0 0
0 0 -549 -516
-225 -1400 0 0
-310 0 0 -305
0 0 0 0
-200 0 0 -250
0 0 -853 -325
-180 0 0 -500
-175 0 0 0
-50 -1485 0 -550
-180 0 -560 -445
0 0 0 -472
-200 0 0 -462
-275 -1550 0 0
-365 0 0 -400
-210 0 0 -414
-160 0 -710 -400
0 0 0 0
-130 0 0 -447
-70 -1615 0 -355
-100 0 -850 -275
0 0 0 -477
-310 0 0 -325
-150 0 0 0
-175 -1600 0 -450
-210 0 0 -412
-260 0 -904 -398
0 -1860 0 -410
-150 0 -810 -437
-155 0 0 -432
-120 0 0 -305
-100 0 0 -337
-350 0 0 -300
-200 0 0 -362
-75 0 0 -297
-75 -1975 -850 -425
-150 0 0 -312
-320 0 0 -466
-125 0 0 -442
-200 -1900 -953 -412
-150 0 0 -425
-105 0 0 -406
-100 -50 -90 -50
-120 -60 -110 -40
-80 -40 -120 -45
-90 -55 -80 -45
-110 -55 -100 -55
-100 -45 -110 -60
-80 -50 -90 -40
-120 -45 -80 -55
-110 -60 -120 -50
-90 -40 -100 -60
-115 -50 -100 -55
-135 -40 -120 -65
-95 -55 -80 -60
-105 -50 -90 -50
-125 -60 -110 -50
-115 -40 -100 -45
-95 -45 -80 -65
-135 -45 -120 -55
-125 -55 -110 -60
-105 -60 -90 -45
-130 -50 -100 -60
-150 -60 -90 -70
-120 -40 -110 -50
-120 -55 -100 -65
-110 -45 -100 -55
-130 -45 -90 -55
-140 -55 -100 -65
-120 -40 -110 -50
-150 -60 -100 -70
-130 -50 -100 -60
-145 -60 -90 -65
-135 -55 -110 -75
-155 -45 -120 -55
-145 -45 -80 -70
-125 -40 -100 -60
-165 -60 -110 -60
-155 -50 -90 -70
-135 -55 -80 -55
-165 -40 -120 -75
-125 -50 -100 -65
-160 -45 -100 -70
-150 -60 -100 -80
-170 -45 -110 -60
-160 -50 -90 -75
-140 -45 -100 -65
-180 -50 -100 -65
-170 -60 -90 -75
-150 -45 -110 -60
-180 -55 -100 -80
-140 -45 -100 -70
-175 -45 -90 -75
-165 -55 -100 -85
-185 -45 -110 -70
-175 -60 -100 -75
-155 -50 -100 -85
-195 -60 -90 -95
-185 -55 -110 -55
-165 -45 -120 -65
-195 -45 -80 -80
-155 -40 -100 -65
-150 -45 -185 -40
-150 -40 -195 -50
-60 -135 -75 -137
-135 -45 -170 -53
-162 -50 -83 -45
-150 -135 -165 -135
-60 -40 -190 -50
-170 -45 -90 -45
-83 -155 -180 -150
-130 -60 -167 -45
-173 -45 -220 -45
-172 -158 -180 -60
-60 -50 -170 -45
-158 -45 -135 -45
-83 -168 -60 -135
-153 -41 -75 -50
-90 -45 -250 -53
-174 -45 -83 -135
-180 -158 -165 -142
-158 -45 -162 -40
-195 -60 -90 -50
-83 -45 -135 -43
-180 -150 -165 -60
-180 -165 -190 -50
-165 -55 -150 -50
-60 -55 -135 -130
-210 -45 -250 -127
-83 -50 -60 -125
-199 -180 -75 -40
-195 -45 -250 -75
-83 -55 -237 -132
-203 -45 -165 -53
-90 -169 -75 -47
-218 -70 -120 -68
-188 -173 -83 -40
-207 -50 -165 -40
-233 -45 -135 -45
-83 -55 -90 -130
-209 -188 -180 -150
-188 -50 -250 -45
-240 -70 -150 -48
-60 -59 -210 -40
-219 -163 -165 -132
-83 -75 -235 -130
-210 -168 -60 -57
-270 -65 -150 -45
-83 -55 -83 -130
-225 -60 -165 -58
-250 -165 -192 -42
-210 -70 -90 -68
-263 -75 -265 -48
-70 -85 -200 -135
-278 -70 -60 -48
-263 -175 -150 -145
-50 -165 -150 -55
-274 -62 -90 -49
-278 -158 -165 -43
-90 -65 -180 -130
-203 -80 -90 -48
-233 -65 -150 -49
