100 100 50 50
120 80 60 40
80 110 40 45
90 120 55 45
110 90 55 55
100 100 45 60
80 90 50 40
120 120 45 55
110 110 60 50
90 80 40 60
110 110 55 55
130 100 55 40
90 90 65 60
100 130 45 40
120 120 70 45
110 130 40 55
90 110 50 65
130 90 60 70
120 100 70 50
100 120 40 70
120 120 60 60
140 110 65 55
110 140 55 65
110 130 80 80
100 100 40 40
120 110 60 80
130 120 55 40
110 120 65 65
140 140 40 55
120 110 80 60
130 130 65 65
120 140 75 75
140 120 55 60
130 110 60 65
110 130 70 75
150 150 65 85
140 110 55 45
120 150 75 55
150 120 45 70
110 140 85 55
140 140 70 70
130 150 80 80
150 130 60 65
140 120 65 70
120 140 75 80
160 160 70 90
150 120 60 50
130 160 80 60
160 130 50 75
120 150 90 60
150 150 75 75
140 160 85 85
160 140 65 70
150 130 70 75
130 150 80 85
170 170 75 95
160 130 65 55
140 170 85 65
170 140 55 80
130 160 95 65
100 250 250 100
120 220 220 117
265 80 265 265
55 280 108 280
235 110 108 235
100 250 250 90
235 80 235 235
120 280 90 280
110 265 117 265
60 285 84 220
265 110 265 108
50 250 250 108
285 90 285 125
50 295 90 295
120 280 134 280
70 295 84 295
265 90 99 265
50 285 117 285
50 350 134 250
55 305 101 280
50 280 117 280
310 140 125 310
110 310 210 108
295 110 152 295
75 300 300 82
120 300 300 117
130 280 108 280
110 280 125 280
350 140 112 350
60 295 154 295
130 295 295 125
310 120 143 310
345 140 108 345
130 310 117 310
150 300 134 335
80 325 325 125
140 310 310 110
325 120 143 325
150 325 142 325
60 370 153 370
140 310 134 310
130 325 152 325
150 345 142 345
380 140 125 380
360 120 143 360
60 340 340 134
150 380 380 130
340 130 340 152
130 395 119 395
120 325 169 325
325 150 143 325
340 140 160 340
410 160 125 410
150 395 395 134
130 425 152 425
70 355 143 355
160 395 125 395
215 355 160 355
170 410 410 208
130 340 340 150
0 0 0 0
0 0 150 0
1250 0 0 0
0 25 200 0
0 50 0 0
0 0 300 0
0 0 250 0
0 75 0 250
0 25 350 0
0 75 0 0
1445 65 0 0
0 0 0 0
0 0 350 0
0 0 0 0
0 0 0 0
0 50 0 0
0 45 0 0
0 0 645 0
0 0 0 0
0 45 300 255
1640 0 0 0
0 0 425 0
0 0 0 0
0 0 465 0
0 85 0 0
0 0 0 0
0 0 0 0
0 0 450 0
0 75 0 0
0 0 0 260
0 0 0 0
0 0 0 0
1835 0 650 0
0 35 0 265
0 0 0 0
0 0 0 0
0 0 735 0
0 0 0 0
0 25 0 0
0 55 0 0
0 0 675 0
0 0 0 0
2030 0 0 0
0 0 0 0
0 0 0 0
0 0 0 0
0 0 755 0
0 0 0 270
0 0 0 0
0 70 0 0
0 0 0 0
0 0 0 0
0 0 735 0
0 10 0 0
0 0 0 0
2225 0 740 275
0 0 0 0
0 0 0 0
0 0 0 0
0 15 0 0
0 0 0 0
0 0 275 0
1500 0 0 0
0 0 377 95
0 0 0 85
0 0 298 0
0 0 375 0
0 500 0 90
0 0 425 102
0 0 0 128
1689 0 0 98
0 0 0 0
0 0 525 0
0 0 0 0
0 0 0 0
0 0 0 109
0 0 0 135
0 0 768 0
0 0 0 0
0 510 497 119
1880 0 0 0
0 0 555 0
0 0 0 0
0 0 600 0
0 0 0 185
0 0 0 0
0 0 0 0
0 0 675 0
0 0 0 235
0 520 0 0
0 0 0 0
0 0 0 0
2069 0 775 0
0 530 0 126
0 0 0 0
0 0 0 0
0 0 1095 0
0 0 0 0
0 0 0 136
0 0 0 118
0 0 850 0
0 0 0 0
2260 0 0 0
0 0 0 0
0 0 0 0
0 0 0 0
0 0 1060 0
0 540 0 0
0 0 0 0
0 0 0 340
0 0 0 0
0 0 0 0
0 0 1000 0
0 0 0 178
0 0 0 0
2449 550 950 0
0 0 0 0
0 0 0 0
0 0 0 0
0 0 0 122
