0.100666 -0.00177123 501.832
0.0885427 -0.00192468 514.666
0.110673 -0.00129624 493.329
0.0956547 -0.00171028 508.541
0.096774 -0.00180682 515.478
0.118267 -0.00210485 483.206
0.105269 -0.00150091 498.555
0.116524 -0.00212468 502.55
0.106069 -0.00189638 484.896
0.0919844 -0.00112345 513.113
0.0982416 -0.00232549 498.915
0.102784 -0.00158507 506.882
0.0969887 -0.000803475 505.399
0.0984498 -0.00157588 503.468
0.11168 -0.00198399 499.372
0.0929027 -0.00149654 508.352
0.0903223 -0.0017936 518.863
0.10655 -0.00195322 490.478
0.11872 -0.00233815 503.486
0.113452 -0.00212841 483.304
0.0969546 -0.00220077 515.803
0.0868682 -0.000797625 513.398
0.0819018 -0.00114327 522.189
0.0880545 -0.00129393 511.829
0.113053 -0.00215755 488.135
0.0978161 -0.00207807 511.307
0.0817104 -0.00148995 522.006
0.103657 -0.00169403 509.919
0.112017 -0.0019365 499.95
0.0998292 -0.0024606 509.439
0.102379 -0.00225097 495.973
0.104688 -0.00145742 490.149
0.102509 -0.00205035 497.405
0.0908394 -0.00140631 514.261
0.109056 -0.00253231 494.329
0.104463 -0.0019851 499.236
0.0948197 -0.00173567 514.584
0.139649 -0.0032246 466.263
0.106335 -0.00215766 493.924
0.122522 -0.00215142 482.213
0.104808 -0.00203295 489.113
0.0874678 -0.00141296 519.323
0.0920664 -0.00147525 519.314
0.103072 -0.00120919 495.453
0.110383 -0.00192035 496.914
0.108814 -0.00211591 502.801
0.0911399 -0.00172977 506.129
0.122289 -0.00213354 491.389
0.106926 -0.00139972 493.411
0.104479 -0.00254164 506.11
0.104732 -0.00211616 509.998
0.122012 -0.00233424 475.271
0.0991372 -0.00100712 500.589
0.0934396 -0.00225185 520.871
0.110423 -0.00242574 480.758
0.0917302 -0.00153445 509.116
0.0750274 -0.00107201 512.352
0.115289 -0.0021015 481.971
0.0881967 -0.0019719 505.859
0.0898217 -0.00125388 513.242
0.103871 -0.00170114 507.471
0.104123 -0.00190497 501.22
0.100773 -0.00179078 499.109
0.088466 -0.00169316 516.726
0.0925963 -0.00253851 506.126
0.0983074 -0.00117411 510.27
0.0965465 -0.00156997 511.926
0.089543 -0.00231658 514.033
0.112072 -0.00262395 494.79
0.0942217 -0.00170131 495.281
0.106182 -0.00227351 487.358
0.101645 -0.0015136 505.493
0.0799973 -0.00174953 525.134
0.0889993 -0.00191457 512.513
0.108774 -0.00171268 483.312
0.0926783 -0.00158799 512.185
0.0922216 -0.0020672 514.25
0.105175 -0.00106041 502.406
0.0983269 -0.00120239 508.19
0.077845 -0.00123408 522.997
0.112479 -0.00195885 494.903
0.095088 -0.00150214 508.481
0.0771214 -0.00186576 526.603
0.099582 -0.0015682 492.058
0.0819938 -0.0010581 519.619
0.109121 -0.00148301 498.676
0.114065 -0.00179869 489.575
0.0959005 -0.00199957 511.036
0.111146 -0.00181441 499.006
0.0947638 -0.00215081 516.84
0.101606 -0.00183443 491.497
0.0867209 -0.00112123 516.903
0.088203 -0.00136194 516.348
0.110245 -0.00259708 509.005
0.0999396 -0.0015654 497.423
0.0928187 -0.00150148 514.225
0.0986756 -0.00166319 509.683
0.103331 -0.00230281 503.953
0.105952 -0.00190425 501.375
0.124143 -0.00217581 502.283
0.111526 -0.00155909 481.412
0.0817684 -0.000927665 517.699
0.0930434 -0.00187568 507.684
0.100038 -0.00142556 506.572
0.0944525 -0.00161055 514.409
0.0848258 -0.00141662 501.634
0.0968362 -0.00123351 506.383
0.102488 -0.00131155 504.572
0.11529 -0.00240124 494.848
0.0766591 -0.00162427 527.513
0.110971 -0.00215893 487.198
0.090562 -0.00187727 514.152
0.111414 -0.00256011 501.18
0.105628 -0.00160551 494.492
0.0952265 -0.00166589 512.664
0.104092 -0.002101 504.257
0.107701 -0.00220009 494.038
0.0942346 -0.00211628 506.237
0.0987692 -0.00193905 513.214
0.113854 -0.00207649 482.117
0.0999052 -0.00195187 506.973
0.0814858 -0.00127254 519.313
0.0936617 -0.00219386 514.346
0.117748 -0.00204867 483.459
0.107256 -0.00240919 493.611
0.116754 -0.00195419 510.44
0.1112 -0.00184747 485.433
0.108066 -0.00143817 499.027
0.115316 -0.00245054 488.463
0.082777 -0.00185674 518.433
0.0902117 -0.00244023 501.532
0.0955661 -0.00198278 511.916
0.111056 -0.00197996 492.453
0.105833 -0.00175279 507.383
0.0895114 -0.00204157 512.833
0.112447 -0.00225551 503.37
0.0997027 -0.00240156 507.398
0.105608 -0.00183178 482.101
0.101701 -0.00233171 510.979
0.0985176 -0.00146617 510.971
0.0911812 -0.00168273 516.771
0.0983742 -0.00197659 502.456
0.113835 -0.00182083 488.937
0.0942424 -0.00118752 509.633
0.111507 -0.00228159 499.811
0.113215 -0.00224944 486.072
0.103279 -0.00196822 500.615
0.0904649 -0.00135191 519.782
0.105048 -0.00217162 500.142
0.102111 -0.0019997 505.463
0.105601 -0.00153059 496.573
0.108927 -0.00206915 485.59
0.0947571 -0.00253938 505.416
0.134221 -0.00243737 481.13
0.0887374 -0.000815409 509.688
0.105813 -0.00227225 511.194
0.11526 -0.0022063 492.025
0.0974848 -0.001824 504.867
0.108221 -0.00190138 507.251
0.0977206 -0.00118146 501.872
0.104682 -0.00245014 502.5
0.113771 -0.00226192 481.68
0.0941997 -0.00131839 511.059
0.0946016 -0.00164626 511.039
0.119835 -0.00222659 488.33
0.0983211 -0.00243624 508.52
0.0975547 -0.00218423 515.678
0.0957356 -0.00158428 517.923
0.0872906 -0.0016528 509.864
0.0863857 -0.000950798 510.386
0.097987 -0.00213586 496.151
0.0978616 -0.00163891 496.835
0.111743 -0.00257472 478.108
0.118048 -0.00355093 476.663
0.101665 -0.00199311 489.701
0.0912575 -0.00157598 513.524
0.0897558 -0.00209912 512.857
0.0959496 -0.00165727 509.294
0.0994722 -0.00138309 501.386
0.0731572 -0.000802476 523.776
0.0823238 -0.00141205 516.365
0.118881 -0.00255372 500.125
0.0904532 -0.00171698 509.482
0.0873809 -0.00120491 514.257
0.0790605 -0.00151038 522.836
0.100883 -0.00130297 504.175
0.0914625 -0.00179833 519.836
0.108339 -0.00193584 503.505
0.0911349 -0.00227928 515.882
0.0840042 -0.00186352 525.069
0.112325 -0.00176327 500.793
0.103175 -0.00180857 506.138
0.100444 -0.00170424 491.503
0.115381 -0.00237802 482.672
0.0820008 -0.00205219 524.87
0.108762 -0.00189853 483.967
0.110601 -0.00203753 499.489
0.107556 -0.00181583 490.139
0.0842959 -0.00118384 520.079
0.0999035 -0.00191579 507.713
0.103151 -0.00175597 486.436
0.119776 -0.00236606 494.614
0.113873 -0.00207484 498.451
0.111697 -0.00236389 502.302
0.110937 -0.00174121 501.66
0.110315 -0.0020836 492.05
0.0987594 -0.00205622 510.83
0.0961966 -0.00099934 500.684
0.111891 -0.00185589 496.541
0.101831 -0.0020933 503.032
0.094521 -0.00217494 493.085
0.0900597 -0.00211232 518.052
0.0919717 -0.00154323 508.933
0.131851 -0.00278002 462.931
0.0755911 -0.00213774 526.864
0.104546 -0.00173919 507.816
0.119943 -0.00294737 469.83
0.0914543 -0.00185518 519.866
0.0988279 -0.00166405 492.459
0.098598 -0.00172156 504.715
0.0933137 -0.00222606 517.648
0.117193 -0.00170208 469.881
0.0887258 -0.00160374 508.021
0.107687 -0.00244096 490.732
0.110233 -0.00211634 502.279
0.106727 -0.00278967 494.757
0.0853289 -0.00135622 520.856
0.0908304 -0.00222727 512.769
0.099509 -0.00228588 504.109
0.10166 -0.00190049 507.087
0.105574 -0.00163813 486.832
0.104728 -0.00175107 502.73
0.115604 -0.00228901 497.309
0.101186 -0.00142373 504.669
0.0902475 -0.00140457 510.903
0.109505 -0.00187933 495.273
0.114273 -0.00254516 492.375
0.0907912 -0.00111204 496.702
0.120944 -0.00191471 498.251
0.10542 -0.00159515 506.355
0.102617 -0.00219192 494.308
0.0968465 -0.00207598 496.564
0.0786897 -0.00161641 523.107
0.0878192 -0.00229923 512.714
0.105634 -0.00118349 495.522
0.0904156 -0.0012243 515.856
0.093336 -0.00209761 513.002
0.107248 -0.00199569 491.502
0.102656 -0.00190213 504.859
0.111543 -0.00277179 496.469
0.106623 -0.0019948 510.615
0.0932482 -0.00197826 496.889
0.108367 -0.00205643 492.617
0.0800927 -0.00101705 525.203
0.107823 -0.00182442 505.199
0.103513 -0.00134217 503.915
0.0928389 -0.00165906 513.48
0.0938418 -0.0013556 515.246
0.0997806 -0.00180937 500.929
0.0850783 -0.0013338 516.514
0.0949455 -0.00184634 514.095
0.111283 -0.00239716 497.739
0.107799 -0.00204131 507.106
0.100263 -0.00160188 497.195
0.10084 -0.00176315 508.857
0.0930946 -0.00114852 510.562
0.100781 -0.00196131 487.336
0.0907611 -0.00171308 517.162
0.0959947 -0.00147878 510.978
0.0905669 -0.00123678 518.29
0.103525 -0.00228786 505.225
0.108797 -0.00270148 509.862
0.129147 -0.00241757 471.379
0.0981328 -0.0022746 506.095
0.115248 -0.00246412 484.437
0.111066 -0.00279387 473.43
0.099642 -0.00127066 508.986
0.0935589 -0.00114776 514.532
0.104367 -0.00137344 506.898
0.0821801 -0.00170099 519.014
0.089085 -0.00132663 517.54
0.113814 -0.0020272 495.719
0.0839503 -0.00172733 506.969
0.0891762 -0.001862 518.272
0.0997533 -0.00207912 509.416
0.104209 -0.00208003 507.09
0.102421 -0.001692 497.005
0.105902 -0.00183554 484.985
0.0957618 -0.00158737 509.498
0.0973825 -0.00133752 501.421
0.104227 -0.00210933 507.458
0.108911 -0.00240714 513.241
0.0897032 -0.00171993 516.6
0.0972405 -0.00130012 501.247
0.0991244 -0.00210007 496.813
0.0871139 -0.00152241 520.325
0.105088 -0.00198342 507.457
0.087367 -0.00191918 519.892
0.10449 -0.00143993 496.119
0.0888413 -0.00157403 504.976
0.087848 -0.00173039 511.114
0.110794 -0.00208597 502.235
0.116814 -0.00198571 493.211
0.0993404 -0.00215645 498.02
0.101203 -0.00236462 512.922
0.10254 -0.00198257 505.239
0.108493 -0.00171917 506.403
0.100327 -0.00221598 501.502
0.114017 -0.00229463 486.177
0.0922022 -0.00224629 511.327
0.0986905 -0.001634 493.436
0.100132 -0.00150556 499.553
0.0768935 -0.000906843 513.114
0.0930737 -0.00159003 512.524
0.10627 -0.00231086 505.13
0.0925377 -0.00150735 495.013
0.110901 -0.00240408 501.717
0.0937723 -0.00196566 516.896
0.0881712 -0.00154135 517.313
0.117721 -0.00279967 500.566
0.106949 -0.00214907 512.221
0.101511 -0.0019282 509.592
0.0954704 -0.00176784 511.054
0.0887752 -0.000912093 515.249
0.0967944 -0.00170827 494.616
0.0908325 -0.00177616 511.717
0.108224 -0.00280446 501.352
0.0871178 -0.00187912 514.77
0.124045 -0.00298374 485.001
0.121348 -0.0024573 477.13
0.118687 -0.00182427 490.208
0.110544 -0.00141105 481.534
0.0970267 -0.00188219 491.908
0.107942 -0.00183601 501.907
0.113248 -0.00245284 500.584
0.0988088 -0.00112752 498.042
0.0910097 -0.00138227 507.95
0.107752 -0.00224178 504.49
0.0854245 -0.00225599 519.98
0.0789899 -0.00170422 525.703
0.095165 -0.00178906 513.122
0.0905519 -0.000432383 505.157
0.11025 -0.00240924 498.329
0.0668456 -0.000882497 532.191
0.0955315 -0.00209445 512.181
0.112245 -0.00209566 496.321
0.10089 -0.00205006 509.783
0.0960007 -0.0013042 508.872
0.0952763 -0.00129113 511.081
0.0977093 -0.00165503 503.121
0.0903088 -0.00243113 516.311
0.106458 -0.00227189 505.066
0.0967227 -0.00193592 503.078
0.0942594 -0.00130504 496.057
0.098952 -0.00223855 504.661
0.0867307 -0.00175739 518.091
0.0812416 -0.00107729 515.796
0.0950584 -0.00113543 495.199
0.0978492 -0.00153217 511.443
0.0882662 -0.00149073 515.976
0.109855 -0.00176068 492.748
0.0992487 -0.00146821 507.839
0.113671 -0.00188038 503.315
0.0928361 -0.00194841 516.41
0.0897012 -0.00129851 514.843
0.120844 -0.00207601 500.954
0.0796242 -0.001086 521.417
0.0906185 -0.00104766 513.456
0.100109 -0.00158253 510.461
0.115193 -0.00245428 498.62
0.0935957 -0.00164997 508.979
0.0936154 -0.00165956 512.435
0.0945111 -0.00218528 512.129
0.104681 -0.00222693 501.526
0.0863102 -0.00102669 509.267
0.11759 -0.00200641 481.133
0.103717 -0.00255522 492.305
0.107566 -0.00225362 499.82
0.0856923 -0.00179705 515.075
0.108083 -0.00119157 497.349
0.103644 -0.00240108 503.17
0.105743 -0.00248776 502.137
0.0977749 -0.00188082 496.369
0.124005 -0.00304919 483.619
0.107772 -0.00198261 484.858
0.0768617 -0.0012833 520.102
0.115942 -0.00215703 493.739
0.112009 -0.00241459 501.975
0.103397 -0.00197218 508.408
0.104047 -0.0019635 501.453
0.125633 -0.00221293 485.955
0.0791097 -0.00139048 522.096
0.107607 -0.00311734 485.203
0.101844 -0.00216738 501.073
0.104798 -0.00192196 504.479
0.107894 -0.00160147 486.062
0.0833815 -0.00115474 516.084
0.0808839 -0.00110705 524.886
0.0852236 -0.00169966 517.868
0.0831348 -0.00086653 520.425
0.105611 -0.00171122 500.441
0.0909679 -0.0019303 510.444
0.109302 -0.00200396 502.803
0.117198 -0.00190886 480.199
0.108465 -0.00182364 498.9
0.107437 -0.00239311 498.925
0.103705 -0.00211086 489.346
0.100706 -0.00185368 512.101
0.0967906 -0.000950301 497.292
0.117439 -0.00205782 490.504
0.100883 -0.00202787 509.987
0.080535 -0.0019041 524.003
0.0961725 -0.00126649 501.949
0.0979496 -0.00172256 511.777
0.0824338 -0.00152043 515.776
0.0996681 -0.000967126 485.185
0.0933472 -0.00127679 512.299
0.085101 -0.00191543 517.782
0.107801 -0.00292239 484.774
0.102434 -0.00181561 497.573
0.105478 -0.00190815 506.361
0.11625 -0.0025569 495.693
0.106583 -0.00252918 505.586
0.111874 -0.00255444 490.702
0.10163 -0.00190795 508.102
0.085309 -0.00227021 517.699
0.111222 -0.0024798 502.6
0.0960055 -0.00140349 510.083
0.0989358 -0.00231894 506.638
0.107369 -0.00189723 505.024
0.102287 -0.00109036 509.396
0.109388 -0.00200408 498.98
0.103673 -0.00198795 495.63
0.0954203 -0.00206078 514.356
0.11173 -0.00220413 506.159
0.0959649 -0.00153153 507.114
0.0987774 -0.00157719 507.097
0.0928096 -0.00215541 495.736
0.109223 -0.00196354 508.979
0.120711 -0.00266286 501.044
0.108402 -0.0022948 501.753
0.0959997 -0.00213125 504.521
0.0962587 -0.00191906 514.703
0.0911239 -0.00104348 513.031
0.0861494 -0.0024668 517.217
0.121555 -0.00247722 476.948
0.0941093 -0.00135049 514.292
0.12325 -0.00204827 486.038
0.0828409 -0.00185777 519.636
0.11287 -0.00308761 497.24
0.0846029 -0.00160049 516.388
0.103748 -0.00148256 483.365
0.094289 -0.00130001 503.184
0.0860307 -0.00209512 516.805
0.119037 -0.00310483 484.375
0.125294 -0.0022923 475.127
0.101069 -0.00149907 499.741
0.100223 -0.0012178 506.74
0.103063 -0.00158072 499.168
0.123317 -0.00256351 494.181
0.0871303 -0.00125052 508.657
0.104917 -0.002689 495.067
0.0997077 -0.00150561 505.906
0.107579 -0.00150869 504.453
0.0998038 -0.00205189 495.592
0.103618 -0.00170641 504.017
0.0909861 -0.00146338 514.413
0.123292 -0.00257863 487.973
0.107561 -0.00152519 501.611
0.0875713 -0.00105517 514.22
0.0983051 -0.00174896 492.3
0.089524 -0.0017155 505.54
0.0948065 -0.00161859 510.35
0.0943053 -0.00208674 504.745
0.121952 -0.00275927 479.371
0.122983 -0.00266522 495.574
0.105406 -0.00189389 505.598
0.0744714 -0.0019833 522.817
0.113397 -0.00174588 484.732
0.0902453 -0.00175465 510.873
0.126887 -0.00213426 490.231
0.0999071 -0.00158736 510.096
0.0829989 -0.00103441 522.022
0.125278 -0.00213782 489.767
0.088668 -0.000962991 513.403
0.0905913 -0.0020015 506.641
0.0924682 -0.00122379 510.298
0.0975571 -0.00123595 509.056
0.101051 -0.00130112 492.68
0.0942868 -0.00137858 516.124
0.0940031 -0.00199121 507.781
0.104402 -0.00265296 507.145
0.123556 -0.00259209 472.147
0.11205 -0.00201456 482.439
0.102942 -0.0019256 482.3
0.0728127 -0.00102858 528.902
0.0909743 -0.00191728 512.999
0.126423 -0.00225949 486.662
0.0891773 -0.00175724 505.717
0.072215 -0.00138852 526.068
0.0981168 -0.00156788 503.882
0.0903531 -0.00139284 514.786
0.11688 -0.00252076 479.132
0.10483 -0.00198585 505.278
0.096564 -0.00151051 491.075
0.100691 -0.00204262 502.163
0.106322 -0.0015923 487.775
0.091723 -0.001931 517.602
0.108656 -0.00184323 506.309
0.101389 -0.00183849 491.967
0.0977408 -0.00207259 508.278
0.095573 -0.00151992 514.719
0.100892 -0.00205007 505.037
0.100649 -0.00179795 513.923
0.118889 -0.00257712 491
0.0902144 -0.00213199 503.381
0.111081 -0.0023175 489.281
0.103504 -0.00176793 498.22
0.0989373 -0.00190125 509.652
0.0889825 -0.00164135 512.667
0.112107 -0.00239678 487.638
0.105944 -0.00188834 503.405
0.0951603 -0.00159796 498.723
0.11226 -0.00223584 498.729
0.0976113 -0.00115099 505.536
0.08814 -0.00134294 507.64
0.106049 -0.00166166 506.036
0.0978886 -0.00167823 511.306
0.0752291 -0.000820256 521.853
0.0802277 -0.00148383 510.933
0.0934957 -0.00206432 509.131
0.104532 -0.00149533 486.304
0.102218 -0.00240657 510.078
0.102317 -0.00142908 505.201
0.118492 -0.00208713 493.751
0.108836 -0.00259058 481.703
0.108505 -0.00141742 500.161
0.103756 -0.00198328 508.294
0.110398 -0.00183332 477.152
0.0953226 -0.00221743 513.799
0.108257 -0.00171424 498.951
0.117745 -0.00206497 494.221
0.102338 -0.00172501 492.022
0.0857415 -0.00206921 526.396
0.124102 -0.00252343 481.745
0.10442 -0.00178515 499.835
0.102853 -0.00158557 496.056
0.127919 -0.00203185 482.962
0.102351 -0.00216176 509.865
0.0962124 -0.00169757 506.463
0.10198 -0.00117939 493.164
0.099024 -0.00181068 508.163
0.086382 -0.00200397 516.143
0.100135 -0.00185082 511.358
0.0952127 -0.00113841 508.098
0.102139 -0.00174519 499.369
0.103936 -0.00142277 489.395
0.107943 -0.00233467 498.867
0.111344 -0.00178679 504.508
0.107699 -0.00213897 492.071
0.0951645 -0.00206362 494.446
0.114983 -0.00158011 480.68
0.10172 -0.00180209 505.835
0.100904 -0.00204017 506.369
0.0869966 -0.00230071 516.767
0.12468 -0.00265564 493.191
0.0910637 -0.0010358 512.242
0.10718 -0.00276437 501.286
0.105248 -0.00252933 504.796
0.0861189 -0.00168115 517.202
0.104316 -0.00220201 493.452
0.0821816 -0.00204776 523.168
0.0949484 -0.00167705 502.298
0.105949 -0.00205025 505.182
0.0878879 -0.00104417 511.151
0.0970735 -0.00207021 515.363
0.116683 -0.00209985 489.803
0.0993331 -0.00204659 492.46
0.0879463 -0.000887751 511.226
0.126301 -0.00195067 483.755
0.0964652 -0.00161209 509.953
0.098372 -0.0021622 500.833
0.112896 -0.0019131 500.838
0.0947152 -0.0016356 517.08
0.0919707 -0.0010552 508.479
0.0901911 -0.0011434 513.628
0.0906071 -0.00160295 516.002
0.089658 -0.00140492 515.632
0.0901072 -0.00116341 518.525
0.108803 -0.00192007 500.689
0.101886 -0.00146169 484.644
0.0898434 -0.00225833 515.342
0.119323 -0.00184429 480.644
0.0954849 -0.00167108 518.56
0.112716 -0.00184619 484.231
0.0952689 -0.00107676 505.459
0.103506 -0.00204831 511.401
0.112327 -0.00205311 478.869
0.102516 -0.00146989 496.609
0.11082 -0.00223079 476.29
0.094969 -0.00250124 509.865
0.0985685 -0.00166467 499.966
0.107738 -0.00168912 503.888
0.0973719 -0.00166414 504.682
0.0897498 -0.00109133 508.94
0.102321 -0.00187703 482.52
0.117822 -0.00207775 484.401
0.0915519 -0.00147368 515.195
0.0930967 -0.00211304 512.923
0.0843981 -0.00152241 516.177
0.0828707 -0.00129091 521.329
0.10647 -0.00208133 498.119
0.0966656 -0.00170492 513.524
0.109434 -0.00208513 506.407
0.11711 -0.00222548 474.806
0.0890331 -0.00206011 521.227
0.102652 -0.00220855 506.022
0.0930623 -0.00192263 511.509
0.114215 -0.00290452 492.971
0.10013 -0.000940588 508.332
0.1116 -0.00292317 495.582
0.0911423 -0.00199598 517.169
0.110223 -0.00185123 497.073
0.0891686 -0.00134409 497.004
0.0968841 -0.00106664 488.022
0.100391 -0.00174369 505.743
0.0904853 -0.00129427 499.497
0.0983802 -0.00166106 488.197
0.102927 -0.0018229 507.517
0.107859 -0.00179778 483.151
0.0996612 -0.00165804 505.954
0.105703 -0.00245219 502.792
0.0992882 -0.00156376 500.471
0.112018 -0.00141092 494.186
0.0843898 -0.00144796 520.748
0.10128 -0.00110899 498.917
0.108952 -0.00196889 501.934
0.100584 -0.0019969 506.848
0.0908322 -0.00142934 518.765
0.094783 -0.00211764 507.503
0.104284 -0.00248192 496.065
0.0862921 -0.00142948 517.759
0.0947149 -0.0022102 500.849
0.0915922 -0.0019702 518.343
0.103535 -0.00173479 494.875
0.0924837 -0.00142308 517.763
0.101626 -0.0017227 507.642
0.113522 -0.0023275 497.68
0.0833232 -0.000836547 512.786
0.0792662 -0.000798328 525.024
0.100898 -0.00187785 493.966
0.0981688 -0.00135583 495.069
0.0919705 -0.00119134 495.184
0.0986512 -0.00165956 504.667
0.103823 -0.00152644 505.381
0.086865 -0.00136704 516.448
0.096319 -0.0020592 515.266
0.0878495 -0.00153493 518.904
0.101964 -0.00157026 506.421
0.102187 -0.00252096 490.871
0.101742 -0.00176466 510.566
0.106146 -0.00202142 509.86
0.115971 -0.00270644 485.145
0.0888422 -0.0013863 516.421
0.112946 -0.0024845 494.334
0.0930128 -0.00261833 520.266
0.120841 -0.00257073 483.435
0.116023 -0.00222456 497.577
0.103445 -0.00200449 495.986
0.0787123 -0.00182638 525.296
0.100377 -0.00217022 509.646
0.116341 -0.00217768 494.04
0.101439 -0.00229608 495.907
0.107146 -0.00202148 488.75
0.093421 -0.00169355 512.092
0.11506 -0.0025205 478.989
0.102349 -0.00167166 489.307
0.095513 -0.0016442 511.563
0.0856162 -0.00165333 512.905
0.0839955 -0.00221621 519.519
0.125153 -0.00278343 479.826
0.113168 -0.00197699 496.346
0.105641 -0.00157395 497.147
0.090905 -0.00157837 519.688
0.100137 -0.00215469 498.043
0.101791 -0.001972 510.675
0.103233 -0.0015811 484.714
0.089034 -0.00209899 515.136
0.120196 -0.00220819 472.149
0.0942707 -0.00170103 517.787
0.112835 -0.00194062 503.175
0.102879 -0.00185271 485.503
0.105288 -0.0019853 506.828
0.121125 -0.00198992 485.524
0.100565 -0.00191574 488.025
0.105228 -0.00198259 497.411
0.116433 -0.00143877 482.331
0.119775 -0.00203828 472.004
0.113269 -0.00180824 479.168
0.105042 -0.00213309 496.315
0.099367 -0.00159299 498.619
0.0993033 -0.00217604 516.988
0.100756 -0.00128334 496.626
0.0901899 -0.00138144 513.811
0.111331 -0.00222913 508.937
0.0916065 -0.00147409 513.228
0.0999235 -0.00155744 505.732
0.0955525 -0.001308 500.839
0.103505 -0.00176453 493.983
0.09232 -0.00179817 516.324
0.112777 -0.00329611 479.397
0.0974237 -0.00199576 511.682
0.100767 -0.00157745 504.444
0.0988293 -0.00245335 505.527
0.0990635 -0.00209574 512.409
0.0946347 -0.00130603 509.468
0.075648 -0.0020932 525.56
0.0806796 -0.00230482 517.529
0.085022 -0.000958282 518.731
0.0922268 -0.000728543 511.313
0.0887869 -0.00138983 511.449
0.0978529 -0.00160122 512.589
0.0991432 -0.00181971 515.531
0.102923 -0.00186554 486.116
0.105153 -0.00181291 506.924
0.117183 -0.00167102 493.835
0.100145 -0.00187747 493.757
0.0959987 -0.00136394 512.576
0.115978 -0.00243966 495.138
0.106644 -0.00237384 499.299
0.108485 -0.00115676 478.224
0.0992511 -0.00212126 514.298
0.0973138 -0.00122256 505.536
0.108946 -0.00213622 494.966
0.101879 -0.00205609 504.326
0.111762 -0.00198758 481.886
0.113756 -0.00177564 492.303
0.0882635 -0.00102948 502.277
0.106005 -0.00129945 502.911
0.0903112 -0.00253696 525.221
0.124099 -0.00209557 470.705
0.0925971 -0.00184366 513.698
0.0927236 -0.00209467 505.92
0.107143 -0.00145855 504.443
0.081621 -0.00125181 515.843
0.101939 -0.00172543 505.447
0.107222 -0.00191782 482.281
0.0912705 -0.00104187 506.874
0.0894733 -0.00204508 520.811
0.0958689 -0.00197774 511.984
0.0854672 -0.00163637 516.322
0.100538 -0.00207169 511.961
0.119698 -0.00257936 494.039
0.0986896 -0.00109317 487.12
0.0903992 -0.00155375 499.095
0.100893 -0.00183308 497.168
0.092744 -0.0019155 503.732
0.0940615 -0.00232048 517.339
0.0925178 -0.00155126 511.482
0.0942549 -0.00199327 517.168
0.093871 -0.00182798 514.431
0.0852004 -0.00153317 519.365
0.110078 -0.00197731 496.083
0.095446 -0.00150177 504.113
0.0974418 -0.00143303 509.23
0.109906 -0.00207447 484.813
0.113399 -0.00247027 497.221
0.105219 -0.00209832 510.166
0.0939308 -0.000934146 512.436
0.0931475 -0.00226481 498.863
0.109 -0.00212875 502.394
0.112351 -0.00219448 489.929
0.113649 -0.00214401 486.134
0.0980227 -0.00199952 510.983
0.0843975 -0.00117803 516.031
0.0911984 -0.00141571 509.612
0.0954588 -0.00164845 510.824
0.103755 -0.00202421 510.598
0.0887679 -0.00114601 520.031
0.0865198 -0.00203313 503.099
0.104315 -0.00273998 511.722
0.0869644 -0.00190003 506.294
0.0956106 -0.00236663 507.316
0.0865331 -0.00184573 521.336
0.0895918 -0.0012227 497.48
0.101429 -0.00175434 496.653
0.11607 -0.00228696 498.524
0.0862044 -0.0015623 515.199
0.10134 -0.00157671 507.319
0.0984693 -0.00105236 485.513
0.110022 -0.00226367 498.334
0.111361 -0.00190471 486.805
0.123348 -0.00234604 489.125
0.0923118 -0.00155692 511.648
0.108969 -0.00241213 502.24
0.0897591 -0.00186235 516.553
0.0956198 -0.00133642 513.683
0.101056 -0.00127858 488.351
0.109537 -0.00234847 502.941
0.108917 -0.00190069 495.635
0.0960274 -0.00243809 509.539
0.104441 -0.00174616 508.976
0.106663 -0.00290708 499.444
0.0828809 -0.00146166 518.043
0.0996388 -0.00223243 517.255
0.11546 -0.00192976 501.854
0.0935336 -0.00118521 509.668
0.127193 -0.00242309 477.485
0.0865761 -0.00136899 512.645
0.10365 -0.00215323 497.072
0.110394 -0.00216948 502.389
0.0979221 -0.00240378 505.372
0.102525 -0.00140875 499.237
0.117264 -0.0023089 503.793
0.106196 -0.00242449 501.528
0.100651 -0.00183065 496.228
0.115504 -0.00254595 490.549
0.12031 -0.00159087 469.451
0.113256 -0.00182633 485.734
0.115215 -0.00209581 499.617
0.0853448 -0.00155098 510.477
0.107905 -0.00167664 496.439
0.0918947 -0.00199005 517.362
0.103129 -0.00175892 504.329
0.0916931 -0.00118189 501.765
0.109091 -0.00195491 501.755
0.118591 -0.00221382 472.387
0.113956 -0.00255767 499.904
0.0796546 -0.00135837 511.865
0.127851 -0.00261008 485.419
0.0979007 -0.000715138 501.992
0.0941294 -0.00135625 497.434
0.0868262 -0.00205134 508.273
0.104903 -0.0017071 500.067
0.116139 -0.00247815 494.157
0.101311 -0.0017799 487.66
0.0911211 -0.00204491 496.213
0.110834 -0.00225866 501.358
0.0913118 -0.000997004 508.652
0.0928144 -0.000996779 508.8
0.107395 -0.00226277 484.686
0.0922217 -0.00143768 504.384
0.111236 -0.00233659 497.419
0.0950147 -0.00198757 509.477
0.107914 -0.00256665 507.017
0.106323 -0.00245834 493.736
0.0894582 -0.00170609 511.669
0.0911013 -0.00196144 520.714
0.116641 -0.00271605 500.298
0.0801692 -0.00139298 515.283
0.109997 -0.00227623 501.169
0.0904189 -0.00166292 512.428
0.107052 -0.00215284 505.629
0.0843039 -0.000932772 515.248
0.101788 -0.00228183 511.92
0.0966907 -0.00205593 502.726
0.100075 -0.0013146 510.341
0.0958907 -0.00188134 499.916
0.102998 -0.00199401 513.02
0.100055 -0.00155098 513.263
0.113181 -0.00242667 498.19
0.121755 -0.00206708 479.034
0.103859 -0.00176337 494
0.105106 -0.00202933 506.724
0.0964693 -0.00165679 504.427
0.106339 -0.00175824 499.973
0.095777 -0.00194006 506.967
0.0921903 -0.0015848 509.031
0.0894001 -0.00147036 520.385
0.115222 -0.00158157 494.363
0.110133 -0.00261435 495.147
0.0971637 -0.00245566 516.794
0.0951201 -0.00167641 512.955
0.0770638 -0.0010724 526.539
0.117724 -0.00183818 481.235
0.119323 -0.00278264 501.978
0.106368 -0.002302 507.231
0.110643 -0.00249562 482.053
0.102033 -0.00199928 508.089
0.0930956 -0.00214352 508.707
0.0975261 -0.00118581 510.763
0.0936368 -0.00160869 501.376
0.096289 -0.00175932 518.318
0.10844 -0.00247852 476.28
0.0969396 -0.00134818 500.558
0.107061 -0.00208032 491.285
0.0658655 -0.00114242 531.9
0.082615 -0.0013522 522.802
0.0922691 -0.000907789 504.84
0.107274 -0.00179213 481.205
0.104107 -0.00147773 500.786
0.0982083 -0.0016518 502.053
0.0993307 -0.0014317 498.945
0.104459 -0.00254302 514.679
0.0779371 -0.00106993 524.013
0.0972302 -0.00208745 517.58
0.0995722 -0.00187657 495.129
0.0966097 -0.00151007 509.144
0.116912 -0.00224085 492.414
0.0965721 -0.00245572 508.493
0.0934857 -0.00167916 513.196
0.0894359 -0.00160924 516.684
0.10455 -0.00213015 515.005
0.100581 -0.00184385 499.752
0.0811265 -0.00261335 522.185
0.083243 -0.00122662 516.756
0.0919824 -0.0019568 513.676
0.086973 -0.00101135 517.298
0.107404 -0.00314998 501.026
0.0850337 -0.00168743 511.513
0.0942361 -0.00150647 512.418
0.103787 -0.00158565 486.989
0.0998817 -0.00259369 500.135
0.0997712 -0.00179788 497.378
0.103262 -0.00219181 493.325
0.119464 -0.00314361 482.862
0.0737983 -0.0015104 530.788
0.0858215 -0.00153429 508.836
0.110309 -0.00286903 492.527
0.0941706 -0.00128998 512.388
0.111537 -0.00283644 502.081
0.107979 -0.00221259 485.013
0.092015 -0.00206726 504.876
0.125341 -0.00285163 483.211
0.115685 -0.00318407 500.026
0.106978 -0.00200033 502.773
0.082523 -0.000790909 517.71
0.10748 -0.00142716 491.75
0.103321 -0.0026238 499.483
0.0905067 -0.00125428 512.05
0.110628 -0.00192278 503.845
0.100492 -0.0021597 506.663
0.0860658 -0.00167644 519.251
0.099071 -0.00192859 498.993
0.123707 -0.00288986 477.038
0.10122 -0.00174707 510.877
0.0966273 -0.0016858 497.539
0.115441 -0.00220169 479.289
0.103848 -0.00204404 489.324
0.0942376 -0.00237041 508.561
0.103964 -0.0023935 491.309
0.0973028 -0.00181976 503.412
0.0980103 -0.00127271 508.075
0.115163 -0.0028914 502.314
0.0932958 -0.00106638 516.007
0.135192 -0.00299382 483.815
0.0916905 -0.00102308 511.436
0.102337 -0.00224824 500.469
0.0984948 -0.00157284 490.566
0.122084 -0.00235204 483.116
0.092337 -0.00161603 496.952
0.084919 -0.0012636 517.109
0.0896606 -0.00193873 513.083
0.101609 -0.00104636 495.664
0.100997 -0.00245977 510.252
0.0950662 -0.00178328 511.614
0.112083 -0.00207902 485.189
0.08958 -0.00220298 507.054
0.095117 -0.00113419 507.329
0.0936895 -0.00194427 514.665
0.10426 -0.00274124 497.896
0.103657 -0.00163006 501.827
0.106109 -0.00238643 503.905
0.102423 -0.0019241 486.04
0.100494 -0.00190024 491.399
0.0898754 -0.000858546 502.121
0.107991 -0.00237961 509.814
0.095196 -0.00243727 507.483
0.098937 -0.00078611 488.187
0.12351 -0.00315148 480.265
0.104018 -0.00158619 500.668
0.0965943 -0.00137731 505.107
0.11072 -0.00267105 485.142
0.0985425 -0.00200506 512.726
0.116292 -0.00219891 502.712
0.0831431 -0.00139023 516.226
0.0931053 -0.00145512 505.039
0.0893876 -0.00111462 503.954
0.09871 -0.000964479 501.77
0.0819641 -0.00215368 513.222
0.102542 -0.00171008 508.834
0.0901247 -0.00160005 513.09
0.0789502 -0.000987764 521.71
0.0873176 -0.00150109 509.084
0.104573 -0.00163993 507.014
0.0912228 -0.00131523 509.614
0.10356 -0.00173871 493.231
0.0952032 -0.00171106 517.728
0.0987623 -0.00200106 497.335
0.0979281 -0.0013171 506.43
0.0780128 -0.000710468 518.712
0.10348 -0.0017427 498.387
0.0964103 -0.00252444 495.994
0.0914042 -0.00117016 508.778
0.0961279 -0.00170485 517
0.101316 -0.00207957 509.913
0.0678995 -0.000945392 530.41
0.107912 -0.00143754 498.947
0.104096 -0.00160238 487.584
0.0937641 -0.00262727 510.618
