1 100 0.25 0.0280786 10000 0.25 0.25 0.25 0.25 0 0.0280786 0 0 1 10000 1 1 nan 100 nan nan nan 0 nan nan nan 1 nan nan
0 100 0.243767 0.0280786 10000 0.243767 0.268698 0.243767 0.243767 0.0280786 0.0280786 0 0 10000 10000 1 1 100 nan nan nan 0 nan nan nan 1 nan nan nan
3 50 0.237838 0.0280786 2500 0.262162 0.262162 0.237838 0.237838 0.0280786 0.0280786 0 0.0280786 10000 10000 1 2500 nan nan nan 50 nan nan nan 0 nan nan nan 1
0 120 0.258209 0.061765 10123.4 0.258209 0.258209 0.234252 0.249329 0.061765 0.0280786 0 0.0280786 10123.4 10000 1 2500 119.972 nan nan nan 4393.26 nan nan nan 1.19972 nan nan nan
2 50 0.232172 0.0280786 2500 0.264798 0.255916 0.232172 0.247115 0.061765 0.0280786 0.0280786 0.0280786 10123.4 10000 2500 2500 nan nan 50 nan nan nan 0 nan nan nan 1 nan
0 -70 0.260899 0.0422129 9976.94 0.260899 0.252148 0.243476 0.243476 0.0422129 0.0280786 0.0280786 0.0280786 9976.94 10000 2500 2500 -70.0618 nan nan nan -5214.71 nan nan nan -0.696336 nan nan nan
1 80 0.253462 0.0505336 9898.79 0.257049 0.253462 0.244745 0.244745 0.0422129 0.0505336 0.0280786 0.0280786 9976.94 9898.79 2500 2500 nan 79.9719 nan nan nan -3604.49 nan nan nan 0.799719 nan nan
0 90 0.255601 0.067501 9924.02 0.255601 0.257666 0.243366 0.243366 0.067501 0.0505336 0.0280786 0.0280786 9924.02 9898.79 2500 2500 89.9578 nan nan nan -1884.53 nan nan nan 0.900617 nan nan nan
3 40 0.241795 0.0505257 2474.67 0.260407 0.256003 0.241795 0.241795 0.067501 0.0505336 0.0280786 0.0505257 9924.02 9898.79 2500 2474.67 nan nan nan 39.9719 nan nan nan -902.245 nan nan nan 0.799438
2 60 0.240486 0.0617572 2530.79 0.258996 0.254616 0.240486 0.245901 0.067501 0.0505336 0.0617572 0.0505257 9924.02 9898.79 2530.79 2474.67 nan nan 59.9719 nan nan nan 1096.63 nan nan nan 1.19944 nan
1 110 0.252523 0.0815633 9960.29 0.256867 0.252523 0.246731 0.243879 0.067501 0.0815633 0.0617572 0.0505257 9924.02 9960.29 2530.79 2474.67 nan 109.949 nan nan nan 2190.09 nan nan nan 1.1051 nan nan
1 120 0.258466 0.115302 10084.4 0.254824 0.258466 0.244769 0.24194 0.067501 0.115302 0.0617572 0.0505257 9924.02 10084.4 2530.79 2474.67 nan 119.918 nan nan nan 4420.15 nan nan nan 1.20157 nan nan
1 90 0.265069 0.140434 10028.1 0.252555 0.265069 0.242589 0.239786 0.067501 0.140434 0.0617572 0.0505257 9924.02 10028.1 2530.79 2474.67 nan 89.8847 nan nan nan -2005.14 nan nan nan 0.895078 nan nan
1 100 0.269956 0.168434 10026.5 0.250876 0.269956 0.240977 0.238192 0.067501 0.168434 0.0617572 0.0505257 9924.02 10026.5 2530.79 2474.67 nan 99.8596 nan nan nan -56.1629 nan nan nan 0.997196 nan nan
1 90 0.275508 0.193624 9971.57 0.248968 0.275508 0.239144 0.23638 0.067501 0.193624 0.0617572 0.0505257 9924.02 9971.57 2530.79 2474.67 nan 89.8316 nan nan nan -1956.81 nan nan nan 0.897127 nan nan
1 120 0.280526 0.227312 10094.6 0.247244 0.280526 0.237488 0.234743 0.067501 0.227312 0.0617572 0.0505257 9924.02 10094.6 2530.79 2474.67 nan 119.806 nan nan nan 4381.99 nan nan nan 1.19977 nan nan
1 -1140 0.287463 -0.0913438 46316.7 0.24486 0.287463 0.235198 0.23248 0.067501 -0.0913438 0.0617572 0.0505257 9924.02 46316.7 2530.79 2474.67 nan -1140.23 nan nan nan 1.29002e+06 nan nan nan -11.3487 nan nan
1 80 0.241205 -0.0808944 45196.3 0.260756 0.241205 0.250467 0.247572 0.067501 -0.0808944 0.0617572 0.0505257 9924.02 45196.3 2530.79 2474.67 nan 80.0913 nan nan nan -39902.1 nan nan nan 0.372149 nan nan
1 110 0.242786 -0.0663554 44267.5 0.260213 0.242786 0.249945 0.247056 0.067501 -0.0663554 0.0617572 0.0505257 9924.02 44267.5 2530.79 2474.67 nan 110.081 nan nan nan -33078.5 nan nan nan 0.517798 nan nan
0 -190 0.259389 0.0139288 10659.7 0.259389 0.245184 0.249153 0.246274 0.0139288 -0.0663554 0.0617572 0.0505257 10659.7 44267.5 2530.79 2474.67 -190.068 nan nan nan 26201.6 nan nan nan -1.90794 nan nan nan
0 100 0.249706 0.0411208 10641.1 0.249706 0.24839 0.252411 0.249494 0.0411208 -0.0663554 0.0617572 0.0505257 10641.1 44267.5 2530.79 2474.67 99.9861 nan nan nan -662.511 nan nan nan 0.968426 nan nan nan
3 45 0.247792 0.075897 2461.91 0.254823 0.246696 0.250689 0.247792 0.0411208 -0.0663554 0.0617572 0.075897 10641.1 44267.5 2530.79 2461.91 nan nan nan 44.9495 nan nan nan -454.211 nan nan nan 0.903579
1 100 0.245141 -0.0530011 43305.7 0.253216 0.245141 0.249109 0.252534 0.0411208 -0.0530011 0.0617572 0.075897 10641.1 43305.7 2530.79 2461.91 nan 100.066 nan nan nan -34254.2 nan nan nan 0.475604 nan nan
2 -10 0.248389 0.0561412 2462.57 0.252485 0.247321 0.248389 0.251805 0.0411208 -0.0530011 0.0561412 0.075897 10641.1 43305.7 2462.57 2461.91 nan nan -10.0618 nan nan nan -2429.55 nan nan nan -0.200007 nan
1 90 0.247694 -0.0408504 42317.4 0.252867 0.247694 0.247253 0.252186 0.0411208 -0.0408504 0.0561412 0.075897 10641.1 42317.4 2462.57 2461.91 nan 90.053 nan nan nan -35196.1 nan nan nan 0.432739 nan nan
3 45 0.251529 0.101319 2449.45 0.252209 0.249652 0.24661 0.251529 0.0411208 -0.0408504 0.0561412 0.101319 10641.1 42317.4 2462.57 2449.45 nan nan nan 44.9241 nan nan nan -443.738 nan nan nan 0.905405
0 -120 0.250591 0.0084461 10746.9 0.250591 0.248051 0.245029 0.256329 0.0084461 -0.0408504 0.0561412 0.101319 10746.9 42317.4 2462.57 2449.45 -120.041 nan nan nan 3768.75 nan nan nan -1.16369 nan nan nan
1 -1370 0.250044 -0.227843 93826.8 0.244571 0.250044 0.246997 0.258388 0.0084461 -0.227843 0.0561412 0.101319 10746.9 93826.8 2462.57 2449.45 nan -1369.96 nan nan nan 1.83447e+06 nan nan nan -6.6596 nan nan
3 55 0.265698 0.132466 2465.3 0.251491 0.228825 0.253985 0.265698 0.0084461 -0.227843 0.0561412 0.132466 10746.9 93826.8 2462.57 2465.3 nan nan nan 54.8987 nan nan nan 564.412 nan nan nan 1.10924
3 60 0.271841 0.166321 2496.72 0.249387 0.226911 0.25186 0.271841 0.0084461 -0.227843 0.0561412 0.166321 10746.9 93826.8 2462.57 2496.72 nan nan nan 59.8675 nan nan nan 1118.82 nan nan nan 1.20575
3 40 0.278639 0.188705 2471.16 0.247059 0.224793 0.249509 0.278639 0.0084461 -0.227843 0.0561412 0.188705 10746.9 93826.8 2462.57 2471.16 nan nan nan 39.8337 nan nan nan -909.994 nan nan nan 0.797197
3 55 0.283124 0.219665 2486.13 0.245523 0.223395 0.247958 0.283124 0.0084461 -0.227843 0.0561412 0.219665 10746.9 93826.8 2462.57 2486.13 nan nan nan 54.8113 nan nan nan 533.113 nan nan nan 1.1026
3 50 0.289471 0.247698 2485.91 0.243349 0.221417 0.245763 0.289471 0.0084461 -0.227843 0.0561412 0.247698 10746.9 93826.8 2462.57 2485.91 nan nan nan 49.7803 nan nan nan -8.05186 nan nan nan 0.998379
3 -190 0.29527 0.140558 3432.39 0.241363 0.21961 0.243757 0.29527 0.0084461 -0.227843 0.0561412 0.140558 10746.9 93826.8 2462.57 3432.39 nan nan nan -190.248 nan nan nan 33708.3 nan nan nan -3.81572
2 55 0.250875 0.0872297 2478.19 0.248412 0.226023 0.250875 0.27469 0.0084461 -0.227843 0.0872297 0.140558 10746.9 93826.8 2478.19 3432.39 nan nan 54.9439 nan nan nan 556.254 nan nan nan 1.1072 nan
1 120 0.22424 -0.216822 91598.1 0.246452 0.22424 0.256784 0.272524 0.0084461 -0.216822 0.0872297 0.140558 10746.9 91598.1 2478.19 3432.39 nan 120.228 nan nan nan -79372 nan nan nan 0.392502 nan nan
0 120 0.245984 0.0409461 10849.5 0.245984 0.225715 0.256296 0.272006 0.0409461 -0.216822 0.0872297 0.140558 10849.5 91598.1 2478.19 3432.39 119.992 nan nan nan 3651.03 nan nan nan 1.15747 nan nan nan
1 130 0.223877 -0.204741 89502.3 0.252126 0.223877 0.254208 0.26979 0.0409461 -0.204741 0.0872297 0.140558 10849.5 89502.3 2478.19 3432.39 nan 130.217 nan nan nan -74641.7 nan nan nan 0.430253 nan nan
2 5 0.253657 0.0900007 2409.29 0.25158 0.225557 0.253657 0.269206 0.0409461 -0.204741 0.0900007 0.140558 10849.5 89502.3 2409.29 3432.39 nan nan 4.91277 nan nan nan -2454.06 nan nan nan 0.0986868 nan
2 45 0.25409 0.115691 2398.27 0.251435 0.225426 0.25409 0.26905 0.0409461 -0.204741 0.115691 0.140558 10849.5 89502.3 2398.27 3432.39 nan nan 44.91 nan nan nan -392.378 nan nan nan 0.914953 nan
3 55 0.267288 0.16685 3420.52 0.249788 0.22395 0.258974 0.267288 0.0409461 -0.204741 0.115691 0.16685 10849.5 89502.3 2398.27 3420.52 nan nan nan 54.8594 nan nan nan -422.83 nan nan nan 0.936382
1 110 0.222371 -0.194397 87330.2 0.248027 0.222371 0.257148 0.272454 0.0409461 -0.194397 0.115691 0.16685 10849.5 87330.2 2398.27 3420.52 nan 110.205 nan nan nan -77357.2 nan nan nan 0.368369 nan nan
0 -140 0.247596 0.0031953 11095.5 0.247596 0.22372 0.256702 0.271981 0.0031953 -0.194397 0.115691 0.16685 11095.5 87330.2 2398.27 3420.52 -140.041 nan nan nan 8762.01 nan nan nan -1.34447 nan nan nan
1 90 0.225746 -0.185828 85106.5 0.240781 0.225746 0.259027 0.274445 0.0031953 -0.185828 0.115691 0.16685 11095.5 85106.5 2398.27 3420.52 nan 90.1944 nan nan nan -79195.2 nan nan nan 0.305209 nan nan
3 40 0.274078 0.185974 3369.02 0.240459 0.226783 0.258681 0.274078 0.0031953 -0.185828 0.115691 0.185974 11095.5 85106.5 2398.27 3369.02 nan nan nan 39.8331 nan nan nan -1833.84 nan nan nan 0.681081
2 0 0.257341 0.115625 2330.93 0.239214 0.225608 0.257341 0.277837 0.0031953 -0.185828 0.115625 0.185974 11095.5 85106.5 2330.93 3369.02 nan nan -0.115691 nan nan nan -2398.25 nan nan nan -0.00236239 nan
3 60 0.277876 0.214909 3374.88 0.239248 0.22564 0.257236 0.277876 0.0031953 -0.185828 0.115625 0.214909 11095.5 85106.5 2330.93 3374.88 nan nan nan 59.814 nan nan nan 208.693 nan nan nan 1.03051
3 40 0.283727 0.234139 3324.57 0.237309 0.223812 0.255152 0.283727 0.0031953 -0.185828 0.115625 0.234139 11095.5 85106.5 2330.93 3324.57 nan nan nan 39.7851 nan nan nan -1792.03 nan nan nan 0.684843
3 45 0.287589 0.255939 3287.49 0.23603 0.222606 0.253776 0.287589 0.0031953 -0.185828 0.115625 0.255939 11095.5 85106.5 2330.93 3287.49 nan nan nan 44.7659 nan nan nan -1320.58 nan nan nan 0.776389
3 55 0.292029 0.282747 3279.33 0.234559 0.221218 0.252194 0.292029 0.0031953 -0.185828 0.115625 0.282747 11095.5 85106.5 2330.93 3279.33 nan nan nan 54.7441 nan nan nan -290.574 nan nan nan 0.954784
3 65 0.297592 0.31448 3304.85 0.232716 0.21948 0.250213 0.297592 0.0031953 -0.185828 0.115625 0.31448 11095.5 85106.5 2330.93 3304.85 nan nan nan 64.7173 nan nan nan 908.995 nan nan nan 1.13013
1 100 0.217384 -0.176185 82998.7 0.230493 0.217384 0.247823 0.3043 0.0031953 -0.176185 0.115625 0.31448 11095.5 82998.7 2330.93 3304.85 nan 100.186 nan nan nan -75069.3 nan nan nan 0.343419 nan nan
3 70 0.30383 0.348516 3348.41 0.230137 0.218594 0.24744 0.30383 0.0031953 -0.176185 0.115625 0.348516 11095.5 82998.7 2330.93 3348.41 nan nan nan 69.6855 nan nan nan 1551.22 nan nan nan 1.21218
3 50 0.311133 0.372609 3323.61 0.227722 0.2163 0.244844 0.311133 0.0031953 -0.176185 0.115625 0.372609 11095.5 82998.7 2330.93 3323.61 nan nan nan 49.6515 nan nan nan -883.137 nan nan nan 0.858051
1 120 0.214682 -0.164472 81073.7 0.226018 0.214682 0.243012 0.316288 0.0031953 -0.164472 0.115625 0.372609 11095.5 81073.7 2330.93 3323.61 nan 120.176 nan nan nan -68556.4 nan nan nan 0.417141 nan nan
3 -205 0.315651 0.272583 4414.58 0.225563 0.216264 0.242522 0.315651 0.0031953 -0.164472 0.115625 0.272583 11095.5 81073.7 2330.93 4414.58 nan nan nan -205.373 nan nan nan 38854.3 nan nan nan -3.56236
1 -1630 0.222559 -0.325196 153384 0.232128 0.222559 0.249581 0.295732 0.0031953 -0.325196 0.115625 0.272583 11095.5 153384 2330.93 4414.58 nan -1629.84 nan nan nan 2.57529e+06 nan nan nan -5.72405 nan nan
0 -260 0.23646 -0.0661123 12682.1 0.23646 0.208052 0.254238 0.301251 -0.0661123 -0.325196 0.115625 0.272583 12682.1 153384 2330.93 4414.58 -260.003 nan nan nan 56506.2 nan nan nan -2.46834 nan nan nan
2 45 0.258033 0.141729 2322.05 0.225063 0.211157 0.258033 0.305747 -0.0661123 -0.325196 0.141729 0.272583 12682.1 153384 2322.05 4414.58 nan nan 44.8844 nan nan nan -316.322 nan nan nan 0.929674 nan
3 60 0.30368 0.297824 4390.8 0.223541 0.209729 0.26305 0.30368 -0.0661123 -0.325196 0.141729 0.297824 12682.1 153384 2322.05 4390.8 nan nan nan 59.7274 nan nan nan -847.22 nan nan nan 0.898936
0 110 0.221828 -0.0386692 12666.2 0.221828 0.208122 0.261033 0.309017 -0.0386692 -0.325196 0.141729 0.297824 12666.2 153384 2322.05 4390.8 110.066 nan nan nan -567.55 nan nan nan 0.977368 nan nan nan
2 10 0.259435 0.147473 2259.58 0.226593 0.206847 0.259435 0.307125 -0.0386692 -0.325196 0.147473 0.297824 12666.2 153384 2259.58 4390.8 nan nan 9.85827 nan nan nan -2224.86 nan nan nan 0.204581 nan
1 110 0.206563 -0.317286 149419 0.226282 0.206563 0.260452 0.306703 -0.0386692 -0.317286 0.147473 0.297824 12666.2 149419 2259.58 4390.8 nan 110.325 nan nan nan -141213 nan nan nan 0.281698 nan nan
3 55 0.306427 0.321004 4351.53 0.226078 0.207276 0.260218 0.306427 -0.0386692 -0.317286 0.147473 0.321004 12666.2 149419 2259.58 4351.53 nan nan nan 54.7022 nan nan nan -1398.47 nan nan nan 0.82553
2 -10 0.258379 0.141479 2199.02 0.22448 0.205811 0.258379 0.311331 -0.0386692 -0.317286 0.141479 0.321004 12666.2 149419 2199.02 4351.53 nan nan -10.1475 nan nan nan -2156.6 nan nan nan -0.213474 nan
1 140 0.206153 -0.307093 145777 0.224853 0.206153 0.257146 0.311849 -0.0386692 -0.307093 0.141479 0.321004 12666.2 145777 2199.02 4351.53 nan 140.317 nan nan nan -129730 nan nan nan 0.363001 nan nan
1 130 0.20728 -0.29751 142160 0.224534 0.20728 0.256781 0.311406 -0.0386692 -0.29751 0.141479 0.321004 12666.2 142160 2199.02 4351.53 nan 130.307 nan nan nan -128797 nan nan nan 0.341291 nan nan
0 -220 0.224242 -0.0935473 13669 0.224242 0.208308 0.256448 0.311002 -0.0935473 -0.29751 0.141479 0.321004 13669 142160 2199.02 4351.53 -219.961 nan nan nan 35716.8 nan nan nan -1.95445 nan nan nan
1 100 0.210694 -0.290041 138451 0.215357 0.210694 0.259385 0.314564 -0.0935473 -0.290041 0.141479 0.321004 13669 138451 2199.02 4351.53 nan 100.298 nan nan nan -132101 nan nan nan 0.266012 nan nan
3 65 0.314298 0.348534 4346.81 0.215175 0.211361 0.259166 0.314298 -0.0935473 -0.290041 0.141479 0.348534 13669 138451 2199.02 4346.81 nan nan nan 64.679 nan nan nan -168.156 nan nan nan 0.980488
3 80 0.320256 0.382457 4402.9 0.213306 0.209524 0.256914 0.320256 -0.0935473 -0.290041 0.141479 0.382457 13669 138451 2199.02 4402.9 nan nan nan 79.6515 nan nan nan 1997.55 nan nan nan 1.20812
1 110 0.207214 -0.281718 134905 0.210954 0.207214 0.254081 0.327751 -0.0935473 -0.281718 0.141479 0.382457 13669 134905 2199.02 4402.9 nan 110.29 nan nan nan -126287 nan nan nan 0.296407 nan nan
3 40 0.327413 0.399221 4323.34 0.210736 0.208031 0.25382 0.327413 -0.0935473 -0.281718 0.141479 0.399221 13669 134905 2199.02 4323.34 nan nan nan 39.6175 nan nan nan -2833.35 nan nan nan 0.597061
1 120 0.206915 -0.272523 131523 0.209606 0.206915 0.252458 0.331022 -0.0935473 -0.272523 0.141479 0.399221 13669 131523 2199.02 4323.34 nan 120.282 nan nan nan -120437 nan nan nan 0.327481 nan nan
3 80 0.330614 0.433214 4379.86 0.209347 0.207893 0.252146 0.330614 -0.0935473 -0.272523 0.141479 0.433214 13669 131523 2199.02 4379.86 nan nan nan 79.6008 nan nan nan 2012.95 nan nan nan 1.21062
3 40 0.338246 0.450001 4300.84 0.20696 0.205523 0.249271 0.338246 -0.0935473 -0.272523 0.141479 0.450001 13669 131523 2199.02 4300.84 nan nan nan 39.5668 nan nan nan -2814.33 nan nan nan 0.597862
3 65 0.34192 0.477638 4297.07 0.205811 0.204382 0.247887 0.34192 -0.0935473 -0.272523 0.141479 0.477638 13669 131523 2199.02 4297.07 nan nan nan 64.55 nan nan nan -134.135 nan nan nan 0.984282
1 120 0.202444 -0.263211 128236 0.203859 0.202444 0.245536 0.348161 -0.0935473 -0.263211 0.141479 0.477638 13669 128236 2199.02 4297.07 nan 120.273 nan nan nan -117058 nan nan nan 0.331639 nan nan
3 -245 0.347728 0.37249 5868.41 0.203606 0.203434 0.245232 0.347728 -0.0935473 -0.263211 0.141479 0.37249 13669 128236 2199.02 5868.41 nan nan nan -245.478 nan nan nan 55962.2 nan nan nan -3.74477
1 140 0.210219 -0.252213 125188 0.210397 0.210219 0.253411 0.325974 -0.0935473 -0.252213 0.141479 0.37249 13669 125188 2199.02 5868.41 nan 140.263 nan nan nan -108563 nan nan nan 0.391686 nan nan
0 90 0.210042 -0.0719102 13513.1 0.210042 0.21155 0.252983 0.325425 -0.0719102 -0.252213 0.141479 0.37249 13513.1 125188 2199.02 5868.41 90.0935 nan nan nan -5552.19 nan nan nan 0.770592 nan nan nan
1 110 0.210604 -0.243464 122014 0.213576 0.210604 0.251852 0.323969 -0.0719102 -0.243464 0.141479 0.37249 13513.1 122014 2199.02 5868.41 nan 110.252 nan nan nan -113033 nan nan nan 0.311606 nan nan
1 130 0.211534 -0.232994 119065 0.213324 0.211534 0.251555 0.323587 -0.0719102 -0.232994 0.141479 0.37249 13513.1 119065 2199.02 5868.41 nan 130.243 nan nan nan -105051 nan nan nan 0.372864 nan nan
1 -1860 0.212787 -0.38433 212838 0.212985 0.212787 0.251155 0.323073 -0.0719102 -0.38433 0.141479 0.37249 13513.1 212838 2199.02 5868.41 nan -1859.77 nan nan nan 3.33967e+06 nan nan nan -5.38973 nan nan
2 55 0.254818 0.174327 2221.78 0.216091 0.201307 0.254818 0.327784 -0.0719102 -0.38433 0.174327 0.37249 13513.1 212838 2221.78 5868.41 nan nan 54.8585 nan nan nan 810.436 nan nan nan 1.16985 nan
3 60 0.325004 0.394346 5803.47 0.214259 0.199599 0.261138 0.325004 -0.0719102 -0.38433 0.174327 0.394346 13513.1 212838 2221.78 5803.47 nan nan nan 59.6275 nan nan nan -2312.97 nan nan nan 0.778371
2 30 0.259301 0.192094 2184.37 0.212752 0.198196 0.259301 0.329751 -0.0719102 -0.38433 0.192094 0.394346 13513.1 212838 2184.37 5803.47 nan nan 29.8257 nan nan nan -1332.21 nan nan nan 0.632761 nan
3 65 0.32825 0.418158 5757.71 0.211783 0.197293 0.262674 0.32825 -0.0719102 -0.38433 0.192094 0.418158 13513.1 212838 2184.37 5757.71 nan nan nan 64.6057 nan nan nan -1629.58 nan nan nan 0.84806
3 75 0.333475 0.445756 5752.23 0.210136 0.195759 0.260631 0.333475 -0.0719102 -0.38433 0.192094 0.445756 13513.1 212838 2184.37 5752.23 nan nan nan 74.5818 nan nan nan -195.259 nan nan nan 0.982897
3 60 0.339631 0.467804 5690.3 0.208195 0.19395 0.258224 0.339631 -0.0719102 -0.38433 0.192094 0.467804 13513.1 212838 2184.37 5690.3 nan nan nan 59.5542 nan nan nan -2205.52 nan nan nan 0.785226
0 -150 0.206651 -0.108124 13764.9 0.206651 0.192512 0.256308 0.344529 -0.108124 -0.38433 0.192094 0.467804 13764.9 212838 2184.37 5690.3 -149.928 nan nan nan 8965.29 nan nan nan -1.28975 nan nan nan
2 -10 0.258167 0.185971 2125.95 0.200898 0.193908 0.258167 0.347027 -0.108124 -0.38433 0.185971 0.467804 13764.9 212838 2125.95 5690.3 nan nan -10.1921 nan nan nan -2080.49 nan nan nan -0.218072 nan
3 65 0.347614 0.491825 5647.45 0.201237 0.194236 0.256912 0.347614 -0.108124 -0.38433 0.185971 0.491825 13764.9 212838 2125.95 5647.45 nan nan nan 64.5322 nan nan nan -1525.9 nan nan nan 0.855478
3 -250 0.353036 0.398232 7250.71 0.199565 0.192622 0.254777 0.353036 -0.108124 -0.38433 0.185971 0.398232 13764.9 212838 2125.95 7250.71 nan nan nan -250.492 nan nan nan 57098.7 nan nan nan -3.33324
2 45 0.262463 0.213261 2122.65 0.205585 0.198433 0.262463 0.333519 -0.108124 -0.38433 0.213261 0.398232 13764.9 212838 2122.65 7250.71 nan nan 44.814 nan nan nan -117.656 nan nan nan 0.971935 nan
1 120 0.197004 -0.377004 207269 0.204105 0.197004 0.267775 0.331117 -0.108124 -0.377004 0.213261 0.398232 13764.9 207269 2122.65 7250.71 nan 120.384 nan nan nan -198346 nan nan nan 0.260943 nan nan
1 110 0.19749 -0.370196 201791 0.203981 0.19749 0.267613 0.330916 -0.108124 -0.370196 0.213261 0.398232 13764.9 201791 2122.65 7250.71 nan 110.377 nan nan nan -195086 nan nan nan 0.242444 nan nan
1 130 0.197898 -0.362047 196602 0.203877 0.197898 0.267477 0.330748 -0.108124 -0.362047 0.213261 0.398232 13764.9 196602 2122.65 7250.71 nan 130.37 nan nan nan -184795 nan nan nan 0.29022 nan nan
1 150 0.198546 -0.352525 191717 0.203713 0.198546 0.267261 0.330481 -0.108124 -0.352525 0.213261 0.398232 13764.9 191717 2122.65 7250.71 nan 150.362 nan nan nan -173993 nan nan nan 0.339113 nan nan
1 110 0.199445 -0.345449 186675 0.203484 0.199445 0.266961 0.33011 -0.108124 -0.345449 0.213261 0.398232 13764.9 186675 2122.65 7250.71 nan 110.353 nan nan nan -179539 nan nan nan 0.25203 nan nan
0 100 0.25 0.0280786 10000 0.25 0.25 0.25 0.25 0.0280786 0 0 0 10000 1 1 1 100 nan nan nan 0 nan nan nan 1 nan nan nan
1 250 0.243767 0.0280786 62500 0.268698 0.243767 0.243767 0.243767 0.0280786 0.0280786 0 0 10000 62500 1 1 nan 250 nan nan nan 0 nan nan nan 1 nan nan
2 250 0.23113 0.0280786 62500 0.254768 0.282971 0.23113 0.23113 0.0280786 0.0280786 0.0280786 0 10000 62500 62500 1 nan nan 250 nan nan nan 0 nan nan nan 1 nan
3 100 0.219739 0.0280786 10000 0.242212 0.269025 0.269025 0.219739 0.0280786 0.0280786 0.0280786 0.0280786 10000 62500 62500 10000 nan nan nan 100 nan nan nan 0 nan nan nan 1
1 220 0.263112 0.0527846 62103.7 0.236888 0.263112 0.263112 0.236888 0.0280786 0.0527846 0.0280786 0.0280786 10000 62103.7 62500 10000 nan 219.972 nan nan nan -14112.4 nan nan nan 0.879888 nan nan
2 220 0.26143 0.0527846 62103.7 0.235374 0.267821 0.26143 0.235374 0.0280786 0.0527846 0.0527846 0.0280786 10000 62103.7 62103.7 10000 nan nan 219.972 nan nan nan -14112.4 nan nan nan 0.879888 nan
1 80 0.26612 0.0617924 60539.4 0.23388 0.26612 0.26612 0.23388 0.0280786 0.0617924 0.0527846 0.0280786 10000 60539.4 62103.7 10000 nan 79.9472 nan nan nan -55712.2 nan nan nan 0.320807 nan nan
2 265 0.265638 0.0826368 62331 0.233456 0.26745 0.265638 0.233456 0.0280786 0.0617924 0.0826368 0.0280786 10000 60539.4 62331 10000 nan nan 264.947 nan nan nan 8093.28 nan nan nan 1.06316 nan
2 108 0.271565 0.0947739 60907.8 0.231572 0.265291 0.271565 0.231572 0.0280786 0.0617924 0.0947739 0.0280786 10000 60539.4 60907.8 10000 nan nan 107.917 nan nan nan -50684.8 nan nan nan 0.432254 nan
2 108 0.273574 0.107051 59524.6 0.230933 0.26456 0.273574 0.230933 0.0280786 0.0617924 0.107051 0.0280786 10000 60539.4 59524.6 10000 nan nan 107.905 nan nan nan -49264.3 nan nan nan 0.437226 nan
2 -673 0.275626 0.0295845 70574.9 0.230281 0.263812 0.275626 0.230281 0.0280786 0.0617924 0.0295845 0.0280786 10000 60539.4 70574.9 10000 nan nan -673.107 nan nan nan 393549 nan nan nan -2.7589 nan
2 235 0.263365 0.0544195 70143.5 0.234179 0.268278 0.263365 0.234179 0.0280786 0.0617924 0.0544195 0.0280786 10000 60539.4 70143.5 10000 nan nan 234.97 nan nan nan -15363.8 nan nan nan 0.88448 nan
2 90 0.2681 0.0639554 68401.1 0.232673 0.266553 0.2681 0.232673 0.0280786 0.0617924 0.0639554 0.0280786 10000 60539.4 68401.1 10000 nan nan 89.9456 nan nan nan -62053.3 nan nan nan 0.339615 nan
2 117 0.269519 0.0765097 66864.4 0.232222 0.266037 0.269519 0.232222 0.0280786 0.0617924 0.0765097 0.0280786 10000 60539.4 66864.4 10000 nan nan 116.936 nan nan nan -54727.1 nan nan nan 0.447113 nan
2 -470 0.271588 0.0254655 71191.6 0.231564 0.265283 0.271588 0.231564 0.0280786 0.0617924 0.0254655 0.0280786 10000 60539.4 71191.6 10000 nan nan -470.077 nan nan nan 154107 nan nan nan -1.8179 nan
2 265 0.262724 0.0533501 71164 0.234382 0.268511 0.262724 0.234382 0.0280786 0.0617924 0.0533501 0.0280786 10000 60539.4 71164 10000 nan nan 264.975 nan nan nan -980.052 nan nan nan 0.993093 nan
2 250 0.268154 0.0796584 70920 0.232656 0.266534 0.268154 0.232656 0.0280786 0.0617924 0.0796584 0.0280786 10000 60539.4 70920 10000 nan nan 249.947 nan nan nan -8690.71 nan nan nan 0.936951 nan
2 285 0.273284 0.109699 71208.1 0.231025 0.264665 0.273284 0.231025 0.0280786 0.0617924 0.109699 0.0280786 10000 60539.4 71208.1 10000 nan nan 284.92 nan nan nan 10259.6 nan nan nan 1.06989 nan
2 90 0.279367 0.119158 69435.5 0.229091 0.26245 0.279367 0.229091 0.0280786 0.0617924 0.119158 0.0280786 10000 60539.4 69435.5 10000 nan nan 89.8903 nan nan nan -63127.8 nan nan nan 0.336859 nan
2 -606 0.280803 0.0545713 77801.4 0.228635 0.261927 0.280803 0.228635 0.0280786 0.0617924 0.0545713 0.0280786 10000 60539.4 77801.4 10000 nan nan -606.119 nan nan nan 297945 nan nan nan -2.30021 nan
3 117 0.232048 0.0609227 10103.4 0.232048 0.265836 0.270068 0.232048 0.0280786 0.0617924 0.0545713 0.0609227 10000 60539.4 77801.4 10103.4 nan nan nan 116.972 nan nan nan 3682.43 nan nan nan 1.16972
0 -130 0.230244 -0.00843146 10193.9 0.230244 0.26377 0.267969 0.238017 -0.00843146 0.0617924 0.0545713 0.0609227 10193.9 60539.4 77801.4 10103.4 -130.028 nan nan nan 6907.3 nan nan nan -1.30028 nan nan nan
1 280 0.265925 0.0937386 61040 0.223954 0.265925 0.270159 0.239962 -0.00843146 0.0937386 0.0545713 0.0609227 10193.9 61040 77801.4 10103.4 nan 279.938 nan nan nan 17826 nan nan nan 1.13774 nan nan
2 84 0.267795 0.0630218 75814.7 0.221995 0.272349 0.267795 0.237862 -0.00843146 0.0937386 0.0630218 0.0609227 10193.9 61040 75814.7 10103.4 nan nan 83.9454 nan nan nan -70754.6 nan nan nan 0.300956 nan
1 110 0.271915 0.106229 59665.2 0.221641 0.271915 0.268961 0.237483 -0.00843146 0.106229 0.0630218 0.0609227 10193.9 59665.2 75814.7 10103.4 nan 109.906 nan nan nan -48960.6 nan nan nan 0.444852 nan nan
3 30 0.236802 0.069286 9844.88 0.221005 0.274005 0.268189 0.236802 -0.00843146 0.106229 0.0630218 0.069286 10193.9 59665.2 75814.7 9844.88 nan nan nan 29.9391 nan nan nan -9207.05 nan nan nan 0.297855
3 280 0.238152 0.148503 11768.7 0.220613 0.27352 0.267715 0.238152 -0.00843146 0.106229 0.0630218 0.148503 10193.9 59665.2 75814.7 11768.7 nan nan nan 279.931 nan nan nan 68516.3 nan nan nan 2.82127
3 -15 0.254048 0.144583 11444.7 0.21601 0.267813 0.262129 0.254048 -0.00843146 0.106229 0.0630218 0.144583 10193.9 59665.2 75814.7 11444.7 nan nan nan -15.1485 nan nan nan -11539.2 nan nan nan -0.139638
3 90 0.253107 0.168167 11350.1 0.216283 0.268151 0.262459 0.253107 -0.00843146 0.106229 0.0630218 0.168167 10193.9 59665.2 75814.7 11350.1 nan nan nan 89.8554 nan nan nan -3370.72 nan nan nan 0.839928
3 -520 0.257532 0.0310721 18628.7 0.215002 0.266562 0.260904 0.257532 -0.00843146 0.106229 0.0630218 0.0310721 10193.9 59665.2 75814.7 18628.7 nan nan nan -520.168 nan nan nan 259225 nan nan nan -4.88253
3 280 0.235958 0.0886683 20306.5 0.221249 0.274308 0.268485 0.235958 -0.00843146 0.106229 0.0630218 0.0886683 10193.9 59665.2 75814.7 20306.5 nan nan nan 279.969 nan nan nan 59753.9 nan nan nan 2.05125
3 -250 0.247282 0.0393905 21492.5 0.21797 0.270242 0.264506 0.247282 -0.00843146 0.106229 0.0630218 0.0393905 10193.9 59665.2 75814.7 21492.5 nan nan nan -250.089 nan nan nan 42237.8 nan nan nan -1.755
3 -362 0.238746 -0.0299501 24569.4 0.220442 0.273307 0.267506 0.238746 -0.00843146 0.106229 0.0630218 -0.0299501 10193.9 59665.2 75814.7 24569.4 nan nan nan -362.039 nan nan nan 109580 nan nan nan -2.46952
1 -775 0.277302 0.0171297 74859.2 0.223664 0.277302 0.271416 0.227618 -0.00843146 0.0171297 0.0630218 -0.0299501 10193.9 74859.2 75814.7 24569.4 nan -775.106 nan nan nan 541124 nan nan nan -3.17322 nan nan
3 108 0.231879 -0.0105983 24207.2 0.227851 0.263773 0.276497 0.231879 -0.00843146 0.0171297 0.0630218 -0.0105983 10193.9 74859.2 75814.7 24207.2 nan nan nan 108.03 nan nan nan -12898.9 nan nan nan 0.689203
2 99 0.275302 0.073111 73960.8 0.226866 0.262634 0.275302 0.235198 -0.00843146 0.0171297 0.073111 -0.0105983 10193.9 74859.2 73960.8 24207.2 nan nan 98.937 nan nan nan -66026.2 nan nan nan 0.35932 nan
0 265 0.226383 0.0652679 11879.7 0.226383 0.262075 0.276845 0.234697 0.0652679 0.0171297 0.073111 -0.0105983 11879.7 74859.2 73960.8 24207.2 265.008 nan nan nan 60035.5 nan nan nan 2.62475 nan nan nan
0 -145 0.240576 0.0278967 12137 0.240576 0.257267 0.271766 0.230392 0.0278967 0.0171297 0.073111 -0.0105983 12137 74859.2 73960.8 24207.2 -145.065 nan nan nan 9164.27 nan nan nan -1.33095 nan nan nan
3 -177 0.232398 -0.0425394 24407.1 0.233961 0.259507 0.274133 0.232398 0.0278967 0.0171297 0.073111 -0.0425394 12137 74859.2 73960.8 24407.1 nan nan nan -176.989 nan nan nan 7118.06 nan nan nan -1.13756
3 -425 0.226828 -0.118917 28792.4 0.235659 0.261391 0.276123 0.226828 0.0278967 0.0171297 0.073111 -0.118917 12137 74859.2 73960.8 28792.4 nan nan nan -424.957 nan nan nan 156182 nan nan nan -2.72012
3 295 0.2153 -0.0700813 30429.5 0.239173 0.265288 0.280239 0.2153 0.0278967 0.0171297 0.073111 -0.0700813 12137 74859.2 73960.8 30429.5 nan nan nan 295.119 nan nan nan 58302.8 nan nan nan 1.73923
3 5 0.224244 -0.0692652 29575.8 0.236447 0.262264 0.277045 0.224244 0.0278967 0.0171297 0.073111 -0.0692652 12137 74859.2 73960.8 29575.8 nan nan nan 5.07008 nan nan nan -30403.8 nan nan nan 0.0290648
3 295 0.224085 -0.0210891 31190 0.236495 0.262318 0.277102 0.224085 0.0278967 0.0171297 0.073111 -0.0210891 12137 74859.2 73960.8 31190 nan nan nan 295.069 nan nan nan 57490.1 nan nan nan 1.71576
3 -175 0.233152 -0.0489089 31174 0.233732 0.259252 0.273864 0.233152 0.0278967 0.0171297 0.073111 -0.0489089 12137 74859.2 73960.8 31174 nan nan nan -174.979 nan nan nan -572.409 nan nan nan -0.990781
3 -290 0.22821 -0.0950198 32659.2 0.235238 0.260923 0.275629 0.22821 0.0278967 0.0171297 0.073111 -0.0950198 12137 74859.2 73960.8 32659.2 nan nan nan -289.951 nan nan nan 52897.7 nan nan nan -1.64221
2 117 0.278314 0.0851832 72268 0.23753 0.263466 0.278314 0.22069 0.0278967 0.0171297 0.0851832 -0.0950198 12137 74859.2 72268 32659.2 nan nan 116.927 nan nan nan -60288.9 nan nan nan 0.429946 nan
2 134 0.280303 0.0991705 70742.3 0.236875 0.262739 0.280303 0.220082 0.0278967 0.0171297 0.0991705 -0.0950198 12137 74859.2 70742.3 32659.2 nan nan 133.915 nan nan nan -54334.8 nan nan nan 0.498145 nan
2 -448 0.282729 0.0518651 74394 0.236077 0.261854 0.282729 0.21934 0.0278967 0.0171297 0.0518651 -0.0950198 12137 74859.2 74394 32659.2 nan nan -448.099 nan nan nan 130051 nan nan nan -1.68475 nan
3 250 0.221955 -0.0561621 33498.5 0.238891 0.264976 0.274178 0.221955 0.0278967 0.0171297 0.0518651 -0.0561621 12137 74859.2 74394 33498.5 nan nan nan 250.095 nan nan nan 29888.3 nan nan nan 1.38389
1 80 0.262569 0.025338 72936.9 0.236721 0.262569 0.271687 0.229023 0.0278967 0.025338 0.0518651 -0.0561621 12137 72936.9 74394 33498.5 nan 79.9829 nan nan nan -68462 nan nan nan 0.292331 nan nan
0 235 0.236364 0.0877843 13346.5 0.236364 0.26368 0.271278 0.228677 0.0877843 0.025338 0.0518651 -0.0561621 13346.5 72936.9 74394 33498.5 234.972 nan nan nan 43074.9 nan nan nan 2.13285 nan nan nan
0 100 0.248043 0.112068 13252 0.248043 0.259648 0.267129 0.22518 0.112068 0.025338 0.0518651 -0.0561621 13252 72936.9 74394 33498.5 99.9122 nan nan nan -3364.01 nan nan nan 0.864839 nan nan nan
3 -236 0.223832 -0.092359 34121 0.252546 0.258093 0.265529 0.223832 0.112068 0.025338 0.0518651 -0.092359 13252 72936.9 74394 34121 nan nan nan -235.944 nan nan nan 22171 nan nan nan -1.28913
0 -15 0.254506 0.108382 12886.3 0.254506 0.260096 0.26759 0.217808 0.108382 0.025338 0.0518651 -0.092359 12886.3 72936.9 74394 34121 -15.1121 nan nan nan -13023.6 nan nan nan -0.131275 nan nan nan
0 120 0.253595 0.138037 12928.1 0.253595 0.260414 0.267917 0.218074 0.138037 0.025338 0.0518651 -0.092359 12928.1 72936.9 74394 34121 119.892 nan nan nan 1487.68 nan nan nan 1.05615 nan nan nan
1 280 0.258432 0.0544465 73089.9 0.259274 0.258432 0.265879 0.216415 0.138037 0.0544465 0.0518651 -0.092359 12928.1 73089.9 74394 34121 nan 279.975 nan nan nan 5448.9 nan nan nan 1.03668 nan nan
1 -1060 0.264089 -0.0556503 102590 0.257296 0.264089 0.263851 0.214764 0.138037 -0.0556503 0.0518651 -0.092359 12928.1 102590 74394 34121 nan -1060.05 nan nan nan 1.05063e+06 nan nan nan -3.92102 nan nan
0 -190 0.262311 0.0910824 13580.2 0.262311 0.249747 0.268993 0.21895 0.0910824 -0.0556503 0.0518651 -0.092359 13580.2 102590 74394 34121 -190.138 nan nan nan 23224.4 nan nan nan -1.67225 nan nan nan
2 117 0.272132 0.0639044 72689.1 0.253702 0.252661 0.272132 0.221505 0.0910824 -0.0556503 0.0639044 -0.092359 13580.2 102590 72689.1 34121 nan nan 116.948 nan nan nan -60717.1 nan nan nan 0.42877 nan
2 125 0.274085 0.076916 71086.4 0.253021 0.251983 0.274085 0.22091 0.0910824 -0.0556503 0.076916 -0.092359 13580.2 102590 71086.4 34121 nan nan 124.936 nan nan nan -57080.1 nan nan nan 0.463397 nan
0 -90 0.252262 0.0693751 13426.8 0.252262 0.251227 0.276263 0.220248 0.0693751 -0.0556503 0.076916 -0.092359 13426.8 102590 71086.4 34121 -90.0911 nan nan nan -5463.8 nan nan nan -0.773088 nan nan nan
1 285 0.252624 -0.0306611 101991 0.248103 0.252624 0.2778 0.221473 0.0693751 -0.0306611 0.076916 -0.092359 13426.8 101991 71086.4 34121 nan 285.056 nan nan nan -21333.3 nan nan nan 0.889974 nan nan
1 110 0.257246 -0.0209871 99467.2 0.246569 0.257246 0.276082 0.220103 0.0693751 -0.0209871 0.076916 -0.092359 13426.8 99467.2 71086.4 34121 nan 110.031 nan nan nan -89884.2 nan nan nan 0.344535 nan nan
1 250 0.258565 0.00127224 98429.5 0.246131 0.258565 0.275591 0.219712 0.0693751 0.00127224 0.076916 -0.092359 13426.8 98429.5 71086.4 34121 nan 250.021 nan nan nan -36956.7 nan nan nan 0.792751 nan nan
1 90 0.262632 0.00932694 95893.1 0.244781 0.262632 0.27408 0.218507 0.0693751 0.00932694 0.076916 -0.092359 13426.8 95893.1 71086.4 34121 nan 89.9987 nan nan nan -90329.7 nan nan nan 0.286863 nan nan
3 280 0.218208 -0.0497829 35365.7 0.244446 0.263641 0.273705 0.218208 0.0693751 0.00932694 0.076916 -0.0497829 13426.8 95893.1 71086.4 35365.7 nan nan nan 280.092 nan nan nan 44330.7 nan nan nan 1.51632
2 210 0.270988 0.0990236 70327.7 0.24202 0.261025 0.270988 0.225967 0.0693751 0.00932694 0.0990236 -0.0497829 13426.8 95893.1 70327.7 35365.7 nan nan 209.923 nan nan nan -27018.7 nan nan nan 0.787348 nan
3 5 0.224668 -0.049029 34373.4 0.240629 0.259525 0.275179 0.224668 0.0693751 0.00932694 0.0990236 -0.049029 13426.8 95893.1 70327.7 34373.4 nan nan nan 5.04978 nan nan nan -35340.2 nan nan nan 0.0268523
3 108 0.224475 -0.0326651 33736.1 0.240689 0.259589 0.275247 0.224475 0.0693751 0.00932694 0.0990236 -0.0326651 13426.8 95893.1 70327.7 33736.1 nan nan nan 108.049 nan nan nan -22698.8 nan nan nan 0.582786
2 152 0.274307 0.115107 69000.9 0.239867 0.258702 0.274307 0.227125 0.0693751 0.00932694 0.115107 -0.0326651 13426.8 95893.1 69000.9 33736.1 nan nan 151.901 nan nan nan -47253.8 nan nan nan 0.572792 nan
2 -553 0.277167 0.0559828 75653.7 0.238921 0.257683 0.277167 0.226229 0.0693751 0.00932694 0.0559828 -0.0326651 13426.8 95893.1 75653.7 33736.1 nan nan -553.115 nan nan nan 236935 nan nan nan -2.10566 nan
3 45 0.229358 -0.0257809 32845.8 0.242225 0.261246 0.267171 0.229358 0.0693751 0.00932694 0.0559828 -0.0257809 13426.8 95893.1 75653.7 32845.8 nan nan nan 45.0327 nan nan nan -31708.1 nan nan nan 0.245177
3 -243 0.230274 -0.0634249 33581.2 0.241937 0.260935 0.266854 0.230274 0.0693751 0.00932694 0.0559828 -0.0634249 13426.8 95893.1 75653.7 33581.2 nan nan nan -242.974 nan nan nan 26190.7 nan nan nan -1.34067
1 -905 0.263091 -0.0727337 116198 0.243936 0.263091 0.269058 0.223915 0.0693751 -0.0727337 0.0559828 -0.0634249 13426.8 116198 75653.7 33581.2 nan -905.009 nan nan nan 723149 nan nan nan -2.92253 nan nan
0 265 0.247745 0.133573 15020.6 0.247745 0.251585 0.27326 0.227411 0.133573 -0.0727337 0.0559828 -0.0634249 15020.6 116198 75653.7 33581.2 264.931 nan nan nan 56761.5 nan nan nan 2.28637 nan nan nan
0 -130 0.260803 0.103759 15074.3 0.260803 0.247218 0.268516 0.223463 0.103759 -0.0727337 0.0559828 -0.0634249 15074.3 116198 75653.7 33581.2 -130.134 nan nan nan 1914.18 nan nan nan -1.06181 nan nan nan
2 300 0.270578 0.0866025 76055.6 0.255125 0.249116 0.270578 0.22518 0.103759 -0.0727337 0.0866025 -0.0634249 15074.3 116198 76055.6 33581.2 nan nan 299.944 nan nan nan 14312.7 nan nan nan 1.0905 nan
2 108 0.276766 0.0975897 74247.1 0.252961 0.247003 0.276766 0.22327 0.103759 -0.0727337 0.0975897 -0.0634249 15074.3 116198 74247.1 33581.2 nan nan 107.913 nan nan nan -64410.3 nan nan nan 0.3913 nan
2 125 0.278507 0.11046 72600.4 0.252352 0.246409 0.278507 0.222732 0.103759 -0.0727337 0.11046 -0.0634249 15074.3 116198 72600.4 33581.2 nan nan 124.902 nan nan nan -58646.5 nan nan nan 0.458386 nan
2 -448 0.280671 0.0637633 76200.1 0.251595 0.24567 0.280671 0.222064 0.103759 -0.0727337 0.0637633 -0.0634249 15074.3 116198 76200.1 33581.2 nan nan -448.11 nan nan nan 128203 nan nan nan -1.66309 nan
0 285 0.254539 0.168913 16930.1 0.254539 0.248544 0.272254 0.224662 0.168913 -0.0727337 0.0637633 -0.0634249 16930.1 116198 76200.1 33581.2 284.896 nan nan nan 66091.6 nan nan nan 2.32043 nan nan nan
1 280 0.244021 -0.0496637 115138 0.268105 0.244021 0.2673 0.220574 0.168913 -0.0496637 0.0637633 -0.0634249 16930.1 115138 76200.1 33581.2 nan 280.073 nan nan nan -37757.4 nan nan nan 0.82162 nan nan
2 154 0.265858 0.0794213 74725.9 0.266659 0.248098 0.265858 0.219384 0.168913 -0.0496637 0.0794213 -0.0634249 16930.1 115138 74725.9 33581.2 nan nan 153.936 nan nan nan -52503.7 nan nan nan 0.557652 nan
3 -383 0.218578 -0.1221 36755.7 0.265679 0.247187 0.268556 0.218578 0.168913 -0.0496637 0.0794213 -0.1221 16930.1 115138 74725.9 36755.7 nan nan nan -382.937 nan nan nan 113059 nan nan nan -2.08968
0 -50 0.268697 0.158087 16525.4 0.268697 0.249994 0.271607 0.209702 0.158087 -0.0496637 0.0794213 -0.1221 16525.4 115138 74725.9 36755.7 -50.1689 nan nan nan -14413.2 nan nan nan -0.385572 nan nan nan
1 295 0.250793 -0.0252485 114349 0.266361 0.250793 0.272474 0.210372 0.158087 -0.0252485 0.0794213 -0.1221 16525.4 114349 74725.9 36755.7 nan 295.05 nan nan nan -28083.7 nan nan nan 0.869533 nan nan
1 90 0.255253 -0.0177733 111366 0.264775 0.255253 0.270852 0.20912 0.158087 -0.0177733 0.0794213 -0.1221 16525.4 111366 74725.9 36755.7 nan 90.0252 nan nan nan -106245 nan nan nan 0.266224 nan nan
2 295 0.27055 0.109715 75069.9 0.26448 0.256084 0.27055 0.208886 0.158087 -0.0177733 0.109715 -0.1221 16525.4 111366 75069.9 36755.7 nan nan 294.921 nan nan nan 12252.3 nan nan nan 1.07887 nan
2 143 0.276658 0.124358 73535.3 0.262265 0.25394 0.276658 0.207137 0.158087 -0.0177733 0.124358 -0.1221 16525.4 111366 73535.3 36755.7 nan nan 142.89 nan nan nan -54652.3 nan nan nan 0.521519 nan
2 108 0.279201 0.135528 71797.3 0.261343 0.253047 0.279201 0.206409 0.158087 -0.0177733 0.135528 -0.1221 16525.4 111366 71797.3 36755.7 nan nan 107.876 nan nan nan -61898.2 nan nan nan 0.39781 nan
2 117 0.280998 0.147774 70164.8 0.260691 0.252416 0.280998 0.205894 0.158087 -0.0177733 0.147774 -0.1221 16525.4 111366 70164.8 36755.7 nan nan 116.864 nan nan nan -58140 nan nan nan 0.436142 nan
2 -576 0.283044 0.0867012 77515.3 0.25995 0.251698 0.283044 0.205308 0.158087 -0.0177733 0.0867012 -0.1221 16525.4 111366 77515.3 36755.7 nan nan -576.148 nan nan nan 261781 nan nan nan -2.17507 nan
2 325 0.27269 0.119469 78303 0.263704 0.255333 0.27269 0.208273 0.158087 -0.0177733 0.119469 -0.1221 16525.4 111366 78303 36755.7 nan nan 324.913 nan nan nan 28053.4 nan nan nan 1.16701 nan
2 310 0.279436 0.150563 78800.6 0.261258 0.252965 0.279436 0.206342 0.158087 -0.0177733 0.150563 -0.1221 16525.4 111366 78800.6 36755.7 nan nan 309.881 nan nan nan 17723 nan nan nan 1.1074 nan
2 143 0.285866 0.164852 77161 0.258926 0.250707 0.285866 0.2045 0.158087 -0.0177733 0.164852 -0.1221 16525.4 111366 77161 36755.7 nan nan 142.849 nan nan nan -58394.7 nan nan nan 0.508878 nan
2 -708 0.28837 0.0932688 89075.8 0.258018 0.249828 0.28837 0.203783 0.158087 -0.0177733 0.0932688 -0.1221 16525.4 111366 89075.8 36755.7 nan nan -708.165 nan nan nan 424336 nan nan nan -2.54939 nan
2 153 0.276794 0.107654 87231.1 0.262216 0.253892 0.276794 0.207098 0.158087 -0.0177733 0.107654 -0.1221 16525.4 111366 87231.1 36755.7 nan nan 152.907 nan nan nan -65695.3 nan nan nan 0.512327 nan
2 134 0.279245 0.120383 85285.2 0.261327 0.253032 0.279245 0.206396 0.158087 -0.0177733 0.120383 -0.1221 16525.4 111366 85285.2 36755.7 nan nan 133.892 nan nan nan -69304 nan nan nan 0.453336 nan
2 152 0.281345 0.134986 83538.2 0.260566 0.252295 0.281345 0.205795 0.158087 -0.0177733 0.134986 -0.1221 16525.4 111366 83538.2 36755.7 nan nan 151.88 nan nan nan -62217.8 nan nan nan 0.520071 nan
2 142 0.283879 0.148768 81757.6 0.259647 0.251405 0.283879 0.205069 0.158087 -0.0177733 0.148768 -0.1221 16525.4 111366 81757.6 36755.7 nan nan 141.865 nan nan nan -63412.5 nan nan nan 0.490832 nan
0 -100 0.25 -0.0280786 10000 0.25 0.25 0.25 0.25 -0.0280786 0 0 0 10000 1 1 1 -100 nan nan nan 0 nan nan nan -1 nan nan nan
1 -50 0.247398 -0.0280786 2500 0.257807 0.247398 0.247398 0.247398 -0.0280786 -0.0280786 0 0 10000 2500 1 1 nan -50 nan nan nan 0 nan nan nan -1 nan nan
2 -90 0.247016 -0.0280786 8100 0.25741 0.248557 0.247016 0.247016 -0.0280786 -0.0280786 -0.0280786 0 10000 2500 8100 1 nan nan -90 nan nan nan 0 nan nan nan -1 nan
3 -50 0.244911 -0.0280786 2500 0.255216 0.246438 0.253436 0.244911 -0.0280786 -0.0280786 -0.0280786 -0.0280786 10000 2500 8100 2500 nan nan nan -50 nan nan nan 0 nan nan nan -1
3 -40 0.246062 -0.0505257 2474.67 0.254826 0.246062 0.253049 0.246062 -0.0280786 -0.0280786 -0.0280786 -0.0505257 10000 2500 8100 2474.67 nan nan nan -39.9719 nan nan nan -902.245 nan nan nan -0.799438
1 -60 0.247424 -0.0617572 2530.79 0.256237 0.247424 0.25445 0.241889 -0.0280786 -0.0617572 -0.0280786 -0.0505257 10000 2530.79 8100 2474.67 nan -59.9719 nan nan nan 1096.63 nan nan nan -1.19944 nan nan
3 -45 0.243875 -0.075897 2461.91 0.25834 0.241246 0.256538 0.243875 -0.0280786 -0.0617572 -0.0280786 -0.075897 10000 2530.79 8100 2461.91 nan nan nan -44.9495 nan nan nan -454.211 nan nan nan -0.903579
3 -45 0.239211 -0.101319 2449.45 0.259934 0.242734 0.258121 0.239211 -0.0280786 -0.0617572 -0.0280786 -0.101319 10000 2530.79 8100 2449.45 nan nan nan -44.9241 nan nan nan -443.738 nan nan nan -0.905405
3 -55 0.234599 -0.132466 2465.3 0.26151 0.244206 0.259686 0.234599 -0.0280786 -0.0617572 -0.0280786 -0.132466 10000 2530.79 8100 2465.3 nan nan nan -54.8987 nan nan nan 564.412 nan nan nan -1.10924
3 -60 0.229072 -0.166321 2496.72 0.263398 0.245969 0.261561 0.229072 -0.0280786 -0.0617572 -0.0280786 -0.166321 10000 2530.79 8100 2496.72 nan nan nan -59.8675 nan nan nan 1118.82 nan nan nan -1.20575
3 -40 0.223187 -0.188705 2471.16 0.265409 0.247847 0.263558 0.223187 -0.0280786 -0.0617572 -0.0280786 -0.188705 10000 2530.79 8100 2471.16 nan nan nan -39.8337 nan nan nan -909.994 nan nan nan -0.797197
3 195 0.219299 -0.0784552 3471.53 0.266737 0.249087 0.264877 0.219299 -0.0280786 -0.0617572 -0.0280786 -0.0784552 10000 2530.79 8100 3471.53 nan nan nan 195.189 nan nan nan 35627.5 nan nan nan 3.92648
3 -50 0.239931 -0.102246 3444.03 0.259688 0.242504 0.257877 0.239931 -0.0280786 -0.0617572 -0.0280786 -0.102246 10000 2530.79 8100 3444.03 nan nan nan -49.9215 nan nan nan -979.373 nan nan nan -0.847281
1 -40 0.24389 -0.0840485 2504.52 0.261171 0.24389 0.25935 0.23559 -0.0280786 -0.0840485 -0.0280786 -0.102246 10000 2504.52 8100 3444.03 nan -39.9382 nan nan nan -935.729 nan nan nan -0.793891 nan nan
1 -30 0.239769 -0.100833 2459.32 0.262595 0.239769 0.260763 0.236874 -0.0280786 -0.100833 -0.0280786 -0.102246 10000 2459.32 8100 3444.03 nan -29.916 nan nan nan -1609.55 nan nan nan -0.597779 nan nan
3 -60 0.237841 -0.130904 3448.07 0.263667 0.236665 0.261827 0.237841 -0.0280786 -0.100833 -0.0280786 -0.130904 10000 2459.32 8100 3448.07 nan nan nan -59.8978 nan nan nan 143.706 nan nan nan -1.02065
1 -5 0.238265 -0.103607 2390.94 0.265449 0.238265 0.263597 0.232689 -0.0280786 -0.103607 -0.0280786 -0.130904 10000 2390.94 8100 3448.07 nan -4.89917 nan nan nan -2435.32 nan nan nan -0.0987903 nan nan
1 -45 0.237674 -0.129388 2380.41 0.265655 0.237674 0.263802 0.23287 -0.0280786 -0.129388 -0.0280786 -0.130904 10000 2380.41 8100 3448.07 nan -44.8964 nan nan nan -375.257 nan nan nan -0.918178 nan nan
0 -120 0.267276 -0.061765 10123.4 0.267276 0.233021 0.265412 0.234291 -0.061765 -0.129388 -0.0280786 -0.130904 10123.4 2380.41 8100 3448.07 -119.972 nan nan nan 4393.26 nan nan nan -1.19972 nan nan nan
1 -50 0.235076 -0.158089 2383.4 0.260814 0.235076 0.267753 0.236357 -0.061765 -0.158089 -0.0280786 -0.130904 10123.4 2383.4 8100 3448.07 nan -49.8706 nan nan nan 106.671 nan nan nan -1.02216 nan nan
3 -55 0.237939 -0.157141 3435.79 0.262559 0.229958 0.269544 0.237939 -0.061765 -0.158089 -0.0280786 -0.157141 10123.4 2383.4 8100 3435.79 nan nan nan -54.8691 nan nan nan -437.452 nan nan nan -0.934415
1 30 0.231388 -0.140744 2342.02 0.264191 0.231388 0.27122 0.233201 -0.061765 -0.140744 -0.0280786 -0.157141 10123.4 2342.02 8100 3435.79 nan 30.1581 nan nan nan -1473.89 nan nan nan 0.617739 nan nan
1 -35 0.234434 -0.160969 2310.38 0.263144 0.234434 0.270145 0.232277 -0.061765 -0.160969 -0.0280786 -0.157141 10123.4 2310.38 8100 3435.79 nan -34.8593 nan nan nan -1126.85 nan nan nan -0.720316 nan nan
2 40 0.271434 -0.0155905 7917.55 0.264399 0.230782 0.271434 0.233385 -0.061765 -0.160969 -0.0155905 -0.157141 10123.4 2310.38 7917.55 3435.79 nan nan 40.0281 nan nan nan -6497.75 nan nan nan 0.444756 nan
2 -120 0.273768 -0.0534526 8099.47 0.263552 0.230043 0.273768 0.232637 -0.061765 -0.160969 -0.0534526 -0.157141 10123.4 2310.38 8099.47 3435.79 nan nan -119.984 nan nan nan 6478.71 nan nan nan -1.34843 nan
0 1170 0.26621 0.264764 48280 0.26621 0.232363 0.266444 0.234983 0.264764 -0.160969 -0.0534526 -0.157141 48280 2310.38 8099.47 3435.79 1170.06 nan nan nan 1.35892e+06 nan nan nan 11.6291 nan nan nan
0 -90 0.353421 0.253229 47153.1 0.353421 0.204747 0.234778 0.207055 0.253229 -0.160969 -0.0534526 -0.157141 47153.1 2310.38 8099.47 3435.79 -90.2648 nan nan nan -40132.2 nan nan nan -0.410804 nan nan nan
0 -110 0.350378 0.238973 46170.4 0.350378 0.20571 0.235882 0.208029 0.238973 -0.160969 -0.0534526 -0.157141 46170.4 2310.38 8099.47 3435.79 -110.253 nan nan nan -34997.3 nan nan nan -0.507734 nan nan nan
0 -100 0.34678 0.225874 45156.2 0.34678 0.20685 0.237189 0.209182 0.225874 -0.160969 -0.0534526 -0.157141 45156.2 2310.38 8099.47 3435.79 -100.239 nan nan nan -36122.6 nan nan nan -0.466503 nan nan nan
3 -65 0.21025 -0.188203 3457.37 0.343444 0.207906 0.2384 0.21025 0.225874 -0.160969 -0.0534526 -0.188203 45156.2 2310.38 8099.47 3457.37 nan nan nan -64.8429 nan nan nan 768.81 nan nan nan -1.10624
0 -80 0.345657 0.215273 44069 0.345657 0.209246 0.239937 0.20516 0.215273 -0.160969 -0.0534526 -0.188203 44069 2310.38 8099.47 3457.37 -80.2259 nan nan nan -38720 nan nan nan -0.377534 nan nan nan
0 -120 0.342858 0.199194 43237.3 0.342858 0.210141 0.240964 0.206038 0.199194 -0.160969 -0.0534526 -0.188203 43237.3 2310.38 8099.47 3457.37 -120.215 nan nan nan -29617.2 nan nan nan -0.572655 nan nan nan
1 35 0.211397 -0.14043 2280.22 0.338932 0.211397 0.242403 0.207269 0.199194 -0.14043 -0.0534526 -0.188203 43237.3 2280.22 8099.47 3457.37 nan 35.161 nan nan nan -1074.08 nan nan nan 0.731509 nan nan
1 15 0.214804 -0.131527 2222.63 0.337467 0.214804 0.241356 0.206373 0.199194 -0.131527 -0.0534526 -0.188203 43237.3 2222.63 8099.47 3457.37 nan 15.1404 nan nan nan -2050.99 nan nan nan 0.317066 nan nan
1 -40 0.216237 -0.155272 2204.85 0.336851 0.216237 0.240915 0.205996 0.199194 -0.155272 -0.0534526 -0.188203 43237.3 2204.85 8099.47 3457.37 nan -39.8685 nan nan nan -633.134 nan nan nan -0.845661 nan nan
1 -55 0.212218 -0.188068 2227.4 0.338579 0.212218 0.242151 0.207053 0.199194 -0.188068 -0.0534526 -0.188203 43237.3 2227.4 8099.47 3457.37 nan -54.8447 nan nan nan 803.092 nan nan nan -1.16801 nan nan
0 -110 0.340901 0.184313 42364.3 0.340901 0.206814 0.243812 0.208473 0.184313 -0.188068 -0.0534526 -0.188203 42364.3 2227.4 8099.47 3457.37 -110.199 nan nan nan -31093.5 nan nan nan -0.529967 nan nan nan
1 -50 0.207965 -0.217703 2234.53 0.337235 0.207965 0.245168 0.209632 0.184313 -0.217703 -0.0534526 -0.188203 42364.3 2234.53 8099.47 3457.37 nan -49.8119 nan nan nan 253.827 nan nan nan -1.05544 nan nan
2 120 0.246663 -0.0159965 8276.74 0.339292 0.203134 0.246663 0.210911 0.184313 -0.217703 -0.0159965 -0.188203 42364.3 2234.53 8276.74 3457.37 nan nan 120.053 nan nan nan 6313.37 nan nan nan 1.33397 nan
2 -100 0.253819 -0.0468551 8325.03 0.336069 0.201204 0.253819 0.208907 0.184313 -0.217703 -0.0468551 -0.188203 42364.3 2234.53 8325.03 3457.37 nan nan -99.984 nan nan nan 1720.07 nan nan nan -1.09901 nan
0 -90 0.338666 0.172011 41403.1 0.338666 0.202759 0.248053 0.210522 0.172011 -0.217703 -0.0468551 -0.188203 41403.1 2234.53 8325.03 3457.37 -90.1843 nan nan nan -34231.1 nan nan nan -0.438158 nan nan nan
1 -60 0.203715 -0.253213 2272.14 0.335549 0.203715 0.249222 0.211514 0.172011 -0.253213 -0.0468551 -0.188203 41403.1 2272.14 8325.03 3457.37 nan -59.7823 nan nan nan 1339.39 nan nan nan -1.26468 nan nan
2 190 0.250992 0.0116297 9105.41 0.337933 0.198059 0.250992 0.213016 0.172011 -0.253213 0.0116297 -0.188203 41403.1 2272.14 9105.41 3457.37 nan nan 190.047 nan nan nan 27792.8 nan nan nan 2.0829 nan
2 160 0.262713 0.0587072 9568.46 0.332645 0.19496 0.262713 0.209683 0.172011 -0.253213 0.0587072 -0.188203 41403.1 2272.14 9568.46 3457.37 nan nan 159.988 nan nan nan 16490.9 nan nan nan 1.67664 nan
2 -80 0.272265 0.0357266 9479.75 0.328335 0.192434 0.272265 0.206966 0.172011 -0.253213 0.0357266 -0.188203 41403.1 2272.14 9479.75 3457.37 nan nan -80.0587 nan nan nan -3159.06 nan nan nan -0.818442 nan
2 230 0.267673 0.102045 10698.5 0.330407 0.193648 0.267673 0.208272 0.172011 -0.253213 0.102045 -0.188203 41403.1 2272.14 10698.5 3457.37 nan nan 229.964 nan nan nan 43403.8 nan nan nan 2.3619 nan
2 -100 0.281731 0.0748712 10679.4 0.324064 0.189931 0.281731 0.204274 0.172011 -0.253213 0.0748712 -0.188203 41403.1 2272.14 10679.4 3457.37 nan nan -100.102 nan nan nan -678.052 nan nan nan -0.967792 nan
2 -100 0.276252 0.0476801 10660.8 0.326536 0.19138 0.276252 0.205832 0.172011 -0.253213 0.0476801 -0.188203 41403.1 2272.14 10660.8 3457.37 nan nan -100.075 nan nan nan -664.453 nan nan nan -0.968391 nan
2 -120 0.270836 0.0150338 10766.1 0.32898 0.192812 0.270836 0.207373 0.172011 -0.253213 0.0150338 -0.188203 41403.1 2272.14 10766.1 3457.37 nan nan -120.048 nan nan nan 3750.67 nan nan nan -1.16268 nan
2 270 0.264507 0.0880948 12510.5 0.331836 0.194485 0.264507 0.209173 0.172011 -0.253213 0.0880948 -0.188203 41403.1 2272.14 12510.5 3457.37 nan nan 269.985 nan nan nan 62125.8 nan nan nan 2.60202 nan
2 -90 0.280103 0.0654794 12387.1 0.324799 0.190361 0.280103 0.204737 0.172011 -0.253213 0.0654794 -0.188203 41403.1 2272.14 12387.1 3457.37 nan nan -90.0881 nan nan nan -4394.63 nan nan nan -0.805434 nan
3 -60 0.206049 -0.216765 3460.75 0.326881 0.191582 0.275488 0.206049 0.172011 -0.253213 0.0654794 -0.216765 41403.1 2272.14 12387.1 3460.75 nan nan nan -59.8118 nan nan nan 120.077 nan nan nan -1.01722
1 10 0.192699 -0.247174 2211.29 0.328787 0.192699 0.277095 0.201419 0.172011 -0.247174 0.0654794 -0.216765 41403.1 2211.29 12387.1 3460.75 nan 10.2532 nan nan nan -2167.01 nan nan nan 0.215101 nan nan
1 0 0.19357 -0.247026 2149.2 0.328432 0.19357 0.276796 0.201202 0.172011 -0.247026 0.0654794 -0.216765 41403.1 2149.2 12387.1 3460.75 nan 0.247174 nan nan nan -2211.23 nan nan nan 0.00525629 nan nan
1 -45 0.19352 -0.274132 2145.09 0.328453 0.19352 0.276813 0.201214 0.172011 -0.274132 0.0654794 -0.216765 41403.1 2145.09 12387.1 3460.75 nan -44.753 nan nan nan -146.373 nan nan nan -0.965347 nan nan
2 -110 0.278254 0.0377115 12379.4 0.330163 0.18932 0.278254 0.202262 0.172011 -0.274132 0.0377115 -0.216765 41403.1 2145.09 12379.4 3460.75 nan nan -110.065 nan nan nan -272.69 nan nan nan -0.988932 nan
1 -55 0.190775 -0.307309 2168.95 0.332701 0.190775 0.272707 0.203817 0.172011 -0.307309 0.0377115 -0.216765 41403.1 2168.95 12379.4 3460.75 nan -54.7259 nan nan nan 849.829 nan nan nan -1.1816 nan nan
2 -100 0.274407 0.0124658 12312.8 0.334774 0.185733 0.274407 0.205087 0.172011 -0.307309 0.0124658 -0.216765 41403.1 2168.95 12312.8 3460.75 nan nan -100.038 nan nan nan -2371.9 nan nan nan -0.899111 nan
0 1330 0.337099 0.355518 89896 0.337099 0.187023 0.269367 0.206511 0.355518 -0.307309 0.0124658 -0.216765 89896 2168.95 12312.8 3460.75 1329.83 nan nan nan 1.72704e+06 nan nan nan 6.5355 nan nan nan
2 -80 0.245739 -0.00778091 12146.9 0.395248 0.170617 0.245739 0.188396 0.355518 -0.307309 -0.00778091 -0.216765 89896 2168.95 12146.9 3460.75 nan nan -80.0125 nan nan nan -5910.85 nan nan nan -0.721072 nan
0 -135 0.397255 0.342842 87886.2 0.397255 0.171484 0.241909 0.189353 0.342842 -0.307309 -0.00778091 -0.216765 87886.2 2168.95 12146.9 3460.75 -135.356 nan nan nan -71574.9 nan nan nan -0.451446 nan nan nan
1 -15 0.172506 -0.316168 2114.11 0.393661 0.172506 0.243351 0.190482 0.342842 -0.316168 -0.00778091 -0.216765 87886.2 2114.11 12146.9 3460.75 nan -14.6927 nan nan nan -1953.08 nan nan nan -0.315483 nan nan
2 525 0.24374 0.125974 19545.2 0.394289 0.171186 0.24374 0.190785 0.342842 -0.316168 0.125974 -0.216765 87886.2 2114.11 19545.2 3460.75 nan nan 525.008 nan nan nan 263486 nan nan nan 4.76358 nan
2 -110 0.273325 0.103856 19336.9 0.378864 0.16449 0.273325 0.183322 0.342842 -0.316168 0.103856 -0.216765 87886.2 2114.11 19336.9 3460.75 nan nan -110.126 nan nan nan -7417.47 nan nan nan -0.787716 nan
2 210 0.268851 0.146238 20031 0.381196 0.165502 0.268851 0.18445 0.342842 -0.316168 0.146238 -0.216765 87886.2 2114.11 20031 3460.75 nan nan 209.896 nan nan nan 24719.5 nan nan nan 1.50942 nan
2 -100 0.27761 0.12637 19750.2 0.376629 0.16352 0.27761 0.182241 0.342842 -0.316168 0.12637 -0.216765 87886.2 2114.11 19750.2 3460.75 nan nan -100.146 nan nan nan -10001.7 nan nan nan -0.707592 nan
2 335 0.273505 0.193277 22344.4 0.37877 0.164449 0.273505 0.183276 0.342842 -0.316168 0.193277 -0.216765 87886.2 2114.11 22344.4 3460.75 nan nan 334.874 nan nan nan 92390.2 nan nan nan 2.38284 nan
2 -110 0.288282 0.172578 22057.9 0.371066 0.161104 0.288282 0.179549 0.342842 -0.316168 0.172578 -0.216765 87886.2 2114.11 22057.9 3460.75 nan nan -110.193 nan nan nan -10201.8 nan nan nan -0.737176 nan
2 365 0.283917 0.241551 25175.8 0.373341 0.162092 0.283917 0.18065 0.342842 -0.316168 0.241551 -0.216765 87886.2 2114.11 25175.8 3460.75 nan nan 364.827 nan nan nan 111041 nan nan nan 2.45643 nan
2 -100 0.299635 0.223812 24751 0.365147 0.158534 0.299635 0.176684 0.342842 -0.316168 0.223812 -0.216765 87886.2 2114.11 24751 3460.75 nan nan -100.242 nan nan nan -15127.4 nan nan nan -0.631766 nan
2 -90 0.29573 0.207709 24284.6 0.367183 0.159418 0.29573 0.17767 0.342842 -0.316168 0.207709 -0.216765 87886.2 2114.11 24284.6 3460.75 nan nan -90.2238 nan nan nan -16610.7 nan nan nan -0.573488 nan
2 -100 0.292171 0.189654 23884.7 0.369038 0.160224 0.292171 0.178567 0.342842 -0.316168 0.189654 -0.216765 87886.2 2114.11 23884.7 3460.75 nan nan -100.208 nan nan nan -14243 nan nan nan -0.643036 nan
2 340 0.288266 0.251392 26456.3 0.371074 0.161107 0.288266 0.179553 0.342842 -0.316168 0.251392 -0.216765 87886.2 2114.11 26456.3 3460.75 nan nan 339.81 nan nan nan 91586.4 nan nan nan 2.19875 nan
2 -100 0.302292 0.234086 25995.7 0.363761 0.157933 0.302292 0.176014 0.342842 -0.316168 0.234086 -0.216765 87886.2 2114.11 25995.7 3460.75 nan nan -100.251 nan nan nan -16406 nan nan nan -0.616348 nan
2 -100 0.298446 0.21663 25547.8 0.365766 0.158803 0.298446 0.176984 0.342842 -0.316168 0.21663 -0.216765 87886.2 2114.11 25547.8 3460.75 nan nan -100.234 nan nan nan -15948.8 nan nan nan -0.621677 nan
2 -90 0.294601 0.200781 25059 0.367771 0.159673 0.294601 0.177954 0.342842 -0.316168 0.200781 -0.216765 87886.2 2114.11 25059 3460.75 nan nan -90.2166 nan nan nan -17408.8 nan nan nan -0.564429 nan
2 -110 0.291096 0.181235 24696.4 0.369598 0.160467 0.291096 0.178839 0.342842 -0.316168 0.181235 -0.216765 87886.2 2114.11 24696.4 3460.75 nan nan -110.201 nan nan nan -12914.8 nan nan nan -0.69615 nan
2 530 0.286915 0.275899 31884.8 0.371778 0.161413 0.286915 0.179893 0.342842 -0.316168 0.275899 -0.216765 87886.2 2114.11 31884.8 3460.75 nan nan 529.819 nan nan nan 256012 nan nan nan 3.3714 nan
2 -80 0.309862 0.263276 31170.5 0.359815 0.156219 0.309862 0.174104 0.342842 -0.316168 0.263276 -0.216765 87886.2 2114.11 31170.5 3460.75 nan nan -80.2759 nan nan nan -25440.6 nan nan nan -0.449566 nan
2 -100 0.306869 0.24733 30577.6 0.361375 0.156896 0.306869 0.174859 0.342842 -0.316168 0.24733 -0.216765 87886.2 2114.11 30577.6 3460.75 nan nan -100.263 nan nan nan -21117.8 nan nan nan -0.567897 nan
0 -95 0.363268 0.333812 85673.8 0.363268 0.157718 0.303239 0.175775 0.333812 -0.316168 0.24733 -0.216765 85673.8 2114.11 30577.6 3460.75 -95.3428 nan nan nan -78796 nan nan nan -0.321609 nan nan nan
1 -50 0.158385 -0.346508 2124.06 0.360575 0.158385 0.304521 0.176519 0.333812 -0.346508 0.24733 -0.216765 85673.8 2124.06 30577.6 3460.75 nan -49.6838 nan nan nan 354.369 nan nan nan -1.08056 nan nan
2 -110 0.305966 0.229627 30060.3 0.362286 0.154392 0.305966 0.177356 0.333812 -0.346508 0.229627 -0.216765 85673.8 2124.06 30060.3 3460.75 nan nan -110.247 nan nan nan -18423.1 nan nan nan -0.630473 nan
3 -50 0.178369 -0.240526 3433.16 0.364356 0.155275 0.302 0.178369 0.333812 -0.346508 0.229627 -0.240526 85673.8 2124.06 30060.3 3433.16 nan nan nan -49.7832 nan nan nan -982.375 nan nan nan -0.846249
1 -60 0.155932 -0.382852 2164.34 0.365899 0.155932 0.303279 0.17489 0.333812 -0.382852 0.229627 -0.240526 85673.8 2164.34 30060.3 3433.16 nan -59.6535 nan nan nan 1434.47 nan nan nan -1.29435 nan nan
1 -40 0.151247 -0.406763 2147.64 0.36793 0.151247 0.304962 0.175861 0.333812 -0.406763 0.229627 -0.240526 85673.8 2147.64 30060.3 3433.16 nan -39.6171 nan nan nan -594.824 nan nan nan -0.85157 nan nan
1 -55 0.148188 -0.43984 2171.02 0.369256 0.148188 0.306062 0.176495 0.333812 -0.43984 0.229627 -0.240526 85673.8 2171.02 30060.3 3433.16 nan -54.5932 nan nan nan 832.781 nan nan nan -1.17803 nan nan
1 40 0.144082 -0.415471 2155.98 0.371036 0.144082 0.307537 0.177345 0.333812 -0.415471 0.229627 -0.240526 85673.8 2155.98 30060.3 3433.16 nan 40.4398 nan nan nan -535.643 nan nan nan 0.867915 nan nan
0 -105 0.369728 0.323707 83579.7 0.369728 0.1471 0.306453 0.17672 0.323707 -0.415471 0.229627 -0.240526 83579.7 2155.98 30060.3 3433.16 -105.334 nan nan nan -74578.6 nan nan nan -0.359869 nan nan nan
0 -125 0.366791 0.311535 81673.9 0.366791 0.147785 0.307881 0.177543 0.311535 -0.415471 0.229627 -0.240526 81673.9 2155.98 30060.3 3433.16 -125.324 nan nan nan -67873.7 nan nan nan -0.433494 nan nan nan
3 -50 0.178485 -0.264372 3406.29 0.363431 0.148569 0.309514 0.178485 0.311535 -0.415471 0.229627 -0.264372 81673.9 2155.98 30060.3 3406.29 nan nan nan -49.7595 nan nan nan -957.156 nan nan nan -0.849237
3 -45 0.174992 -0.285894 3366.84 0.364977 0.149201 0.31083 0.174992 0.311535 -0.415471 0.229627 -0.285894 81673.9 2155.98 30060.3 3366.84 nan nan nan -44.7356 nan nan nan -1405.01 nan nan nan -0.766501
3 -65 0.171873 -0.31721 3389.89 0.366357 0.149765 0.312005 0.171873 0.311535 -0.415471 0.229627 -0.31721 81673.9 2155.98 30060.3 3389.89 nan nan nan -64.7141 nan nan nan 821.08 nan nan nan -1.11529
3 -55 0.167481 -0.343581 3378.67 0.3683 0.150559 0.31366 0.167481 0.311535 -0.415471 0.229627 -0.343581 81673.9 2155.98 30060.3 3378.67 nan nan nan -54.6828 nan nan nan -399.682 nan nan nan -0.9392
0 -115 0.369916 0.300206 79754 0.369916 0.15122 0.315037 0.163827 0.300206 -0.415471 0.229627 -0.343581 79754 2155.98 30060.3 3378.67 -115.312 nan nan nan -68377.2 nan nan nan -0.403488 nan nan nan
2 645 0.31663 0.334047 40889.3 0.36673 0.151985 0.31663 0.164655 0.300206 -0.415471 0.334047 -0.343581 79754 2155.98 40889.3 3378.67 nan nan 644.77 nan nan nan 385669 nan nan nan 3.71885 nan
2 -80 0.344184 0.322892 39922.4 0.351943 0.145857 0.344184 0.158016 0.300206 -0.415471 0.322892 -0.343581 79754 2155.98 39922.4 3378.67 nan nan -80.334 nan nan nan -34435.7 nan nan nan -0.397278 nan
2 -120 0.341292 0.305983 39207.9 0.353495 0.1465 0.341292 0.158713 0.300206 -0.415471 0.305983 -0.343581 79754 2155.98 39207.9 3378.67 nan nan -120.323 nan nan nan -25444.8 nan nan nan -0.602199 nan
2 -100 0.33722 0.291759 38389.5 0.35568 0.147405 0.33722 0.159694 0.300206 -0.415471 0.291759 -0.343581 79754 2155.98 38389.5 3378.67 nan nan -100.306 nan nan nan -29146.6 nan nan nan -0.50657 nan
2 575 0.333725 0.374119 46585.7 0.357556 0.148183 0.333725 0.160536 0.300206 -0.415471 0.374119 -0.343581 79754 2155.98 46585.7 3378.67 nan nan 574.708 nan nan nan 291900 nan nan nan 2.9332 nan
0 -150 0.25 -0.0280786 22500 0.25 0.25 0.25 0.25 -0.0280786 0 0 0 22500 1 1 1 -150 nan nan nan 0 nan nan nan -1 nan nan nan
1 -45 0.245147 -0.0280786 2025 0.26456 0.245147 0.245147 0.245147 -0.0280786 -0.0280786 0 0 22500 2025 1 1 nan -45 nan nan nan 0 nan nan nan -1 nan nan
2 -185 0.244983 -0.0280786 34225 0.264384 0.24565 0.244983 0.244983 -0.0280786 -0.0280786 -0.0280786 0 22500 2025 34225 1 nan nan -185 nan nan nan 0 nan nan nan -1 nan
3 -40 0.238785 -0.0280786 1600 0.257695 0.239435 0.264086 0.238785 -0.0280786 -0.0280786 -0.0280786 -0.0280786 22500 2025 34225 1600 nan nan nan -40 nan nan nan 0 nan nan nan -1
3 -50 0.238643 -0.0631571 1625.19 0.257743 0.23948 0.264135 0.238643 -0.0280786 -0.0280786 -0.0280786 -0.0631571 22500 2025 34225 1625.19 nan nan nan -49.9719 nan nan nan 897.193 nan nan nan -1.2493
3 -137 0.232367 -0.158534 2106.08 0.259867 0.241454 0.266312 0.232367 -0.0280786 -0.0280786 -0.0280786 -0.158534 22500 2025 34225 2106.08 nan nan nan -136.937 nan nan nan 17126.5 nan nan nan -3.39678
0 -150 0.265255 -0.0561519 22499.8 0.265255 0.24646 0.271834 0.216452 -0.0561519 -0.0280786 -0.0280786 -0.158534 22499.8 2025 34225 2106.08 -149.972 nan nan nan -8.42279 nan nan nan -0.999813 nan nan nan
1 -40 0.248283 -0.0530198 2013 0.25982 0.248283 0.273845 0.218053 -0.0561519 -0.0530198 -0.0280786 -0.158534 22499.8 2013 34225 2106.08 nan -39.9719 nan nan nan -427.245 nan nan nan -0.888265 nan nan
1 -135 0.24364 -0.137473 2467.81 0.261425 0.24364 0.275536 0.2194 -0.0561519 -0.137473 -0.0280786 -0.158534 22499.8 2467.81 34225 2106.08 nan -134.947 nan nan nan 16197.7 nan nan nan -3.00774 nan nan
3 42 0.223643 -0.13274 2096.85 0.266481 0.22901 0.280866 0.223643 -0.0561519 -0.137473 -0.0280786 -0.13274 22499.8 2467.81 34225 2096.85 nan nan nan 42.1585 nan nan nan -328.738 nan nan nan 0.918646
1 -45 0.227683 -0.16283 2455.03 0.264937 0.227683 0.279238 0.228142 -0.0561519 -0.16283 -0.0280786 -0.13274 22499.8 2455.03 34225 2096.85 nan -44.8625 nan nan nan -455.166 nan nan nan -0.903083 nan nan
1 -50 0.223239 -0.191073 2455.84 0.266462 0.223239 0.280845 0.229454 -0.0561519 -0.191073 -0.0280786 -0.13274 22499.8 2455.84 34225 2096.85 nan -49.8372 nan nan nan 28.7121 nan nan nan -1.00583 nan nan
1 -135 0.218381 -0.267455 2897.17 0.268128 0.218381 0.282601 0.230889 -0.0561519 -0.267455 -0.0280786 -0.13274 22499.8 2897.17 34225 2096.85 nan -134.809 nan nan nan 15717.6 nan nan nan -2.72031 nan nan
2 80 0.287037 -0.0159322 33443.8 0.272337 0.206112 0.287037 0.234513 -0.0561519 -0.267455 -0.0159322 -0.13274 22499.8 2897.17 33443.8 2096.85 nan nan 80.0281 nan nan nan -27820.5 nan nan nan 0.432584 nan
2 -75 0.289224 -0.0274452 32662.7 0.271502 0.20548 0.289224 0.233794 -0.0561519 -0.267455 -0.0274452 -0.13274 22499.8 2897.17 32662.7 2096.85 nan nan -74.9841 nan nan nan -27821.2 nan nan nan -0.410026 nan
2 207 0.286555 0.00471937 32949 0.272521 0.206252 0.286555 0.234672 -0.0561519 -0.267455 0.00471937 -0.13274 22499.8 2897.17 32949 2096.85 nan nan 207.027 nan nan nan 10197.7 nan nan nan 1.14552 nan
2 -83 0.293291 -0.00812039 32217.3 0.269948 0.204304 0.293291 0.232457 -0.0561519 -0.267455 -0.00812039 -0.13274 22499.8 2897.17 32217.3 2096.85 nan nan -83.0047 nan nan nan -26059.2 nan nan nan -0.457279 nan
2 133 0.290344 0.0126866 31809.4 0.271074 0.205156 0.290344 0.233426 -0.0561519 -0.267455 0.0126866 -0.13274 22499.8 2897.17 31809.4 2096.85 nan nan 133.008 nan nan nan -14526.1 nan nan nan 0.741026 nan
2 185 0.294484 0.0418098 31877.1 0.269493 0.203959 0.294484 0.232064 -0.0561519 -0.267455 0.0418098 -0.13274 22499.8 2897.17 31877.1 2096.85 nan nan 184.987 nan nan nan 2410.89 nan nan nan 1.0372 nan
2 -90 0.300599 0.0276493 31209.7 0.267157 0.202192 0.300599 0.230053 -0.0561519 -0.267455 0.0276493 -0.13274 22499.8 2897.17 31209.7 2096.85 nan nan -90.0418 nan nan nan -23769.6 nan nan nan -0.504318 nan
0 1440 0.268396 0.213415 80096.3 0.268396 0.203129 0.297355 0.23112 0.213415 -0.267455 0.0276493 -0.13274 80096.3 2897.17 31209.7 2096.85 1440.06 nan nan nan 2.05126e+06 nan nan nan 9.60042 nan nan nan
0 -135 0.345222 0.2 78360.7 0.345222 0.181799 0.26613 0.20685 0.2 -0.267455 0.0276493 -0.13274 78360.7 2897.17 31209.7 2096.85 -135.213 nan nan nan -61813.7 nan nan nan -0.477764 nan nan nan
0 -162 0.34171 0.18373 76899.1 0.34171 0.182774 0.267557 0.207959 0.18373 -0.267455 0.0276493 -0.13274 76899.1 2897.17 31209.7 2096.85 -162.2 nan nan nan -52051.8 nan nan nan -0.579431 nan nan nan
0 -150 0.337649 0.168523 75373.2 0.337649 0.183901 0.269207 0.209242 0.168523 -0.267455 0.0276493 -0.13274 75373.2 2897.17 31209.7 2096.85 -150.184 nan nan nan -54344 nan nan nan -0.541579 nan nan nan
0 -60 0.333826 0.162369 73358.5 0.333826 0.184963 0.270761 0.21045 0.162369 -0.267455 0.0276493 -0.13274 73358.5 2897.17 31209.7 2096.85 -60.1685 nan nan nan -71753 nan nan nan -0.21916 nan nan nan
0 -170 0.331886 0.144729 72111.7 0.331886 0.185501 0.27155 0.211063 0.144729 -0.267455 0.0276493 -0.13274 72111.7 2897.17 31209.7 2096.85 -170.162 nan nan nan -44403.3 nan nan nan -0.628258 nan nan nan
0 -83 0.327629 0.136035 70281 0.327629 0.186683 0.27328 0.212407 0.136035 -0.267455 0.0276493 -0.13274 70281 2897.17 31209.7 2096.85 -83.1447 nan nan nan -65198.7 nan nan nan -0.309622 nan nan nan
1 -40 0.187361 -0.288182 2860.14 0.32519 0.187361 0.274272 0.213178 0.136035 -0.288182 0.0276493 -0.13274 70281 2860.14 31209.7 2096.85 nan -39.7325 nan nan nan -1318.49 nan nan nan -0.738176 nan nan
2 245 0.275342 0.0665849 32018.4 0.326459 0.184189 0.275342 0.21401 0.136035 -0.288182 0.0665849 -0.13274 70281 2860.14 32018.4 2096.85 nan nan 244.972 nan nan nan 28801.8 nan nan nan 1.38667 nan
2 -167 0.283502 0.040369 31903.1 0.322783 0.182115 0.283502 0.2116 0.136035 -0.288182 0.040369 -0.13274 70281 2860.14 31903.1 2096.85 nan nan -167.067 nan nan nan -4107.16 nan nan nan -0.933662 nan
2 -220 0.278161 0.00577815 32366.8 0.325189 0.183472 0.278161 0.213177 0.136035 -0.288182 0.00577815 -0.13274 70281 2860.14 32366.8 2096.85 nan nan -220.04 nan nan nan 16514.7 nan nan nan -1.23193 nan
2 -180 0.271449 -0.0223157 32367.8 0.328213 0.185179 0.271449 0.21516 0.136035 -0.288182 -0.0223157 -0.13274 70281 2860.14 32367.8 2096.85 nan nan -180.006 nan nan nan 35.2878 nan nan nan -1.00054 nan
0 -130 0.3307 0.122252 68783.2 0.3307 0.186581 0.265929 0.21679 0.122252 -0.288182 -0.0223157 -0.13274 68783.2 2860.14 32367.8 2096.85 -130.136 nan nan nan -53345.7 nan nan nan -0.490884 nan nan nan
3 40 0.217918 -0.108131 2083.2 0.327218 0.187552 0.267312 0.217918 0.122252 -0.288182 -0.0223157 -0.108131 68783.2 2860.14 32367.8 2083.2 nan nan nan 40.1327 nan nan nan -486.213 nan nan nan 0.876426
3 -135 0.222123 -0.191115 2535.62 0.325459 0.186544 0.265875 0.222123 0.122252 -0.288182 -0.0223157 -0.191115 68783.2 2860.14 32367.8 2535.62 nan nan nan -134.892 nan nan nan 16112.6 nan nan nan -2.95543
1 455 0.189772 -0.0491437 8600.17 0.331092 0.189772 0.270476 0.208659 0.122252 -0.0491437 -0.0223157 -0.191115 68783.2 8600.17 32367.8 2535.62 nan 455.288 nan nan nan 204427 nan nan nan 8.51319 nan nan
1 -155 0.234159 -0.0960592 9032.85 0.312954 0.234159 0.255659 0.197229 0.122252 -0.0960592 -0.0223157 -0.191115 68783.2 9032.85 32367.8 2535.62 nan -154.951 nan nan nan 15409.6 nan nan nan -1.67086 nan nan
1 -60 0.226133 -0.113757 8879.98 0.316234 0.226133 0.258338 0.199295 0.122252 -0.113757 -0.0223157 -0.191115 68783.2 8879.98 32367.8 2535.62 nan -59.9039 nan nan nan -5444.37 nan nan nan -0.630294 nan nan
1 -45 0.222953 -0.127132 8687.22 0.317533 0.222953 0.2594 0.200114 0.122252 -0.127132 -0.0223157 -0.191115 68783.2 8687.22 32367.8 2535.62 nan -44.8862 nan nan nan -6865.21 nan nan nan -0.476329 nan nan
1 -158 0.220521 -0.174692 9143.12 0.318527 0.220521 0.260212 0.200741 0.122252 -0.174692 -0.0223157 -0.191115 68783.2 9143.12 32367.8 2535.62 nan -157.873 nan nan nan 16236.6 nan nan nan -1.69382 nan nan
0 1516 0.321708 0.284544 131373 0.321708 0.212737 0.26281 0.202745 0.284544 -0.174692 -0.0223157 -0.191115 131373 9143.12 32367.8 2535.62 1515.88 nan nan nan 2.2291e+06 nan nan nan 5.77994 nan nan nan
1 -50 0.19622 -0.189323 8956.1 0.37437 0.19622 0.242406 0.187004 0.284544 -0.189323 -0.0223157 -0.191115 131373 8956.1 32367.8 2535.62 nan -49.8253 nan nan nan -6660.56 nan nan nan -0.521078 nan nan
2 355 0.243131 0.0330925 34998 0.37549 0.193815 0.243131 0.187564 0.284544 -0.189323 0.0330925 -0.191115 131373 8956.1 34998 2535.62 nan nan 355.022 nan nan nan 93673.1 nan nan nan 1.97333 nan
2 -135 0.254422 0.0128253 34527.3 0.369888 0.190924 0.254422 0.184766 0.284544 -0.189323 0.0128253 -0.191115 131373 8956.1 34527.3 2535.62 nan nan -135.033 nan nan nan -16764.1 nan nan nan -0.721803 nan
2 -60 0.250431 0.00375675 33658.9 0.371868 0.191946 0.250431 0.185755 0.284544 -0.189323 0.00375675 -0.191115 131373 8956.1 33658.9 2535.62 nan nan -60.0128 nan nan nan -30925.7 nan nan nan -0.322971 nan
2 -75 0.248425 -0.00772236 32871.8 0.372863 0.19246 0.248425 0.186252 0.284544 -0.189323 -0.00772236 -0.191115 131373 8956.1 32871.8 2535.62 nan nan -75.0038 nan nan nan -28033.4 nan nan nan -0.408821 nan
2 -250 0.246008 -0.0464384 33703.6 0.374063 0.193079 0.246008 0.186851 0.284544 -0.189323 -0.0464384 -0.191115 131373 8956.1 33703.6 2535.62 nan nan -249.992 nan nan nan 29624.3 nan nan nan -1.37884 nan
2 685 0.239187 0.0583366 45934.2 0.377446 0.194825 0.239187 0.188541 0.284544 -0.189323 0.0583366 -0.191115 131373 8956.1 45934.2 2535.62 nan nan 685.046 nan nan nan 435585 nan nan nan 3.73149 nan
3 -50 0.18266 -0.218889 2534.08 0.365673 0.188748 0.262919 0.18266 0.284544 -0.189323 0.0583366 -0.218889 131373 8956.1 45934.2 2534.08 nan nan nan -49.8089 nan nan nan -54.6924 nan nan nan -0.989156
3 45 0.178548 -0.193667 2520.34 0.367512 0.189698 0.264242 0.178548 0.284544 -0.189323 0.0583366 -0.193667 131373 8956.1 45934.2 2520.34 nan nan nan 45.2189 nan nan nan -489.334 nan nan nan 0.898276
3 -48 0.182264 -0.220405 2513.75 0.36585 0.18884 0.263047 0.182264 0.284544 -0.189323 0.0583366 -0.220405 131373 8956.1 45934.2 2513.75 nan nan nan -47.8063 nan nan nan -234.896 nan nan nan -0.95226
3 83 0.178305 -0.173799 2637.63 0.367621 0.189754 0.26432 0.178305 0.284544 -0.189323 0.0583366 -0.173799 131373 8956.1 45934.2 2637.63 nan nan nan 83.2204 nan nan nan 4411.89 nan nan nan 1.65985
3 53 0.185365 -0.144728 2642.96 0.364462 0.188123 0.262049 0.185365 0.284544 -0.189323 0.0583366 -0.144728 131373 8956.1 45934.2 2642.96 nan nan nan 53.1738 nan nan nan 189.827 nan nan nan 1.03536
3 -60 0.189801 -0.177419 2669.34 0.362478 0.187099 0.260622 0.189801 0.284544 -0.189323 0.0583366 -0.177419 131373 8956.1 45934.2 2669.34 nan nan nan -59.8553 nan nan nan 939.698 nan nan nan -1.16428
3 -45 0.184852 -0.201778 2650.8 0.364692 0.188242 0.262214 0.184852 0.284544 -0.189323 0.0583366 -0.201778 131373 8956.1 45934.2 2650.8 nan nan nan -44.8226 nan nan nan -660.278 nan nan nan -0.867551
3 -45 0.181191 -0.22621 2632.72 0.36633 0.189087 0.263392 0.181191 0.284544 -0.189323 0.0583366 -0.22621 131373 8956.1 45934.2 2632.72 nan nan nan -44.7982 nan nan nan -643.921 nan nan nan -0.870106
3 -135 0.177576 -0.299963 3068.82 0.367947 0.189922 0.264554 0.177576 0.284544 -0.189323 0.0583366 -0.299963 131373 8956.1 45934.2 3068.82 nan nan nan -134.774 nan nan nan 15531.3 nan nan nan -2.62665
3 59 0.167459 -0.269906 3081.39 0.372474 0.192259 0.267809 0.167459 0.284544 -0.189323 0.0583366 -0.269906 131373 8956.1 45934.2 3081.39 nan nan nan 59.3 nan nan nan 447.668 nan nan nan 1.07046
2 -165 0.266444 0.0367121 45409.4 0.370575 0.191279 0.266444 0.171702 0.284544 -0.189323 0.0367121 -0.269906 131373 8956.1 45409.4 3081.39 nan nan -165.058 nan nan nan -18690 nan nan nan -0.770139 nan
3 82 0.172726 -0.228291 3184.91 0.372783 0.192419 0.262073 0.172726 0.284544 -0.189323 0.0367121 -0.228291 131373 8956.1 45409.4 3184.91 nan nan nan 82.2699 nan nan nan 3686.95 nan nan nan 1.48207
0 -172 0.370024 0.271198 128518 0.370024 0.190994 0.260133 0.178848 0.271198 -0.189323 0.0367121 -0.228291 128518 8956.1 45409.4 3184.91 -172.285 nan nan nan -101691 nan nan nan -0.475327 nan nan nan
1 -45 0.192131 -0.202618 8761.01 0.366275 0.192131 0.261681 0.179913 0.271198 -0.202618 0.0367121 -0.228291 128518 8761.01 45409.4 3184.91 nan -44.8107 nan nan nan -6948.1 nan nan nan -0.473502 nan nan
2 335 0.262383 0.0808488 47284.8 0.367257 0.189964 0.262383 0.180395 0.271198 -0.202618 0.0808488 -0.228291 128518 8761.01 47284.8 3184.91 nan nan 334.963 nan nan nan 66791 nan nan nan 1.5719 nan
2 -90 0.271617 0.069217 46185 0.36266 0.187586 0.271617 0.178137 0.271198 -0.202618 0.069217 -0.228291 128518 8761.01 46185 3184.91 nan nan -90.0808 nan nan nan -39170.3 nan nan nan -0.414259 nan
2 420 0.268972 0.124083 49839.6 0.363977 0.188268 0.268972 0.178784 0.271198 -0.202618 0.124083 -0.228291 128518 8761.01 49839.6 3184.91 nan nan 419.931 nan nan nan 130157 nan nan nan 1.95401 nan
2 -165 0.281074 0.103315 49205.8 0.357951 0.185151 0.281074 0.175824 0.271198 -0.202618 0.103315 -0.228291 128518 8761.01 49205.8 3184.91 nan nan -165.124 nan nan nan -22573.6 nan nan nan -0.739645 nan
2 410 0.276697 0.1552 52541.8 0.360131 0.186278 0.276697 0.176895 0.271198 -0.202618 0.1552 -0.228291 128518 8761.01 52541.8 3184.91 nan nan 409.897 nan nan nan 118810 nan nan nan 1.84785 nan
2 -150 0.288261 0.136806 51699.6 0.354373 0.1833 0.288261 0.174066 0.271198 -0.202618 0.136806 -0.228291 128518 8761.01 51699.6 3184.91 nan nan -150.155 nan nan nan -29995.2 nan nan nan -0.65507 nan
2 -135 0.284239 0.120118 50760.7 0.356375 0.184336 0.284239 0.17505 0.271198 -0.202618 0.120118 -0.228291 128518 8761.01 50760.7 3184.91 nan nan -135.137 nan nan nan -33437.6 nan nan nan -0.594334 nan
2 -250 0.280563 0.0889465 51092 0.358205 0.185282 0.280563 0.175949 0.271198 -0.202618 0.0889465 -0.228291 128518 8761.01 51092 3184.91 nan nan -250.12 nan nan nan 11799.4 nan nan nan -1.11016 nan
2 615 0.274417 0.165332 60274.3 0.361266 0.186865 0.274417 0.177452 0.271198 -0.202618 0.165332 -0.228291 128518 8761.01 60274.3 3184.91 nan nan 614.911 nan nan nan 327024 nan nan nan 2.72042 nan
2 -75 0.292699 0.156736 58740.6 0.352163 0.182157 0.292699 0.172981 0.271198 -0.202618 0.156736 -0.228291 128518 8761.01 58740.6 3184.91 nan nan -75.1653 nan nan nan -54624.5 nan nan nan -0.306162 nan
2 -250 0.290469 0.127754 58848.3 0.353274 0.182731 0.290469 0.173526 0.271198 -0.202618 0.127754 -0.228291 128518 8761.01 58848.3 3184.91 nan nan -250.157 nan nan nan 3837.83 nan nan nan -1.03215 nan
2 -237 0.284564 0.100307 58774.8 0.356214 0.184252 0.284564 0.17497 0.271198 -0.202618 0.100307 -0.228291 128518 8761.01 58774.8 3184.91 nan nan -237.128 nan nan nan -2618.75 nan nan nan -0.977497 nan
2 -165 0.278988 0.0811857 57889.9 0.35899 0.185688 0.278988 0.176334 0.271198 -0.202618 0.0811857 -0.228291 128518 8761.01 57889.9 3184.91 nan nan -165.1 nan nan nan -31516.7 nan nan nan -0.681008 nan
2 700 0.274902 0.162867 70019.7 0.361024 0.18674 0.274902 0.177333 0.271198 -0.202618 0.162867 -0.228291 128518 8761.01 70019.7 3184.91 nan nan 699.919 nan nan nan 431996 nan nan nan 2.90902 nan
3 -135 0.172427 -0.295345 3605.49 0.351036 0.181574 0.294962 0.172427 0.271198 -0.202618 0.162867 -0.295345 128518 8761.01 70019.7 3605.49 nan nan nan -134.772 nan nan nan 14978.5 nan nan nan -2.38809
1 -168 0.183552 -0.252955 9305.59 0.35486 0.183552 0.298175 0.163413 0.271198 -0.252955 0.162867 -0.295345 128518 9305.59 70019.7 3605.49 nan -167.797 nan nan nan 19395 nan nan nan -1.7927 nan nan
2 -120 0.30078 0.150116 68459.1 0.35796 0.176419 0.30078 0.164841 0.271198 -0.252955 0.150116 -0.295345 128518 9305.59 68459.1 3605.49 nan nan -120.163 nan nan nan -55580.6 nan nan nan -0.454109 nan
2 -83 0.297671 0.141193 66731 0.359552 0.177204 0.297671 0.165574 0.271198 -0.252955 0.141193 -0.295345 128518 9305.59 66731 3605.49 nan nan -83.1501 nan nan nan -61545.1 nan nan nan -0.317795 nan
1 -41 0.177796 -0.264815 9090.92 0.360753 0.177796 0.295324 0.166127 0.271198 -0.264815 0.141193 -0.295345 128518 9090.92 66731 3605.49 nan -40.747 nan nan nan -7645.27 nan nan nan -0.4224 nan nan
1 -45 0.175955 -0.277989 8891.85 0.36156 0.175955 0.295986 0.166499 0.271198 -0.277989 0.141193 -0.295345 128518 8891.85 66731 3605.49 nan -44.7352 nan nan nan -7089.69 nan nan nan -0.469186 nan nan
2 -165 0.296707 0.123243 65623 0.362441 0.173947 0.296707 0.166905 0.271198 -0.277989 0.123243 -0.295345 128518 8891.85 65623 3605.49 nan nan -165.141 nan nan nan -39459.4 nan nan nan -0.639281 nan
0 -60 0.364525 0.266477 125011 0.364525 0.174948 0.292663 0.167864 0.266477 -0.277989 0.123243 -0.295345 125011 8891.85 65623 3605.49 -60.2712 nan nan nan -124885 nan nan nan -0.168123 nan nan nan
3 -142 0.168364 -0.361609 4068.07 0.362636 0.175468 0.293533 0.168364 0.266477 -0.277989 0.123243 -0.361609 125011 8891.85 65623 4068.07 nan nan nan -141.705 nan nan nan 16474.7 nan nan nan -2.35995
0 -158 0.36644 0.253908 122204 0.36644 0.177309 0.296612 0.159639 0.253908 -0.277989 0.123243 -0.361609 122204 8891.85 65623 4068.07 -158.266 nan nan nan -99963 nan nan nan -0.447625 nan nan nan
1 -45 0.178305 -0.291306 8698.34 0.362881 0.178305 0.298279 0.160536 0.253908 -0.291306 0.123243 -0.361609 122204 8698.34 65623 4068.07 nan -44.722 nan nan nan -6891.8 nan nan nan -0.474269 nan nan
2 960 0.299022 0.228454 89651 0.363785 0.176257 0.299022 0.160936 0.253908 -0.291306 0.228454 -0.361609 122204 8698.34 89651 4068.07 nan nan 959.877 nan nan nan 855740 nan nan nan 3.74703 nan
2 -90 0.328169 0.219993 87362.3 0.348659 0.168928 0.328169 0.154244 0.253908 -0.291306 0.219993 -0.361609 122204 8698.34 87362.3 4068.07 nan nan -90.2285 nan nan nan -81509.8 nan nan nan -0.301346 nan
2 -180 0.325715 0.202872 85821.3 0.349932 0.169545 0.325715 0.154807 0.253908 -0.291306 0.202872 -0.361609 122204 8698.34 85821.3 4068.07 nan nan -180.22 nan nan nan -54883.1 nan nan nan -0.609735 nan
2 -250 0.321566 0.178891 85169.3 0.352085 0.170589 0.321566 0.15576 0.253908 -0.291306 0.178891 -0.361609 122204 8698.34 85169.3 4068.07 nan nan -250.203 nan nan nan -23219.8 nan nan nan -0.854073 nan
2 700 0.316188 0.246223 96529.4 0.354876 0.171941 0.316188 0.156994 0.253908 -0.291306 0.246223 -0.361609 122204 8698.34 96529.4 4068.07 nan nan 699.821 nan nan nan 404580 nan nan nan 2.39798 nan
0 -83 0.34571 0.247221 118968 0.34571 0.1675 0.333851 0.152939 0.247221 -0.291306 0.246223 -0.361609 118968 8698.34 96529.4 4068.07 -83.2539 nan nan nan -115273 nan nan nan -0.238156 nan nan nan
0 -153 0.343463 0.234746 116287 0.343463 0.168075 0.334998 0.153464 0.234746 -0.291306 0.246223 -0.361609 116287 8698.34 96529.4 4068.07 -153.247 nan nan nan -95483 nan nan nan -0.444302 nan nan nan
0 -90 0.340041 0.227316 113250 0.340041 0.168951 0.336744 0.154264 0.227316 -0.291306 0.246223 -0.361609 113250 8698.34 96529.4 4068.07 -90.2347 nan nan nan -108144 nan nan nan -0.264612 nan nan nan
0 -174 0.337674 0.212779 110923 0.337674 0.169557 0.337952 0.154818 0.212779 -0.291306 0.246223 -0.361609 110923 8698.34 96529.4 4068.07 -174.227 nan nan nan -82895 nan nan nan -0.517722 nan nan nan
0 -180 0.333889 0.197586 108720 0.333889 0.170526 0.339883 0.155702 0.197586 -0.291306 0.246223 -0.361609 108720 8698.34 96529.4 4068.07 -180.213 nan nan nan -78446 nan nan nan -0.541098 nan nan nan
0 -158 0.330004 0.184114 106370 0.330004 0.17152 0.341865 0.15661 0.184114 -0.291306 0.246223 -0.361609 106370 8698.34 96529.4 4068.07 -158.198 nan nan nan -83693.5 nan nan nan -0.479783 nan nan nan
0 1685 0.32648 0.329164 183087 0.32648 0.172422 0.343663 0.157434 0.329164 -0.291306 0.246223 -0.361609 183087 8698.34 96529.4 4068.07 1684.82 nan nan nan 2.73223e+06 nan nan nan 5.16586 nan nan nan
0 -83 0.37569 0.323696 178141 0.37569 0.159825 0.318554 0.145931 0.323696 -0.291306 0.246223 -0.361609 178141 8698.34 96529.4 4068.07 -83.3292 nan nan nan -176144 nan nan nan -0.194746 nan nan nan
