3 50 0.25 0.119637 2500 0.25 0.25 0.25 0.25 0 0 0 0.119637 1 1 1 2500 nan nan nan 50 nan nan nan 0 nan nan nan 1
3 40 0.258548 0.21506 2391.18 0.247151 0.247151 0.247151 0.258548 0 0 0 0.21506 1 1 1 2391.18 nan nan nan 39.8804 nan nan nan -909.557 nan nan nan 0.797607
3 45 0.277594 0.32463 2345.06 0.240802 0.240802 0.240802 0.277594 0 0 0 0.32463 1 1 1 2345.06 nan nan nan 44.7849 nan nan nan -385.493 nan nan nan 0.915853
3 45 0.300243 0.435002 2303.29 0.233252 0.233252 0.233252 0.300243 0 0 0 0.435002 1 1 1 2303.29 nan nan nan 44.6754 nan nan nan -349.176 nan nan nan 0.922552
3 55 0.324075 0.571022 2383.93 0.225308 0.225308 0.225308 0.324075 0 0 0 0.571022 1 1 1 2383.93 nan nan nan 54.565 nan nan nan 674.049 nan nan nan 1.13695
3 60 0.354263 0.716641 2521.26 0.215246 0.215246 0.215246 0.354263 0 0 0 0.716641 1 1 1 2521.26 nan nan nan 59.429 nan nan nan 1147.87 nan nan nan 1.21717
3 40 0.387734 0.810239 2404.24 0.204089 0.204089 0.204089 0.387734 0 0 0 0.810239 1 1 1 2404.24 nan nan nan 39.2834 nan nan nan -978.077 nan nan nan 0.782348
3 55 0.410608 0.942458 2467.93 0.196464 0.196464 0.196464 0.410608 0 0 0 0.942458 1 1 1 2467.93 nan nan nan 54.1898 nan nan nan 532.285 nan nan nan 1.10517
3 50 0.442699 1.0606 2460.59 0.185767 0.185767 0.185767 0.442699 0 0 0 1.0606 1 1 1 2460.59 nan nan nan 49.0575 nan nan nan -61.2835 nan nan nan 0.987506
3 -190 0.472039 0.599795 6533.46 0.175987 0.175987 0.175987 0.472039 0 0 0 0.599795 1 1 1 6533.46 nan nan nan -191.061 nan nan nan 34043.6 nan nan nan -3.85169
2 50 0.21676 0.119637 2500 0.21676 0.21676 0.21676 0.349719 0 0 0.119637 0.599795 1 1 2500 6533.46 nan nan 50 nan nan nan 0 nan nan nan 1 nan
2 60 0.224512 0.262915 2629.88 0.214615 0.214615 0.224512 0.346258 0 0 0.262915 0.599795 1 1 2629.88 6533.46 nan nan 59.8804 nan nan nan 1085.66 nan nan nan 1.19761 nan
2 -10 0.250071 0.238973 2327.85 0.207542 0.207542 0.250071 0.334846 0 0 0.238973 0.599795 1 1 2327.85 6533.46 nan nan -10.2629 nan nan nan -2524.56 nan nan nan -0.200125 nan
2 55 0.246464 0.37476 2408.12 0.20854 0.20854 0.246464 0.336456 0 0 0.37476 0.599795 1 1 2408.12 6533.46 nan nan 54.761 nan nan nan 670.916 nan nan nan 1.13499 nan
2 5 0.272292 0.386036 2122.58 0.201392 0.201392 0.272292 0.324924 0 0 0.386036 0.599795 1 1 2122.58 6533.46 nan nan 4.62524 nan nan nan -2386.73 nan nan nan 0.094253 nan
2 45 0.275442 0.501888 2106.77 0.20052 0.20052 0.275442 0.323517 0 0 0.501888 0.599795 1 1 2106.77 6533.46 nan nan 44.614 nan nan nan -132.174 nan nan nan 0.968364 nan
2 0 0.299208 0.50058 1854.75 0.193943 0.193943 0.299208 0.312906 0 0 0.50058 0.599795 1 1 1854.75 6533.46 nan nan -0.501888 nan nan nan -2106.51 nan nan nan -0.0109345 nan
2 45 0.299838 0.624197 1869.76 0.193769 0.193769 0.299838 0.312624 0 0 0.624197 0.599795 1 1 1869.76 6533.46 nan nan 44.4994 nan nan nan 125.449 nan nan nan 1.03326 nan
2 10 0.326355 0.650138 1656.58 0.18643 0.18643 0.326355 0.300785 0 0 0.650138 0.599795 1 1 1656.58 6533.46 nan nan 9.3758 nan nan nan -1781.85 nan nan nan 0.216828 nan
2 -10 0.332941 0.618833 1471.96 0.184607 0.184607 0.332941 0.297844 0 0 0.618833 0.599795 1 1 1471.96 6533.46 nan nan -10.6501 nan nan nan -1543.16 nan nan nan -0.261667 nan
2 55 0.326806 0.788409 1649.67 0.186305 0.186305 0.326806 0.300583 0 0 0.788409 0.599795 1 1 1649.67 6533.46 nan nan 54.3812 nan nan nan 1485.35 nan nan nan 1.41742 nan
2 30 0.364355 0.874453 1554.39 0.175914 0.175914 0.364355 0.283817 0 0 0.874453 0.599795 1 1 1554.39 6533.46 nan nan 29.2116 nan nan nan -796.349 nan nan nan 0.719212 nan
2 -10 0.384934 0.841455 1382.58 0.170218 0.170218 0.384934 0.274629 0 0 0.841455 0.599795 1 1 1382.58 6533.46 nan nan -10.8745 nan nan nan -1436.14 nan nan nan -0.275821 nan
2 45 0.377954 0.983536 1450.46 0.17215 0.17215 0.377954 0.277746 0 0 0.983536 0.599795 1 1 1450.46 6533.46 nan nan 44.1585 nan nan nan 567.399 nan nan nan 1.1876 nan
2 45 0.411557 1.12181 1508.72 0.162851 0.162851 0.411557 0.262742 0 0 1.12181 0.599795 1 1 1508.72 6533.46 nan nan 44.0165 nan nan nan 486.989 nan nan nan 1.15575 nan
2 40 0.445118 1.24155 1509.06 0.153563 0.153563 0.445118 0.247757 0 0 1.24155 0.599795 1 1 1509.06 6533.46 nan nan 38.8782 nan nan nan 2.79207 nan nan nan 1.00092 nan
2 25 0.474853 1.31472 1396.05 0.145334 0.145334 0.474853 0.23448 0 0 1.31472 0.599795 1 1 1396.05 6533.46 nan nan 23.7584 nan nan nan -944.592 nan nan nan 0.611597 nan
2 -15 0.493688 1.26248 1260.87 0.140121 0.140121 0.493688 0.22607 0 0 1.26248 0.599795 1 1 1260.87 6533.46 nan nan -16.3147 nan nan nan -1129.88 nan nan nan -0.436646 nan
2 70 0.481342 1.49408 1675.29 0.143538 0.143538 0.481342 0.231582 0 0 1.49408 0.599795 1 1 1675.29 6533.46 nan nan 68.7375 nan nan nan 3463.97 nan nan nan 1.93579 nan
2 -10 0.537101 1.46048 1490.67 0.128107 0.128107 0.537101 0.206686 0 0 1.46048 0.599795 1 1 1490.67 6533.46 nan nan -11.4941 nan nan nan -1543.18 nan nan nan -0.280821 nan
2 60 0.529618 1.64187 1722.31 0.130177 0.130177 0.529618 0.210027 0 0 1.64187 0.599795 1 1 1722.31 6533.46 nan nan 58.5395 nan nan nan 1936.2 nan nan nan 1.51621 nan
2 40 0.573368 1.75245 1692.29 0.11807 0.11807 0.573368 0.190492 0 0 1.75245 0.599795 1 1 1692.29 6533.46 nan nan 38.3581 nan nan nan -250.967 nan nan nan 0.924275 nan
2 55 0.600305 1.90731 1829.03 0.110615 0.110615 0.600305 0.178465 0 0 1.90731 0.599795 1 1 1829.03 6533.46 nan nan 53.2475 nan nan nan 1143.01 nan nan nan 1.29438 nan
2 30 0.636248 1.98589 1704.63 0.100668 0.100668 0.636248 0.162417 0 0 1.98589 0.599795 1 1 1704.63 6533.46 nan nan 28.0927 nan nan nan -1039.83 nan nan nan 0.656875 nan
2 15 0.654743 2.0236 1520.96 0.0955494 0.0955494 0.654743 0.154158 0 0 2.0236 0.599795 1 1 1520.96 6533.46 nan nan 13.0141 nan nan nan -1535.26 nan nan nan 0.315209 nan
2 10 0.663994 2.04807 1346.61 0.0929892 0.0929892 0.663994 0.150028 0 0 2.04807 0.599795 1 1 1346.61 6533.46 nan nan 7.9764 nan nan nan -1457.33 nan nan nan 0.204526 nan
2 55 0.670206 2.22071 1520.95 0.09127 0.09127 0.670206 0.147254 0 0 2.22071 0.599795 1 1 1520.95 6533.46 nan nan 52.9519 nan nan nan 1457.3 nan nan nan 1.44298 nan
2 40 0.706459 2.3366 1509.75 0.0812371 0.0812371 0.706459 0.131067 0 0 2.3366 0.599795 1 1 1509.75 6533.46 nan nan 37.7793 nan nan nan -93.6782 nan nan nan 0.968715 nan
2 -35 0.729948 2.22164 1495.9 0.0747364 0.0747364 0.729948 0.120579 0 0 2.22164 0.599795 1 1 1495.9 6533.46 nan nan -37.3366 nan nan nan -115.724 nan nan nan -0.96091 nan
2 30 0.706754 2.30757 1409.25 0.0811553 0.0811553 0.706754 0.130935 0 0 2.30757 0.599795 1 1 1409.25 6533.46 nan nan 27.7784 nan nan nan -724.264 nan nan nan 0.718216 nan
2 40 0.724586 2.42769 1410.62 0.0762203 0.0762203 0.724586 0.122973 0 0 2.42769 0.599795 1 1 1410.62 6533.46 nan nan 37.6924 nan nan nan 11.4674 nan nan nan 1.00406 nan
2 75 0.747896 2.65886 1871.96 0.0697694 0.0697694 0.747896 0.112565 0 0 2.65886 0.599795 1 1 1871.96 6533.46 nan nan 72.5723 nan nan nan 3856.12 nan nan nan 1.93226 nan
2 30 0.787498 2.73446 1737.44 0.0588097 0.0588097 0.787498 0.094883 0 0 2.73446 0.599795 1 1 1737.44 6533.46 nan nan 27.3411 nan nan nan -1124.42 nan nan nan 0.631929 nan
2 35 0.80026 2.82707 1654.12 0.0552778 0.0552778 0.80026 0.0891847 0 0 2.82707 0.599795 1 1 1654.12 6533.46 nan nan 32.2655 nan nan nan -696.371 nan nan nan 0.774078 nan
2 45 0.814884 2.95112 1669.01 0.0512305 0.0512305 0.814884 0.0826547 0 0 2.95112 0.599795 1 1 1669.01 6533.46 nan nan 42.1729 nan nan nan 124.432 nan nan nan 1.03693 nan
2 65 0.832833 3.13283 1929.95 0.0462631 0.0462631 0.832833 0.0746404 0 0 3.13283 0.599795 1 1 1929.95 6533.46 nan nan 62.0489 nan nan nan 2181.05 nan nan nan 1.51881 nan
2 -20 0.85605 3.06983 1763.07 0.0398378 0.0398378 0.85605 0.0642739 0 0 3.06983 0.599795 1 1 1763.07 6533.46 nan nan -23.1328 nan nan nan -1394.82 nan nan nan -0.52657 nan
2 50 0.848492 3.20355 1815.64 0.0419295 0.0419295 0.848492 0.0676487 0 0 3.20355 0.599795 1 1 1815.64 6533.46 nan nan 46.9302 nan nan nan 439.367 nan nan nan 1.11768 nan
2 -5 0.864783 3.18052 1606.47 0.0374212 0.0374212 0.864783 0.060375 0 0 3.18052 0.599795 1 1 1606.47 6533.46 nan nan -8.20355 nan nan nan -1748.34 nan nan nan -0.192525 nan
2 10 0.862524 3.20087 1419.84 0.0380464 0.0380464 0.862524 0.0613836 0 0 3.20087 0.599795 1 1 1419.84 6533.46 nan nan 6.81948 nan nan nan -1559.97 nan nan nan 0.170143 nan
2 45 0.865346 3.33358 1459 0.0372654 0.0372654 0.865346 0.0601236 0 0 3.33358 0.599795 1 1 1459 6533.46 nan nan 41.7991 nan nan nan 327.325 nan nan nan 1.1093 nan
2 80 0.879991 3.57371 1987.65 0.0332123 0.0332123 0.879991 0.0535844 0 0 3.57371 0.599795 1 1 1987.65 6533.46 nan nan 76.6664 nan nan nan 4418.74 nan nan nan 2.00714 nan
2 35 0.902275 3.65804 1868.01 0.0270454 0.0270454 0.902275 0.0436347 0 0 3.65804 0.599795 1 1 1868.01 6533.46 nan nan 31.4263 nan nan nan -1000.04 nan nan nan 0.704893 nan
2 40 0.909633 3.75864 1802.53 0.025009 0.025009 0.909633 0.0403492 0 0 3.75864 0.599795 1 1 1802.53 6533.46 nan nan 36.342 nan nan nan -547.268 nan nan nan 0.840851 nan
2 50 0.917656 3.88894 1842.7 0.0227885 0.0227885 0.917656 0.0367667 0 0 3.88894 0.599795 1 1 1842.7 6533.46 nan nan 46.2414 nan nan nan 335.731 nan nan nan 1.08915 nan
2 45 0.926933 4.00352 1824.44 0.0202211 0.0202211 0.926933 0.0326245 0 0 4.00352 0.599795 1 1 1824.44 6533.46 nan nan 41.1111 nan nan nan -152.579 nan nan nan 0.957705 nan
2 -15 0.934344 3.95029 1649.38 0.0181703 0.0181703 0.934344 0.0293158 0 0 3.95029 0.599795 1 1 1649.38 6533.46 nan nan -19.0035 nan nan nan -1463.31 nan nan nan -0.444907 nan
2 55 0.931207 4.10068 1763.83 0.0190384 0.0190384 0.931207 0.0307163 0 0 4.10068 0.599795 1 1 1763.83 6533.46 nan nan 51.0497 nan nan nan 956.695 nan nan nan 1.25699 nan
2 0 0.940119 4.089 1554.83 0.0165719 0.0165719 0.940119 0.0267369 0 0 4.089 0.599795 1 1 1554.83 6533.46 nan nan -4.10068 nan nan nan -1747.02 nan nan nan -0.0976398 nan
2 15 0.93968 4.1221 1383.05 0.0166934 0.0166934 0.93968 0.026933 0 0 4.1221 0.599795 1 1 1383.05 6533.46 nan nan 10.911 nan nan nan -1435.78 nan nan nan 0.276709 nan
2 50 0.941717 4.26969 1469.4 0.0161298 0.0161298 0.941717 0.0260236 0 0 4.26969 0.599795 1 1 1469.4 6533.46 nan nan 45.8779 nan nan nan 721.728 nan nan nan 1.23363 nan
2 60 0.949225 4.44362 1665.18 0.0140519 0.0140519 0.949225 0.0226712 0 0 4.44362 0.599795 1 1 1665.18 6533.46 nan nan 55.7303 nan nan nan 1636.47 nan nan nan 1.45386 nan
2 40 0.956827 4.54787 1617.22 0.011948 0.011948 0.956827 0.0192768 0 0 4.54787 0.599795 1 1 1617.22 6533.46 nan nan 35.5564 nan nan nan -400.926 nan nan nan 0.871338 nan
2 45 0.960968 4.66821 1619.51 0.0108021 0.0108021 0.960968 0.017428 0 0 4.66821 0.599795 1 1 1619.51 6533.46 nan nan 40.4521 nan nan nan 19.1591 nan nan nan 1.00591 nan
2 55 0.965238 4.81784 1728.83 0.00962026 0.00962026 0.965238 0.0155212 0 0 4.81784 0.599795 1 1 1728.83 6533.46 nan nan 50.3318 nan nan nan 913.781 nan nan nan 1.25069 nan
2 50 0.969865 4.94784 1766.23 0.00833994 0.00833994 0.969865 0.0134556 0 0 4.94784 0.599795 1 1 1766.23 6533.46 nan nan 45.1822 nan nan nan 312.598 nan nan nan 1.08665 nan
2 -10 0.973423 4.90529 1581.65 0.00735511 0.00735511 0.973423 0.0118667 0 0 4.90529 0.599795 1 1 1581.65 6533.46 nan nan -14.9478 nan nan nan -1542.79 nan nan nan -0.355676 nan
2 60 0.972392 5.07103 1755.58 0.00764044 0.00764044 0.972392 0.012327 0 0 5.07103 0.599795 1 1 1755.58 6533.46 nan nan 55.0947 nan nan nan 1453.77 nan nan nan 1.38533 nan
2 5 0.976435 5.07083 1545.55 0.00652152 0.00652152 0.976435 0.0105218 0 0 5.07083 0.599795 1 1 1545.55 6533.46 nan nan -0.0710283 nan nan nan -1755.57 nan nan nan -0.0016952 nan
2 20 0.976521 -inf 1387.31 0.0064978 0.0064978 0.976521 0.0104835 0 0 -inf 0.599795 1 1 1387.31 6533.46 nan nan 14.9292 nan nan nan -1322.67 nan nan nan 0.379747 nan
1 100 0.276748 0.119637 10000 0.276748 0.276748 0 0.446503 0 0.119637 -inf 0.599795 1 10000 1387.31 6533.46 nan 100 nan nan nan 0 nan nan nan 1 nan nan
1 80 0.270589 0.215203 9567.02 0.279105 0.270589 0 0.450306 0 0.215203 -inf 0.599795 1 9567.02 1387.31 6533.46 nan 79.8804 nan nan nan -3619.13 nan nan nan 0.798804 nan nan
1 110 0.290545 0.349486 9864.4 0.271469 0.290545 0 0.437986 0 0.349486 -inf 0.599795 1 9864.4 1387.31 6533.46 nan 109.785 nan nan nan 2485.68 nan nan nan 1.12242 nan nan
1 120 0.318483 0.493613 10397 0.260779 0.318483 0 0.420738 0 0.493613 -inf 0.599795 1 10397 1387.31 6533.46 nan 119.651 nan nan nan 4451.85 nan nan nan 1.2047 nan nan
1 90 0.349633 0.598631 10111.6 0.248859 0.349633 0 0.401507 0 0.598631 -inf 0.599795 1 10111.6 1387.31 6533.46 nan 89.5064 nan nan nan -2385.61 nan nan nan 0.877809 nan nan
1 100 0.374376 0.716894 10084 0.239392 0.374376 0 0.386232 0 0.716894 -inf 0.599795 1 10084 1387.31 6533.46 nan 99.4014 nan nan nan -230.964 nan nan nan 0.988513 nan nan
1 90 0.40251 0.823264 9831.23 0.228626 0.40251 0 0.368863 0 0.823264 -inf 0.599795 1 9831.23 1387.31 6533.46 nan 89.2831 nan nan nan -2112.49 nan nan nan 0.889106 nan nan
1 120 0.428807 0.967062 10354.3 0.218564 0.428807 0 0.352629 0 0.967062 -inf 0.599795 1 10354.3 1387.31 6533.46 nan 119.177 nan nan nan 4371.86 nan nan nan 1.20195 nan nan
1 -1140 0.463345 -0.374402 164860 0.205348 0.463345 0 0.331307 0 -0.374402 -inf 0.599795 1 164860 1387.31 6533.46 nan -1140.97 nan nan nan 1.29145e+06 nan nan nan -11.2128 nan nan
0 100 0.335039 0.119637 10000 0.335039 0.124413 0 0.540548 0.119637 -0.374402 -inf 0.599795 10000 164860 1387.31 6533.46 100 nan nan nan 0 nan nan nan 1 nan nan nan
0 120 0.328171 0.263058 10523 0.328171 0.125698 0 0.546131 0.263058 -0.374402 -inf 0.599795 10523 164860 1387.31 6533.46 119.88 nan nan nan 4371.3 nan nan nan 1.1988 nan nan nan
0 -70 0.359629 0.181113 9854.67 0.359629 0.119813 0 0.520559 0.181113 -0.374402 -inf 0.599795 9854.67 164860 1387.31 6533.46 -70.2631 nan nan nan -5586.07 nan nan nan -0.684948 nan nan nan
0 90 0.342115 0.289359 9640.85 0.342115 0.123089 0 0.534796 0.289359 -0.374402 -inf 0.599795 9640.85 164860 1387.31 6533.46 89.8189 nan nan nan -1787.24 nan nan nan 0.904788 nan nan nan
0 -190 0.36726 0.057501 12819.5 0.36726 0.118385 0 0.514356 0.057501 -0.374402 -inf 0.599795 12819.5 164860 1387.31 6533.46 -190.289 nan nan nan 26569.2 nan nan nan -1.93801 nan nan nan
0 100 0.310298 0.163105 12480.8 0.310298 0.129042 0 0.56066 0.163105 -0.374402 -inf 0.599795 12480.8 164860 1387.31 6533.46 99.9425 nan nan nan -2831 nan nan nan 0.882703 nan nan nan
0 -120 0.333848 0.0344237 12715.1 0.333848 0.124636 0 0.541516 0.0344237 -0.374402 -inf 0.599795 12715.1 164860 1387.31 6533.46 -120.163 nan nan nan 1958.36 nan nan nan -1.0756 nan nan nan
0 120 0.30553 0.161704 12915.7 0.30553 0.129934 0 0.564535 0.161704 -0.374402 -inf 0.599795 12915.7 164860 1387.31 6533.46 119.966 nan nan nan 1676.63 nan nan nan 1.06389 nan nan nan
0 -140 0.332885 0.0141554 13720.8 0.332885 0.124816 0 0.542299 0.0141554 -0.374402 -inf 0.599795 13720.8 164860 1387.31 6533.46 -140.162 nan nan nan 6729.61 nan nan nan -1.23331 nan nan nan
0 -260 0.299848 -0.251411 20167.6 0.299848 0.130997 0 0.569155 -0.251411 -0.374402 -inf 0.599795 20167.6 164860 1387.31 6533.46 -260.014 nan nan nan 53886.6 nan nan nan -2.21977 nan nan nan
0 110 0.240226 -0.158531 19209.1 0.240226 0.142153 0 0.617621 -0.158531 -0.374402 -inf 0.599795 19209.1 164860 1387.31 6533.46 110.251 nan nan nan -8012.26 nan nan nan 0.776349 nan nan nan
0 -220 0.25858 -0.348298 22693 0.25858 0.138719 0 0.602701 -0.348298 -0.374402 -inf 0.599795 22693 164860 1387.31 6533.46 -219.841 nan nan nan 29121.2 nan nan nan -1.58619 nan nan nan
3 55 0.633475 0.680314 6105.87 0.220723 0.145801 0 0.633475 -0.348298 -0.374402 -inf 0.680314 22693 164860 1387.31 6105.87 nan nan nan 54.4002 nan nan nan -3574.08 nan nan nan 0.673021
3 40 0.65289 0.740514 5560.35 0.209032 0.138079 0 0.65289 -0.348298 -0.374402 -inf 0.740514 22693 164860 1387.31 5560.35 nan nan nan 39.3197 nan nan nan -4559.83 nan nan nan 0.503195
3 60 0.667611 0.835591 5315.25 0.200166 0.132222 0 0.667611 -0.348298 -0.374402 -inf 0.835591 22693 164860 1387.31 5315.25 nan nan nan 59.2595 nan nan nan -2048.66 nan nan nan 0.794707
3 40 0.688905 0.899859 4862.86 0.187343 0.123752 0 0.688905 -0.348298 -0.374402 -inf 0.899859 22693 164860 1387.31 4862.86 nan nan nan 39.1644 nan nan nan -3781.4 nan nan nan 0.537192
3 45 0.703516 0.975518 4513.75 0.178544 0.117939 0 0.703516 -0.348298 -0.374402 -inf 0.975518 22693 164860 1387.31 4513.75 nan nan nan 44.1001 nan nan nan -2918.03 nan nan nan 0.632404
3 55 0.719834 1.07172 4322.92 0.168718 0.111448 0 0.719834 -0.348298 -0.374402 -inf 1.07172 22693 164860 1387.31 4322.92 nan nan nan 54.0245 nan nan nan -1595.11 nan nan nan 0.804122
3 65 0.73924 1.18804 4294.67 0.157031 0.103729 0 0.73924 -0.348298 -0.374402 -inf 1.18804 22693 164860 1387.31 4294.67 nan nan nan 63.9283 nan nan nan -236.092 nan nan nan 0.97231
3 70 0.761092 1.31367 4347.36 0.143872 0.0950362 0 0.761092 -0.348298 -0.374402 -inf 1.31367 22693 164860 1387.31 4347.36 nan nan nan 68.812 nan nan nan 440.414 nan nan nan 1.05002
3 50 0.783077 1.40201 4110.84 0.130632 0.0862908 0 0.783077 -0.348298 -0.374402 -inf 1.40201 22693 164860 1387.31 4110.84 nan nan nan 48.6863 nan nan nan -1977 nan nan nan 0.738404
0 100 0.25 0.119637 10000 0.25 0.25 0.25 0.25 0.119637 0 0 0 10000 1 1 1 100 nan nan nan 0 nan nan nan 1 nan nan nan
0 -130 0.244235 -0.0360342 10829.2 0.244235 0.251922 0.251922 0.251922 -0.0360342 0 0 0 10829.2 1 1 1 -130.12 nan nan nan 6931.12 nan nan nan -1.3012 nan nan nan
0 265 0.215607 0.268665 17937.4 0.215607 0.261464 0.261464 0.261464 0.268665 0 0 0 17937.4 1 1 1 265.036 nan nan nan 59414.9 nan nan nan 2.54687 nan nan nan
0 -145 0.262659 0.1389 18316.2 0.262659 0.24578 0.24578 0.24578 0.1389 0 0 0 18316.2 1 1 1 -145.269 nan nan nan 3165.55 nan nan nan -1.08466 nan nan nan
0 235 0.237923 0.346516 22724 0.237923 0.254026 0.254026 0.254026 0.346516 0 0 0 22724 1 1 1 234.861 nan nan nan 36843.6 nan nan nan 1.73538 nan nan nan
0 100 0.272906 0.425605 21193.5 0.272906 0.242365 0.242365 0.242365 0.425605 0 0 0 21193.5 1 1 1 99.6535 nan nan nan -12793.2 nan nan nan 0.661074 nan nan nan
0 -15 0.290495 0.412928 18686.4 0.290495 0.236502 0.236502 0.236502 0.412928 0 0 0 18686.4 1 1 1 -15.4256 nan nan nan -20955.5 nan nan nan -0.10596 nan nan nan
0 120 0.290668 0.517589 18161.8 0.290668 0.236444 0.236444 0.236444 0.517589 0 0 0 18161.8 1 1 1 119.587 nan nan nan -4385.35 nan nan nan 0.874825 nan nan nan
0 -190 0.313342 0.348459 20331.4 0.313342 0.228886 0.228886 0.228886 0.348459 0 0 0 20331.4 1 1 1 -190.518 nan nan nan 18135.2 nan nan nan -1.4137 nan nan nan
0 -90 0.275764 0.272653 18875.6 0.275764 0.241412 0.241412 0.241412 0.272653 0 0 0 18875.6 1 1 1 -90.3485 nan nan nan -12168.6 nan nan nan -0.633632 nan nan nan
0 265 0.262412 0.503176 25001.6 0.262412 0.245863 0.245863 0.245863 0.503176 0 0 0 25001.6 1 1 1 264.727 nan nan nan 51205 nan nan nan 1.92685 nan nan nan
0 -130 0.302697 0.404434 24048 0.302697 0.232434 0.232434 0.232434 0.404434 0 0 0 24048 1 1 1 -130.503 nan nan nan -7970.52 nan nan nan -0.825348 nan nan nan
0 285 0.28321 0.623994 30861 0.28321 0.23893 0.23893 0.23893 0.623994 0 0 0 30861 1 1 1 284.596 nan nan nan 56946.6 nan nan nan 1.83522 nan nan nan
0 -50 0.322922 0.589518 27475.4 0.322922 0.225693 0.225693 0.225693 0.589518 0 0 0 27475.4 1 1 1 -50.624 nan nan nan -28298.2 nan nan nan -0.288172 nan nan nan
0 -50 0.318697 0.553005 24494.6 0.318697 0.227101 0.227101 0.227101 0.553005 0 0 0 24494.6 1 1 1 -50.5895 nan nan nan -24916.1 nan nan nan -0.305203 nan nan nan
0 70 0.313845 0.606091 22141.1 0.313845 0.228718 0.228718 0.228718 0.606091 0 0 0 22141.1 1 1 1 69.447 nan nan nan -19671.7 nan nan nan 0.44373 nan nan nan
0 100 0.327968 0.686006 20674.1 0.327968 0.224011 0.224011 0.224011 0.686006 0 0 0 20674.1 1 1 1 99.3939 nan nan nan -12261.9 nan nan nan 0.667975 nan nan nan
0 -135 0.347545 0.573108 20403.3 0.347545 0.217485 0.217485 0.217485 0.573108 0 0 0 20403.3 1 1 1 -135.686 nan nan nan -2263.42 nan nan nan -0.943673 nan nan nan
0 -140 0.322718 0.455369 20326.5 0.322718 0.225761 0.225761 0.225761 0.455369 0 0 0 20326.5 1 1 1 -140.573 nan nan nan -642.525 nan nan nan -0.984128 nan nan nan
0 55 0.297624 0.50114 18250.6 0.297624 0.234125 0.234125 0.234125 0.50114 0 0 0 18250.6 1 1 1 54.5446 nan nan nan -17351.3 nan nan nan 0.382579 nan nan nan
0 -175 0.309706 0.34572 19752 0.309706 0.230098 0.230098 0.230098 0.34572 0 0 0 19752 1 1 1 -175.501 nan nan nan 12550.1 nan nan nan -1.2991 nan nan nan
0 0 0.275838 0.345426 17389 0.275838 0.241387 0.241387 0.241387 0.345426 0 0 0 17389 1 1 1 -0.34572 nan nan nan -19751.9 nan nan nan -0.00245991 nan nan nan
0 110 0.278423 0.44491 16747.1 0.278423 0.240526 0.240526 0.240526 0.44491 0 0 0 16747.1 1 1 1 109.655 nan nan nan -5364.86 nan nan nan 0.831552 nan nan nan
0 95 0.299627 0.532324 15813.2 0.299627 0.233458 0.233458 0.233458 0.532324 0 0 0 15813.2 1 1 1 94.5551 nan nan nan -7806.48 nan nan nan 0.730659 nan nan nan
0 75 0.319495 0.603171 14584.8 0.319495 0.226835 0.226835 0.226835 0.603171 0 0 0 14584.8 1 1 1 74.4677 nan nan nan -10267.8 nan nan nan 0.592186 nan nan nan
0 -60 0.336783 0.543135 13279.3 0.336783 0.221072 0.221072 0.221072 0.543135 0 0 0 13279.3 1 1 1 -60.6032 nan nan nan -10912.1 nan nan nan -0.501817 nan nan nan
3 100 0.224883 0.119637 10000 0.325352 0.224883 0.224883 0.224883 0.543135 0 0 0.119637 13279.3 1 1 10000 nan nan nan 100 nan nan nan 0 nan nan nan 1
3 117 0.219527 0.259469 10438 0.3276 0.226436 0.226436 0.219527 0.543135 0 0 0.259469 13279.3 1 1 10438 nan nan nan 116.88 nan nan nan 3661.02 nan nan nan 1.1688
3 30 0.243813 0.294295 9295.04 0.317406 0.21939 0.21939 0.243813 0.543135 0 0 0.294295 13279.3 1 1 9295.04 nan nan nan 29.7405 nan nan nan -9553.49 nan nan nan 0.291099
3 280 0.251938 0.641385 17542.8 0.313996 0.217033 0.217033 0.251938 0.543135 0 0 0.641385 13279.3 1 1 17542.8 nan nan nan 279.706 nan nan nan 68940.2 nan nan nan 2.90119
3 -15 0.310872 0.627256 15473.3 0.289259 0.199935 0.199935 0.310872 0.543135 0 0 0.627256 13279.3 1 1 15473.3 nan nan nan -15.6414 nan nan nan -17298.2 nan nan nan -0.118093
3 90 0.310472 0.713213 14577.8 0.289427 0.200051 0.200051 0.310472 0.543135 0 0 0.713213 13279.3 1 1 14577.8 nan nan nan 89.3727 nan nan nan -7485.85 nan nan nan 0.718477
3 -520 0.330395 0.197249 45272.4 0.281064 0.194271 0.194271 0.330395 0.543135 0 0 0.197249 13279.3 1 1 45272.4 nan nan nan -520.713 nan nan nan 256564 nan nan nan -4.31274
3 280 0.203852 0.354576 49222.4 0.33418 0.230984 0.230984 0.203852 0.543135 0 0 0.354576 13279.3 1 1 49222.4 nan nan nan 279.803 nan nan nan 33017.2 nan nan nan 1.31503
3 -250 0.228131 0.219574 50832.2 0.323989 0.22394 0.22394 0.228131 0.543135 0 0 0.219574 13279.3 1 1 50832.2 nan nan nan -250.355 nan nan nan 13455 nan nan nan -1.12843
3 -362 0.204343 0.0273673 60447.5 0.333974 0.230842 0.230842 0.204343 0.543135 0 0 0.0273673 13279.3 1 1 60447.5 nan nan nan -362.22 nan nan nan 80370.9 nan nan nan -1.60658
3 108 0.170426 0.0799073 54610.5 0.34821 0.240682 0.240682 0.170426 0.543135 0 0 0.0799073 13279.3 1 1 54610.5 nan nan nan 107.973 nan nan nan -48789.4 nan nan nan 0.439162
3 -177 0.180708 -0.0107488 51828.5 0.343894 0.237699 0.237699 0.180708 0.543135 0 0 -0.0107488 13279.3 1 1 51828.5 nan nan nan -177.08 nan nan nan -23253.2 nan nan nan -0.757759
3 -425 0.168957 -0.234085 67236.3 0.348827 0.241108 0.241108 0.168957 0.543135 0 0 -0.234085 13279.3 1 1 67236.3 nan nan nan -424.989 nan nan nan 128787 nan nan nan -1.86678
3 295 0.134178 -0.0978682 69620.3 0.363425 0.251198 0.251198 0.134178 0.543135 0 0 -0.0978682 13279.3 1 1 69620.3 nan nan nan 295.234 nan nan nan 19926.9 nan nan nan 1.13858
2 250 0.246631 0.119637 62500 0.356818 0.246631 0.246631 0.14992 0.543135 0 0.119637 -0.0978682 13279.3 1 62500 69620.3 nan nan 250 nan nan nan 0 nan nan nan 1 nan
2 220 0.201674 0.22486 60806.8 0.378111 0.261349 0.201674 0.158866 0.543135 0 0.22486 -0.0978682 13279.3 1 60806.8 69620.3 nan nan 219.88 nan nan nan -14152.6 nan nan nan 0.879521 nan
2 265 0.220036 0.35332 61919.3 0.369414 0.255338 0.220036 0.155212 0.543135 0 0.35332 -0.0978682 13279.3 1 61919.3 69620.3 nan nan 264.775 nan nan nan 9299.05 nan nan nan 1.07374 nan
2 108 0.242245 0.405075 55897.8 0.358895 0.248067 0.242245 0.150793 0.543135 0 0.405075 -0.0978682 13279.3 1 55897.8 69620.3 nan nan 107.647 nan nan nan -50331.5 nan nan nan 0.432601 nan
2 108 0.255445 0.45952 50595.4 0.352643 0.243746 0.255445 0.148166 0.543135 0 0.45952 -0.0978682 13279.3 1 50595.4 69620.3 nan nan 107.595 nan nan nan -44321.2 nan nan nan 0.455087 nan
2 -673 0.269365 0.101323 98803.4 0.34605 0.239189 0.269365 0.145396 0.543135 0 0.101323 -0.0978682 13279.3 1 98803.4 69620.3 nan nan -673.46 nan nan nan 402952 nan nan nan -2.99403 nan
3 5 0.16246 -0.0955568 61294.2 0.386665 0.267262 0.183613 0.16246 0.543135 0 0.101323 -0.0955568 13279.3 1 98803.4 61294.2 nan nan nan 5.09787 nan nan nan -69594.3 nan nan nan 0.0193206
2 235 0.182798 0.190728 93584.1 0.384948 0.266075 0.182798 0.166179 0.543135 0 0.190728 -0.0955568 13279.3 1 93584.1 61294.2 nan nan 234.899 nan nan nan -43626 nan nan nan 0.747299 nan
0 -45 0.377522 0.495853 11938.8 0.377522 0.260942 0.198564 0.162973 0.495853 0 0.190728 -0.0955568 11938.8 1 93584.1 61294.2 -45.5431 nan nan nan -11205.1 nan nan nan -0.395217 nan nan nan
0 60 0.368588 0.561006 10934 0.368588 0.264687 0.201413 0.165312 0.561006 0 0.190728 -0.0955568 10934 1 93584.1 61294.2 59.5041 nan nan nan -8398.02 nan nan nan 0.544587 nan nan nan
3 295 0.160866 0.0470429 64379.3 0.385569 0.257568 0.195997 0.160866 0.561006 0 0.190728 0.0470429 10934 1 93584.1 64379.3 nan nan nan 295.096 nan nan nan 25787.2 nan nan nan 1.19194
0 170 0.376927 0.754866 13060.7 0.376927 0.251796 0.191604 0.179673 0.754866 0 0.190728 0.0470429 13060.7 1 93584.1 64379.3 169.439 nan nan nan 17775.5 nan nan nan 1.6204 nan nan nan
0 60 0.419814 0.816886 11918 0.419814 0.234464 0.178415 0.167306 0.816886 0 0.190728 0.0470429 11918 1 93584.1 64379.3 59.2451 nan nan nan -9550.67 nan nan nan 0.518406 nan nan nan
0 -70 0.436904 0.739279 11092.2 0.436904 0.227558 0.17316 0.162378 0.739279 0 0.190728 0.0470429 11092.2 1 93584.1 64379.3 -70.8169 nan nan nan -6903.01 nan nan nan -0.648686 nan nan nan
2 90 0.178561 0.225851 83352.9 0.41934 0.234656 0.178561 0.167443 0.739279 0 0.225851 0.0470429 11092.2 1 83352.9 64379.3 nan nan 89.8093 nan nan nan -85518.4 nan nan nan 0.293576 nan
2 117 0.187731 0.27424 75012.2 0.414659 0.232037 0.187731 0.165574 0.739279 0 0.27424 0.0470429 11092.2 1 75012.2 64379.3 nan nan 116.774 nan nan nan -69716.7 nan nan nan 0.40447 nan
3 -175 0.16332 -0.0354938 60343 0.409014 0.228877 0.198789 0.16332 0.739279 0 0.27424 -0.0354938 11092.2 1 75012.2 60343 nan nan nan -175.047 nan nan nan -33737.8 nan nan nan -0.689893
0 35 0.413595 0.778198 9905.58 0.413595 0.231441 0.201016 0.153947 0.778198 0 0.27424 -0.0354938 9905.58 1 75012.2 60343 34.2607 nan nan nan -9918.39 nan nan nan 0.325303 nan nan nan
0 -20 0.425218 0.753221 8772.16 0.425218 0.226854 0.197032 0.150896 0.753221 0 0.27424 -0.0354938 8772.16 1 75012.2 60343 -20.7782 nan nan nan -9473.85 nan nan nan -0.20877 nan nan nan
2 -470 0.198375 0.0688165 92496.7 0.4213 0.228401 0.198375 0.151925 0.753221 0 0.0688165 -0.0354938 8772.16 1 92496.7 60343 nan nan -470.274 nan nan nan 146146 nan nan nan -1.71706 nan
0 -80 0.440738 0.65007 8502.85 0.440738 0.238939 0.161389 0.158934 0.65007 0 0.0688165 -0.0354938 8502.85 1 92496.7 60343 -80.7532 nan nan nan -2251.08 nan nan nan -0.862197 nan nan nan
0 -10 0.416025 0.636253 7499.16 0.416025 0.249497 0.168521 0.165957 0.636253 0 0.0688165 -0.0354938 7499.16 1 92496.7 60343 -10.6501 nan nan nan -8389.42 nan nan nan -0.115497 nan nan nan
0 80 0.414743 0.745896 7355.53 0.414743 0.250045 0.168891 0.166322 0.745896 0 0.0688165 -0.0354938 7355.53 1 92496.7 60343 79.3637 nan nan nan -1200.56 nan nan nan 0.916465 nan nan nan
0 10 0.441893 0.758805 6485.78 0.441893 0.238445 0.161056 0.158606 0.758805 0 0.0688165 -0.0354938 6485.78 1 92496.7 60343 9.2541 nan nan nan -7269.89 nan nan nan 0.107901 nan nan nan
0 255 0.447046 1.13649 13443 0.447046 0.236244 0.159569 0.157142 1.13649 0 0.0688165 -0.0354938 13443 1 92496.7 60343 254.241 nan nan nan 58152.8 nan nan nan 3.15693 nan nan nan
3 -290 0.134201 -0.176714 63182.8 0.52777 0.201755 0.136274 0.134201 1.13649 0 0.0688165 -0.176714 13443 1 92496.7 63182.8 nan nan nan -289.965 nan nan nan 23736.4 nan nan nan -1.18041
2 265 0.138868 0.173033 89827.8 0.537819 0.205596 0.138868 0.117717 1.13649 0 0.173033 -0.176714 13443 1 89827.8 63182.8 nan nan 264.931 nan nan nan -22308.1 nan nan nan 0.871104 nan
3 250 0.11583 -0.0576411 63111.7 0.529196 0.2023 0.152674 0.11583 1.13649 0 0.173033 -0.0576411 13443 1 89827.8 63111.7 nan nan nan 250.177 nan nan nan -594.376 nan nan nan 0.995285
0 50 0.521543 1.18691 12120.4 0.521543 0.199374 0.150466 0.128617 1.18691 0 0.173033 -0.0576411 12120.4 1 89827.8 63111.7 48.8635 nan nan nan -11055.4 nan nan nan 0.421441 nan nan nan
0 60 0.536322 1.25082 11084.2 0.536322 0.193215 0.145818 0.124644 1.25082 0 0.173033 -0.0576411 11084.2 1 89827.8 63111.7 58.8131 nan nan nan -8661.4 nan nan nan 0.534215 nan nan nan
1 250 0.185856 0.119637 62500 0.553983 0.185856 0.140264 0.119897 1.25082 0.119637 0.173033 -0.0576411 11084.2 62500 89827.8 63111.7 nan 250 nan nan nan 0 nan nan nan 1 nan nan
2 250 0.14648 0.272757 86548 0.578535 0.149774 0.14648 0.12521 1.25082 0.119637 0.272757 -0.0576411 11084.2 62500 86548 63111.7 nan nan 249.827 nan nan nan -27414.3 nan nan nan 0.833554 nan
2 285 0.160522 0.388545 85892.6 0.569017 0.14731 0.160522 0.123151 1.25082 0.119637 0.388545 -0.0576411 11084.2 62500 85892.6 63111.7 nan nan 284.727 nan nan nan -5478.42 nan nan nan 0.967833 nan
0 -170 0.557854 1.05622 13266.7 0.557854 0.14442 0.176991 0.120734 1.05622 0.119637 0.388545 -0.0576411 13266.7 62500 85892.6 63111.7 -171.251 nan nan nan 18242.7 nan nan nan -1.6266 nan nan nan
0 -20 0.505698 1.03435 11732.5 0.505698 0.161456 0.197869 0.134976 1.03435 0.119637 0.388545 -0.0576411 11732.5 62500 85892.6 63111.7 -21.0562 nan nan nan -12823.3 nan nan nan -0.18281 nan nan nan
0 -25 0.502841 1.00559 10410 0.502841 0.162389 0.199013 0.135756 1.00559 0.119637 0.388545 -0.0576411 10410 62500 85892.6 63111.7 -26.0343 nan nan nan -11054.7 nan nan nan -0.240354 nan nan nan
0 170 0.498044 1.20375 12581.3 0.498044 0.163956 0.200933 0.137066 1.20375 0.119637 0.388545 -0.0576411 12581.3 62500 85892.6 63111.7 168.994 nan nan nan 18149.1 nan nan nan 1.65633 nan nan nan
0 100 0.543617 1.30913 12243.8 0.543617 0.149071 0.18269 0.124622 1.30913 0.119637 0.388545 -0.0576411 12243.8 62500 85892.6 63111.7 98.7962 nan nan nan -2820.57 nan nan nan 0.880802 nan nan nan
0 60 0.570182 1.37259 11191.1 0.570182 0.140394 0.172056 0.117368 1.37259 0.119637 0.388545 -0.0576411 11191.1 62500 85892.6 63111.7 58.6909 nan nan nan -8799.21 nan nan nan 0.53041 nan nan nan
0 0 0.587454 1.37103 9852.47 0.587454 0.134752 0.165142 0.112652 1.37103 0.119637 0.388545 -0.0576411 9852.47 62500 85892.6 63111.7 -1.37259 nan nan nan -11189.2 nan nan nan -0.0129749 nan nan nan
2 90 0.16433 0.425126 76577.4 0.589483 0.134089 0.16433 0.112098 1.37103 0.119637 0.425126 -0.0576411 9852.47 62500 76577.4 63111.7 nan nan 89.6115 nan nan nan -77862.4 nan nan nan 0.305764 nan
2 -606 0.172944 0.16295 111413 0.583407 0.132707 0.172944 0.110942 1.37103 0.119637 0.16295 -0.0576411 9852.47 62500 111413 63111.7 nan nan -606.425 nan nan nan 291174 nan nan nan -2.19143 nan
0 185 0.614727 1.59236 12707.9 0.614727 0.139831 0.128544 0.116898 1.59236 0.119637 0.16295 -0.0576411 12707.9 62500 111413 63111.7 183.629 nan nan nan 23867.1 nan nan nan 1.84999 nan nan nan
3 -236 0.102837 -0.170002 62221.2 0.661068 0.123012 0.113083 0.102837 1.59236 0.119637 0.16295 -0.170002 12707.9 62500 111413 62221.2 nan nan nan -235.942 nan nan nan -7442.86 nan nan nan -0.939185
2 84 0.114303 0.193 98924.4 0.668205 0.12434 0.114303 0.0931517 1.59236 0.119637 0.193 -0.170002 12707.9 62500 98924.4 62221.2 nan nan 83.837 nan nan nan -104384 nan nan nan 0.251171 nan
0 10 0.663567 1.60128 11196 0.663567 0.123477 0.120452 0.0925051 1.60128 0.119637 0.193 -0.170002 11196 62500 98924.4 62221.2 8.40764 nan nan nan -12637.2 nan nan nan 0.0745827 nan nan nan
1 220 0.121888 0.22486 60806.8 0.667894 0.121888 0.118902 0.0913151 1.60128 0.22486 0.193 -0.170002 11196 60806.8 98924.4 62221.2 nan 219.88 nan nan nan -14152.6 nan nan nan 0.879521 nan nan
0 20 0.658524 1.62209 9897.03 0.658524 0.134208 0.117234 0.090034 1.62209 0.22486 0.193 -0.170002 9897.03 60806.8 98924.4 62221.2 18.3987 nan nan nan -10857.5 nan nan nan 0.173883 nan nan nan
0 -25 0.665334 1.59007 8797.77 0.665334 0.131531 0.114896 0.0882386 1.59007 0.22486 0.193 -0.170002 8797.77 60806.8 98924.4 62221.2 -26.6221 nan nan nan -9188.3 nan nan nan -0.267602 nan nan nan
0 140 0.660112 1.76661 10037.2 0.660112 0.133584 0.116689 0.0896154 1.76661 0.22486 0.193 -0.170002 10037.2 60806.8 98924.4 62221.2 138.41 nan nan nan 10359.5 nan nan nan 1.47564 nan nan nan
1 80 0.119288 0.263564 54293.5 0.696485 0.119288 0.104202 0.0800253 1.76661 0.263564 0.193 -0.170002 10037.2 54293.5 98924.4 62221.2 nan 79.7751 nan nan nan -54442.7 nan nan nan 0.323513 nan nan
0 335 0.69144 2.16454 22121.4 0.69144 0.125668 0.103447 0.0794457 2.16454 0.263564 0.193 -0.170002 22121.4 54293.5 98924.4 62221.2 333.233 nan nan nan 101007 nan nan nan 3.32616 nan nan nan
3 280 0.0628206 -0.0356275 64168.2 0.75601 0.09937 0.0817992 0.0628206 2.16454 0.263564 0.193 -0.0356275 22121.4 54293.5 98924.4 64168.2 nan nan nan 280.17 nan nan nan 16274 nan nan nan 1.12319
2 99 0.0811007 0.230583 88257.4 0.749554 0.0985215 0.0811007 0.0708234 2.16454 0.263564 0.230583 -0.0356275 22121.4 54293.5 88257.4 64168.2 nan nan 98.807 nan nan nan -89161.6 nan nan nan 0.314149 nan
0 75 0.74555 2.22313 20109.5 0.74555 0.0979952 0.0860093 0.0704451 2.22313 0.263564 0.230583 -0.0356275 20109.5 54293.5 88257.4 64168.2 72.8355 nan nan nan -16816.4 nan nan nan 0.489708 nan nan nan
0 -20 0.758439 2.20438 17762.8 0.758439 0.0930313 0.0816525 0.0668767 2.20438 0.263564 0.230583 -0.0356275 17762.8 54293.5 88257.4 64168.2 -22.2231 nan nan nan -19615.6 nan nan nan -0.156713 nan nan nan
0 -250 0.757381 1.97799 23247.4 0.757381 0.093439 0.0820103 0.0671698 1.97799 0.263564 0.230583 -0.0356275 23247.4 54293.5 88257.4 64168.2 -252.204 nan nan nan 45844.3 nan nan nan -1.89233 nan nan nan
0 35 0.707397 2.0039 20596.6 0.707397 0.112689 0.0989058 0.0810079 2.0039 0.263564 0.230583 -0.0356275 20596.6 54293.5 88257.4 64168.2 33.022 nan nan nan -22157 nan nan nan 0.216579 nan nan nan
2 117 0.0961624 0.277607 79329.8 0.715513 0.109563 0.0961624 0.0787609 2.0039 0.263564 0.277607 -0.0356275 20596.6 54293.5 79329.8 64168.2 nan nan 116.769 nan nan nan -74622.3 nan nan nan 0.393055 nan
1 280 0.108799 0.407193 57159.8 0.710523 0.108799 0.102466 0.0782116 2.0039 0.407193 0.277607 -0.0356275 20596.6 57159.8 79329.8 64168.2 nan 279.736 nan nan nan 23959 nan nan nan 1.20054 nan nan
0 -100 0.25 -0.119637 10000 0.25 0.25 0.25 0.25 -0.119637 0 0 0 10000 1 1 1 -100 nan nan nan 0 nan nan nan -1 nan nan nan
1 -50 0.265733 -0.119637 2500 0.202802 0.265733 0.265733 0.265733 -0.119637 -0.119637 0 0 10000 2500 1 1 nan -50 nan nan nan 0 nan nan nan -1 nan nan
2 -90 0.278809 -0.119637 8100 0.212782 0.2296 0.278809 0.278809 -0.119637 -0.119637 -0.119637 0 10000 2500 8100 1 nan nan -90 nan nan nan 0 nan nan nan -1 nan
3 -50 0.297481 -0.119637 2500 0.227031 0.244976 0.230512 0.297481 -0.119637 -0.119637 -0.119637 -0.119637 10000 2500 8100 2500 nan nan nan -50 nan nan nan 0 nan nan nan -1
1 -60 0.258551 -0.262915 2629.88 0.239612 0.258551 0.243285 0.258551 -0.119637 -0.262915 -0.119637 -0.119637 10000 2629.88 8100 2500 nan -59.8804 nan nan nan 1085.66 nan nan nan -1.19761 nan nan
0 -120 0.24829 -0.263058 10523 0.24829 0.231699 0.252096 0.267915 -0.263058 -0.262915 -0.119637 -0.119637 10523 2629.88 8100 2500 -119.88 nan nan nan 4371.3 nan nan nan -1.1988 nan nan nan
2 40 0.260974 -0.066306 7323.51 0.221818 0.239859 0.260974 0.27735 -0.263058 -0.262915 -0.066306 -0.119637 10523 2629.88 7323.51 2500 nan nan 40.1196 nan nan nan -6490.41 nan nan nan 0.445774 nan
3 -40 0.27294 -0.21506 2391.18 0.218292 0.236045 0.272723 0.27294 -0.263058 -0.262915 -0.066306 -0.21506 10523 2629.88 7323.51 2391.18 nan nan nan -39.8804 nan nan nan -909.557 nan nan nan -0.797607
2 -120 0.279551 -0.233973 8168.21 0.223757 0.241955 0.279551 0.254737 -0.263058 -0.262915 -0.233973 -0.21506 10523 2629.88 8168.21 2391.18 nan nan -119.934 nan nan nan 7060.58 nan nan nan -1.40146 nan
3 -45 0.266705 -0.32463 2345.06 0.234269 0.253323 0.245703 0.266705 -0.263058 -0.262915 -0.233973 -0.32463 10523 2629.88 8168.21 2345.06 nan nan nan -44.7849 nan nan nan -385.493 nan nan nan -0.915853
1 -40 0.260488 -0.355618 2504.16 0.240895 0.260488 0.252653 0.245964 -0.263058 -0.355618 -0.233973 -0.32463 10523 2504.16 8168.21 2345.06 nan -39.7371 nan nan nan -1050.85 nan nan nan -0.774868 nan nan
1 -30 0.243378 -0.42649 2309.71 0.246469 0.243378 0.258498 0.251655 -0.263058 -0.42649 -0.233973 -0.32463 10523 2309.71 8168.21 2345.06 nan -29.6444 nan nan nan -1625.38 nan nan nan -0.592394 nan nan
3 -45 0.255739 -0.435002 2303.29 0.250468 0.231101 0.262693 0.255739 -0.263058 -0.42649 -0.233973 -0.435002 10523 2309.71 8168.21 2303.29 nan nan nan -44.6754 nan nan nan -349.176 nan nan nan -0.922552
2 120 0.269864 -0.0748146 8920.49 0.257306 0.237409 0.269864 0.235421 -0.263058 -0.42649 -0.0748146 -0.435002 10523 2309.71 8920.49 2303.29 nan nan 120.234 nan nan nan 6287.99 nan nan nan 1.33034 nan
1 -5 0.227272 -0.437875 2035.89 0.246319 0.227272 0.30104 0.225369 -0.263058 -0.437875 -0.0748146 -0.435002 10523 2035.89 8920.49 2303.29 nan -4.57351 nan nan nan -2288.79 nan nan nan -0.0951636 nan nan
2 -100 0.301513 -0.201389 9047.85 0.246705 0.22606 0.301513 0.225722 -0.263058 -0.437875 -0.201389 -0.435002 10523 2035.89 9047.85 2303.29 nan nan -99.9252 nan nan nan 1064.55 nan nan nan -1.05799 nan
3 -55 0.234181 -0.571022 2383.93 0.25595 0.234531 0.275339 0.234181 -0.263058 -0.437875 -0.201389 -0.571022 10523 2035.89 9047.85 2383.93 nan nan nan -54.565 nan nan nan 674.049 nan nan nan -1.13695
0 1170 0.263877 1.10178 173109 0.263877 0.241795 0.283866 0.210462 1.10178 -0.437875 -0.201389 -0.571022 173109 2035.89 9047.85 2383.93 1170.26 nan nan nan 1.35899e+06 nan nan nan 11.4081 nan nan nan
2 190 0.206098 0.0378359 12293.4 0.465547 0.175552 0.206098 0.152803 1.10178 -0.437875 0.0378359 -0.571022 173109 2035.89 12293.4 2383.93 nan nan 190.201 nan nan nan 27128.7 nan nan nan 1.99959 nan
0 -90 0.443589 1.07558 153391 0.443589 0.167272 0.243542 0.145596 1.07558 -0.437875 0.0378359 -0.571022 153391 2035.89 12293.4 2383.93 -91.1018 nan nan nan -164809 nan nan nan -0.218961 nan nan nan
0 -110 0.446292 1.04165 136516 0.446292 0.16646 0.242359 0.144889 1.04165 -0.437875 0.0378359 -0.571022 136516 2035.89 12293.4 2383.93 -111.076 nan nan nan -141054 nan nan nan -0.283608 nan nan nan
1 -45 0.166474 -0.556031 2029.89 0.446243 0.166474 0.24238 0.144902 1.04165 -0.556031 0.0378359 -0.571022 136516 2029.89 12293.4 2383.93 nan -44.5621 nan nan nan -50.1022 nan nan nan -0.987619 nan nan
2 160 0.246958 0.210438 13884 0.454672 0.150731 0.246958 0.147639 1.04165 -0.556031 0.210438 -0.571022 136516 2029.89 13884 2383.93 nan nan 159.962 nan nan nan 13294.4 nan nan nan 1.44271 nan
0 -100 0.435745 1.00893 121405 0.435745 0.144456 0.278306 0.141493 1.00893 -0.556031 0.210438 -0.571022 121405 2029.89 13884 2383.93 -101.042 nan nan nan -126307 nan nan nan -0.273469 nan nan nan
2 -80 0.27839 0.128998 12992.6 0.435574 0.1445 0.27839 0.141536 1.00893 -0.556031 0.128998 -0.571022 121405 2029.89 12992.6 2383.93 nan nan -80.2104 nan nan nan -7450.24 nan nan nan -0.680729 nan
1 -50 0.147489 -0.687324 2079.52 0.444585 0.147489 0.263462 0.144463 1.00893 -0.687324 0.128998 -0.571022 121405 2079.52 12992.6 2383.93 nan -49.444 nan nan nan 414.815 nan nan nan -1.09743 nan nan
2 230 0.268361 0.370266 17759.9 0.452852 0.131638 0.268361 0.14715 1.00893 -0.687324 0.370266 -0.571022 121405 2079.52 17759.9 2383.93 nan nan 229.871 nan nan nan 39848 nan nan nan 2.01667 nan
0 -80 0.425873 0.981118 107666 0.425873 0.123795 0.311949 0.138383 0.981118 -0.687324 0.370266 -0.571022 107666 2079.52 17759.9 2383.93 -81.0089 nan nan nan -114843 nan nan nan -0.232495 nan nan nan
0 -120 0.426627 0.937007 96536.1 0.426627 0.123633 0.31154 0.138201 0.937007 -0.687324 0.370266 -0.571022 96536.1 2079.52 17759.9 2383.93 -120.981 nan nan nan -93029.4 nan nan nan -0.368705 nan nan nan
0 -110 0.422326 0.894291 86459.2 0.422326 0.12456 0.313876 0.139238 0.894291 -0.687324 0.370266 -0.571022 86459.2 2079.52 17759.9 2383.93 -110.937 nan nan nan -84229 nan nan nan -0.357052 nan nan nan
0 -90 0.418096 0.857308 77103.9 0.418096 0.125472 0.316175 0.140258 0.857308 -0.687324 0.370266 -0.571022 77103.9 2079.52 17759.9 2383.93 -90.8943 nan nan nan -78197.4 nan nan nan -0.309123 nan nan nan
2 -100 0.317771 0.280161 16840.4 0.415158 0.126105 0.317771 0.140966 0.857308 -0.687324 0.280161 -0.571022 77103.9 2079.52 16840.4 2383.93 nan nan -100.37 nan nan nan -7685.74 nan nan nan -0.753155 nan
0 1330 0.426167 1.42997 279233 0.426167 0.129449 0.29968 0.144704 1.42997 -0.687324 0.280161 -0.571022 279233 2079.52 16840.4 2383.93 1329.14 nan nan nan 1.68952e+06 nan nan nan 4.78667 nan nan nan
2 -100 0.274993 0.187712 16028.8 0.473438 0.118786 0.274993 0.132783 1.42997 -0.687324 0.187712 -0.571022 279233 2079.52 16028.8 2383.93 nan nan -100.28 nan nan nan -6784.32 nan nan nan -0.772749 nan
1 30 0.121591 -0.606816 1943.39 0.484619 0.121591 0.25787 0.135919 1.42997 -0.606816 0.187712 -0.571022 279233 1943.39 16028.8 2383.93 nan 30.6873 nan nan nan -1137.81 nan nan nan 0.672942 nan nan
0 -135 0.479584 1.39908 248053 0.479584 0.130717 0.255191 0.134507 1.39908 -0.606816 0.187712 -0.571022 248053 1943.39 16028.8 2383.93 -136.43 nan nan nan -260619 nan nan nan -0.258182 nan nan nan
2 -120 0.253315 0.0741387 15839.3 0.483411 0.129756 0.253315 0.133518 1.39908 -0.606816 0.0741387 -0.571022 248053 1943.39 15839.3 2383.93 nan nan -120.188 nan nan nan -1583.69 nan nan nan -0.949314 nan
3 -60 0.137214 -0.716641 2521.26 0.496793 0.133348 0.232644 0.137214 1.39908 -0.606816 0.0741387 -0.716641 248053 1943.39 15839.3 2521.26 nan nan nan -59.429 nan nan nan 1147.87 nan nan nan -1.21717
0 -95 0.506335 1.37593 219488 0.506335 0.13591 0.237112 0.120644 1.37593 -0.606816 0.0741387 -0.716641 219488 1943.39 15839.3 2521.26 -96.3991 nan nan nan -238760 nan nan nan -0.193553 nan nan nan
1 -35 0.134409 -0.700153 1852.41 0.511785 0.134409 0.234494 0.119312 1.37593 -0.700153 0.0741387 -0.716641 219488 1852.41 15839.3 2521.26 nan -34.3932 nan nan nan -760.503 nan nan nan -0.780175 nan nan
3 -40 0.120734 -0.810239 2404.24 0.517887 0.124088 0.23729 0.120734 1.37593 -0.700153 0.0741387 -0.810239 219488 1852.41 15839.3 2404.24 nan nan nan -39.2834 nan nan nan -978.077 nan nan nan -0.782348
2 270 0.23983 0.33073 22661.1 0.523431 0.125416 0.23983 0.111323 1.37593 -0.700153 0.33073 -0.810239 219488 1852.41 22661.1 2404.24 nan nan 269.926 nan nan nan 57020.7 nan nan nan 2.14475 nan
0 -105 0.494395 1.34876 194583 0.494395 0.118459 0.281998 0.105148 1.34876 -0.700153 0.33073 -0.810239 194583 1852.41 22661.1 2404.24 -106.376 nan nan nan -208172 nan nan nan -0.227058 nan nan nan
2 -90 0.279978 0.258941 20926.2 0.498018 0.11761 0.279978 0.104394 1.34876 -0.700153 0.258941 -0.810239 194583 1852.41 20926.2 2404.24 nan nan -90.3307 nan nan nan -14501.4 nan nan nan -0.600061 nan
2 -110 0.267485 0.167753 19877.1 0.506659 0.119651 0.267485 0.106205 1.34876 -0.700153 0.167753 -0.810239 194583 1852.41 19877.1 2404.24 nan nan -110.259 nan nan nan -8769.15 nan nan nan -0.7622 nan
0 -125 0.518026 1.31449 173214 0.518026 0.122336 0.25105 0.108588 1.31449 -0.700153 0.167753 -0.810239 173214 1852.41 19877.1 2404.24 -126.349 nan nan nan -178619 nan nan nan -0.28643 nan nan nan
2 -100 0.250575 0.0827536 18699.4 0.518939 0.122104 0.250575 0.108383 1.31449 -0.700153 0.0827536 -0.810239 173214 1852.41 18699.4 2404.24 nan nan -100.168 nan nan nan -9843.49 nan nan nan -0.71048 nan
3 195 0.110474 -0.332477 6703.69 0.528952 0.12446 0.236115 0.110474 1.31449 -0.700153 0.0827536 -0.332477 173214 1852.41 18699.4 6703.69 nan nan nan 195.81 nan nan nan 35937.4 nan nan nan 3.99343
0 -115 0.499492 1.28106 154110 0.499492 0.117528 0.222965 0.160015 1.28106 -0.700153 0.0827536 -0.332477 154110 1852.41 18699.4 6703.69 -116.314 nan nan nan -159685 nan nan nan -0.279475 nan nan nan
2 -80 0.222686 0.0126903 17229.5 0.500118 0.117381 0.222686 0.159815 1.28106 -0.700153 0.0126903 -0.332477 154110 1852.41 17229.5 6703.69 nan nan -80.0828 nan nan nan -12286.2 nan nan nan -0.585632 nan
0 -95 0.506874 1.25172 136781 0.506874 0.118967 0.212186 0.161973 1.25172 -0.700153 0.0126903 -0.332477 136781 1852.41 17229.5 6703.69 -96.2811 nan nan nan -144839 nan nan nan -0.24526 nan nan nan
2 525 0.211622 0.491185 48141.6 0.508183 0.118651 0.211622 0.161543 1.25172 -0.700153 0.491185 -0.332477 136781 1852.41 48141.6 6703.69 nan nan 524.987 nan nan nan 258382 nan nan nan 3.99956 nan
0 -135 0.46751 1.20764 122638 0.46751 0.109154 0.274722 0.148614 1.20764 -0.700153 0.491185 -0.332477 122638 1852.41 48141.6 6703.69 -136.252 nan nan nan -118217 nan nan nan -0.368408 nan nan nan
0 -125 0.463979 1.16453 109872 0.463979 0.109878 0.276543 0.149599 1.16453 -0.700153 0.491185 -0.332477 109872 1852.41 48141.6 6703.69 -126.208 nan nan nan -106710 nan nan nan -0.36039 nan nan nan
3 -50 0.150614 -0.405051 6196.81 0.460344 0.110623 0.278419 0.150614 1.16453 -0.700153 0.491185 -0.405051 109872 1852.41 48141.6 6196.81 nan nan nan -49.6675 nan nan nan -4236.83 nan nan nan -0.606618
2 -110 0.281194 0.430939 43842.7 0.464933 0.111726 0.281194 0.142147 1.16453 -0.700153 0.430939 -0.405051 109872 1852.41 43842.7 6196.81 nan nan -110.491 nan nan nan -35933.3 nan nan nan -0.503579 nan
3 -60 0.143928 -0.495622 5880.34 0.470757 0.113125 0.27219 0.143928 1.16453 -0.700153 0.430939 -0.495622 109872 1852.41 43842.7 5880.34 nan nan nan -59.5949 nan nan nan -2645.25 nan nan nan -0.757052
0 -105 0.476501 1.12621 98075.5 0.476501 0.114506 0.275511 0.133482 1.12621 -0.700153 0.430939 -0.495622 98075.5 1852.41 43842.7 5880.34 -106.165 nan nan nan -98600.9 nan nan nan -0.320285 nan nan nan
2 210 0.276886 0.55068 43851.8 0.473888 0.115077 0.276886 0.134148 1.12621 -0.700153 0.55068 -0.495622 98075.5 1852.41 43851.8 5880.34 nan nan 209.569 nan nan nan 76.5406 nan nan nan 1.00087 nan
3 -55 0.129586 -0.580657 5532.24 0.45777 0.111163 0.301481 0.129586 1.12621 -0.700153 0.55068 -0.580657 98075.5 1852.41 43851.8 5532.24 nan nan nan -54.5044 nan nan nan -2909.61 nan nan nan -0.710772
0 1510 0.462462 1.70263 358720 0.462462 0.112302 0.304572 0.120664 1.70263 -0.700153 0.55068 -0.580657 358720 1852.41 43851.8 5532.24 1508.87 nan nan nan 2.17862e+06 nan nan nan 4.81807 nan nan nan
2 -100 0.284548 0.493235 39815.1 0.497802 0.104919 0.284548 0.112731 1.70263 -0.700153 0.493235 -0.580657 358720 1852.41 39815.1 5532.24 nan nan -100.551 nan nan nan -33741.4 nan nan nan -0.480166 nan
3 -65 0.11408 -0.684274 5366.86 0.503756 0.106174 0.27599 0.11408 1.70263 -0.700153 0.493235 -0.684274 358720 1852.41 39815.1 5366.86 nan nan nan -64.4193 nan nan nan -1382.39 nan nan nan -0.866095
0 -150 0.509387 1.67232 318557 0.509387 0.107361 0.279075 0.104178 1.67232 -0.700153 0.493235 -0.684274 318557 1852.41 39815.1 5366.86 -151.703 nan nan nan -335706 nan nan nan -0.253289 nan nan nan
2 335 0.275916 0.693796 48438.5 0.514939 0.106146 0.275916 0.102999 1.67232 -0.700153 0.693796 -0.684274 318557 1852.41 48438.5 5366.86 nan nan 334.507 nan nan nan 72079.7 nan nan nan 1.67641 nan
1 35 0.101005 -0.600918 1783.27 0.489999 0.101005 0.310986 0.0980101 1.67232 -0.600918 0.693796 -0.684274 318557 1783.27 48438.5 5366.86 nan 35.7002 nan nan nan -577.909 nan nan nan 0.829472 nan nan
0 -120 0.484824 1.64653 282217 0.484824 0.1105 0.307701 0.0969749 1.64653 -0.600918 0.693796 -0.684274 282217 1783.27 48438.5 5366.86 -121.672 nan nan nan -303753 nan nan nan -0.215575 nan nan nan
3 -60 0.0958145 -0.781141 5145.71 0.490988 0.109178 0.304019 0.0958145 1.64653 -0.600918 0.693796 -0.781141 282217 1783.27 48438.5 5145.71 nan nan nan -59.3157 nan nan nan -1848.5 nan nan nan -0.809673
2 -110 0.30667 0.633624 44109.4 0.495269 0.11013 0.30667 0.0879308 1.64653 -0.600918 0.633624 -0.781141 282217 1783.27 44109.4 5145.71 nan nan -110.694 nan nan nan -36185.4 nan nan nan -0.502954 nan
0 -120 0.502023 1.61914 250224 0.502023 0.111632 0.297215 0.0891298 1.61914 -0.600918 0.633624 -0.781141 250224 1783.27 44109.4 5145.71 -121.647 nan nan nan -267419 nan nan nan -0.228986 nan nan nan
3 -50 0.0882441 -0.863228 4819.91 0.506972 0.110523 0.294262 0.0882441 1.61914 -0.600918 0.633624 -0.863228 250224 1783.27 44109.4 4819.91 nan nan nan -49.2189 nan nan nan -2723.21 nan nan nan -0.686134
2 365 0.296237 0.841181 54715.6 0.510375 0.111265 0.296237 0.0821233 1.61914 -0.600918 0.841181 -0.863228 250224 1783.27 54715.6 4819.91 nan nan 364.366 nan nan nan 88653.5 nan nan nan 1.73489 nan
0 -110 0.483622 1.59244 221778 0.483622 0.105432 0.333128 0.0778185 1.59244 -0.600918 0.841181 -0.863228 221778 1783.27 54715.6 4819.91 -111.619 nan nan nan -237765 nan nan nan -0.223139 nan nan nan
3 -50 0.0771458 -0.947902 4532.12 0.488085 0.104521 0.330248 0.0771458 1.59244 -0.600918 0.841181 -0.947902 221778 1783.27 54715.6 4532.12 nan nan nan -49.1368 nan nan nan -2405.49 nan nan nan -0.707762
0 -130 0.491049 1.55901 197317 0.491049 0.105156 0.332254 0.0715416 1.55901 -0.600918 0.841181 -0.947902 197317 1783.27 54715.6 4532.12 -131.592 nan nan nan -204461 nan nan nan -0.279429 nan nan nan
2 -100 0.331073 0.789605 49386.2 0.492858 0.104782 0.331073 0.0712873 1.55901 -0.600918 0.789605 -0.947902 197317 1783.27 49386.2 4532.12 nan nan -100.841 nan nan nan -44546.7 nan nan nan -0.431104 nan
3 -45 0.0720804 -1.02619 4222.08 0.498342 0.105948 0.323631 0.0720804 1.55901 -0.600918 0.789605 -1.02619 197317 1783.27 49386.2 4222.08 nan nan nan -44.0521 nan nan nan -2591.54 nan nan nan -0.654358
1 15 0.1065 -0.556719 1599.04 0.500941 0.1065 0.325319 0.0672398 1.55901 -0.556719 0.789605 -1.02619 197317 1599.04 49386.2 4222.08 nan 15.6009 nan nan nan -1539.88 nan nan nan 0.369438 nan nan
0 -140 0.498353 1.52089 176108 0.498353 0.111116 0.323638 0.0668925 1.52089 -0.556719 0.789605 -1.02619 176108 1599.04 49386.2 4222.08 -141.559 nan nan nan -177278 nan nan nan -0.31868 nan nan nan
2 -90 0.323763 0.740729 44463.9 0.49816 0.111159 0.323763 0.0669182 1.52089 -0.556719 0.740729 -1.02619 176108 1599.04 44463.9 4222.08 nan nan -90.7896 nan nan nan -41143.4 nan nan nan -0.408539 nan
0 -120 0.503226 1.48624 156806 0.503226 0.112289 0.316886 0.0675987 1.48624 -0.556719 0.740729 -1.02619 156806 1599.04 44463.9 4222.08 -121.521 nan nan nan -161341 nan nan nan -0.289575 nan nan nan
2 -100 0.316669 0.683572 40358.5 0.503566 0.112212 0.316669 0.0675523 1.48624 -0.556719 0.683572 -1.02619 156806 1599.04 40358.5 4222.08 nan nan -100.741 nan nan nan -34315.2 nan nan nan -0.477751 nan
3 -65 0.0684435 -1.14398 4206.6 0.51021 0.113693 0.307654 0.0684435 1.48624 -0.556719 0.683572 -1.14398 156806 1599.04 40358.5 4206.6 nan nan nan -63.9738 nan nan nan -129.432 nan nan nan -0.984553
0 -150 0.514114 1.44047 140791 0.514114 0.114563 0.310009 0.061315 1.44047 -0.556719 0.683572 -1.14398 140791 1599.04 40358.5 4206.6 -151.486 nan nan nan -133858 nan nan nan -0.382554 nan nan nan
2 340 0.312268 0.885643 49304.6 0.510573 0.115398 0.312268 0.0617619 1.44047 -0.556719 0.885643 -1.14398 140791 1599.04 49304.6 4206.6 nan nan 339.316 nan nan nan 74777.1 nan nan nan 1.68903 nan
1 -40 0.10909 -0.674727 1593.87 0.482663 0.10909 0.349861 0.0583858 1.44047 -0.674727 0.885643 -1.14398 140791 1593.87 49304.6 4206.6 nan -39.4433 nan nan nan -43.2716 nan nan nan -0.986377 nan nan
1 -55 0.0981472 -0.837522 1756.26 0.488591 0.0981472 0.354158 0.0591029 1.44047 -0.837522 0.885643 -1.14398 140791 1756.26 49304.6 4206.6 nan -54.3253 nan nan nan 1357.37 nan nan nan -1.36074 nan nan
1 -50 0.0844166 -0.977869 1835.3 0.49603 0.0844166 0.35955 0.0600028 1.44047 -0.977869 0.885643 -1.14398 140791 1835.3 49304.6 4206.6 nan -49.1625 nan nan nan 660.691 nan nan nan -1.17311 nan nan
1 -60 0.0740854 -1.1427 2032.5 0.501627 0.0740854 0.363607 0.0606798 1.44047 -1.1427 0.885643 -1.14398 140791 2032.5 49304.6 4206.6 nan -59.0221 nan nan nan 1648.31 nan nan nan -1.37772 nan nan
1 10 0.06334 -1.11313 1804.19 0.507449 0.06334 0.367827 0.061384 1.44047 -1.11313 0.885643 -1.14398 140791 1804.19 49304.6 4206.6 nan 11.1427 nan nan nan -1908.34 nan nan nan 0.247158 nan nan
1 0 0.0653591 -1.10999 1588.49 0.506355 0.0653591 0.367034 0.0612517 1.44047 -1.10999 0.885643 -1.14398 140791 1588.49 49304.6 4206.6 nan 1.11313 nan nan nan -1802.95 nan nan nan 0.0262061 nan nan
1 -45 0.0657954 -1.24174 1628.91 0.506118 0.0657954 0.366863 0.0612231 1.44047 -1.24174 0.885643 -1.14398 140791 1628.91 49304.6 4206.6 nan -43.89 nan nan nan 337.84 nan nan nan -1.10122 nan nan
1 -55 0.0581041 -1.40109 1779.78 0.510285 0.0581041 0.369883 0.0617272 1.44047 -1.40109 0.885643 -1.14398 140791 1779.78 49304.6 4206.6 nan -53.7583 nan nan nan 1261.04 nan nan nan -1.33198 nan nan
1 -15 0.049841 -1.43966 1588.97 0.514762 0.049841 0.373128 0.0622687 1.44047 -1.43966 0.885643 -1.14398 140791 1588.97 49304.6 4206.6 nan -13.5989 nan nan nan -1594.85 nan nan nan -0.322345 nan nan
1 -50 0.0482081 -1.5854 1680.99 0.515647 0.0482081 0.37377 0.0623757 1.44047 -1.5854 0.885643 -1.14398 140791 1680.99 49304.6 4206.6 nan -48.5603 nan nan nan 769.132 nan nan nan -1.21821 nan nan
1 -60 0.0418748 -1.75585 1888.12 0.519078 0.0418748 0.376257 0.0627907 1.44047 -1.75585 0.885643 -1.14398 140791 1888.12 49304.6 4206.6 nan -58.4146 nan nan nan 1731.27 nan nan nan -1.42475 nan nan
1 -40 0.0354179 -1.86115 1837.21 0.522576 0.0354179 0.378792 0.0632139 1.44047 -1.86115 0.885643 -1.14398 140791 1837.21 49304.6 4206.6 nan -38.2441 nan nan nan -425.501 nan nan nan -0.880138 nan nan
1 -55 0.0320192 -2.00947 1955.24 0.524417 0.0320192 0.380127 0.0634366 1.44047 -2.00947 0.885643 -1.14398 140791 1955.24 49304.6 4206.6 nan -53.1389 nan nan nan 986.527 nan nan nan -1.23975 nan nan
0 -130 0.526772 1.39857 126014 0.526772 0.0276724 0.381834 0.0637215 1.39857 -2.00947 0.885643 -1.14398 126014 1955.24 49304.6 4206.6 -131.44 nan nan nan -123515 nan nan nan -0.350301 nan nan nan
2 -100 0.384071 0.831286 44623.6 0.523999 0.0278345 0.384071 0.0640949 1.39857 -2.00947 0.831286 -1.14398 126014 1955.24 44623.6 4206.6 nan nan -100.886 nan nan nan -39126.7 nan nan nan -0.454345 nan
0 -150 0.25 -0.119637 22500 0.25 0.25 0.25 0.25 -0.119637 0 0 0 22500 1 1 1 -150 nan nan nan 0 nan nan nan -1 nan nan nan
0 -150 0.19078 -0.239179 22495.7 0.19078 0.26974 0.26974 0.26974 -0.239179 0 0 0 22495.7 1 1 1 -149.88 nan nan nan -35.8768 nan nan nan -0.999202 nan nan nan
0 1440 0.173007 0.909637 267966 0.173007 0.275664 0.275664 0.275664 0.909637 0 0 0 267966 1 1 1 1440.24 nan nan nan 2.05179e+06 nan nan nan 9.60251 nan nan nan
1 -45 0.242041 -0.119637 2025 0.273876 0.242041 0.242041 0.242041 0.909637 -0.119637 0 0 267966 2025 1 1 nan -45 nan nan nan 0 nan nan nan -1 nan nan
1 -40 0.209473 -0.225663 1973.01 0.285644 0.209473 0.252441 0.252441 0.909637 -0.225663 0 0 267966 1973.01 1 1 nan -39.8804 nan nan nan -434.557 nan nan nan -0.88623 nan nan
1 -135 0.192594 -0.588664 3910.07 0.291743 0.192594 0.257831 0.257831 0.909637 -0.588664 0 0 267966 3910.07 1 1 nan -134.774 nan nan nan 16191.1 nan nan nan -3.03419 nan nan
1 -45 0.138978 -0.673634 3678.25 0.311116 0.138978 0.274953 0.274953 0.909637 -0.673634 0 0 267966 3678.25 1 1 nan -44.4113 nan nan nan -1937.7 nan nan nan -0.710234 nan nan
1 -50 0.129441 -0.770937 3529.28 0.314562 0.129441 0.277998 0.277998 0.909637 -0.770937 0 0 267966 3529.28 1 1 nan -49.3264 nan nan nan -1245.16 nan nan nan -0.813315 nan nan
1 -135 0.119064 -1.04125 5262.6 0.318312 0.119064 0.281312 0.281312 0.909637 -1.04125 0 0 267966 5262.6 1 1 nan -134.229 nan nan nan 14488.2 nan nan nan -2.25945 nan nan
1 -40 0.0918191 -1.1055 4814.58 0.328157 0.0918191 0.290012 0.290012 0.909637 -1.1055 0 0 267966 4814.58 1 1 nan -38.9587 nan nan nan -3744.82 nan nan nan -0.537038 nan nan
1 455 0.0869808 -0.319086 29126.9 0.329905 0.0869808 0.291557 0.291557 0.909637 -0.319086 0 0 267966 29126.9 1 1 nan 456.106 nan nan nan 203218 nan nan nan 6.57334 nan nan
2 -185 0.270784 -0.119637 34225 0.306399 0.152033 0.270784 0.270784 0.909637 -0.319086 -0.119637 0 267966 29126.9 34225 1 nan nan -185 nan nan nan 0 nan nan nan -1 nan
2 80 0.19937 -0.0678247 30898.4 0.336406 0.166921 0.19937 0.297302 0.909637 -0.319086 -0.0678247 0 267966 29126.9 30898.4 1 nan nan 80.1196 nan nan nan -27805.8 nan nan nan 0.433079 nan
3 -40 0.293322 -0.119637 1600 0.331902 0.164687 0.210088 0.293322 0.909637 -0.319086 -0.0678247 -0.119637 267966 29126.9 30898.4 1600 nan nan nan -40 nan nan nan 0 nan nan nan -1
3 -50 0.257639 -0.268825 1706.24 0.348662 0.173003 0.220697 0.257639 0.909637 -0.319086 -0.0678247 -0.268825 267966 29126.9 30898.4 1706.24 nan nan nan -49.8804 nan nan nan 888.051 nan nan nan -1.24701
3 -137 0.229798 -0.664841 3738.78 0.361738 0.179491 0.228974 0.229798 0.909637 -0.319086 -0.0678247 -0.664841 267966 29126.9 30898.4 3738.78 nan nan nan -136.731 nan nan nan 16989.2 nan nan nan -3.31014
3 42 0.163058 -0.581363 3509.25 0.393083 0.195044 0.248815 0.163058 0.909637 -0.319086 -0.0678247 -0.581363 267966 29126.9 30898.4 3509.25 nan nan nan 42.6648 nan nan nan -1918.49 nan nan nan 0.697759
0 -135 0.387384 0.878226 238117 0.387384 0.192217 0.245208 0.175191 0.878226 -0.319086 -0.0678247 -0.581363 238117 29126.9 30898.4 3509.25 -135.91 nan nan nan -249495 nan nan nan -0.262549 nan nan nan
1 -155 0.191191 -0.427518 28504.7 0.390652 0.191191 0.2439 0.174257 0.878226 -0.427518 -0.0678247 -0.581363 238117 28504.7 30898.4 3509.25 nan -154.681 nan nan nan -5200.75 nan nan nan -0.906336 nan nan
0 -162 0.398287 0.838293 212804 0.398287 0.175385 0.248666 0.177662 0.838293 -0.427518 -0.0678247 -0.581363 212804 28504.7 30898.4 3509.25 -162.878 nan nan nan -211588 nan nan nan -0.333786 nan nan nan
0 -150 0.39844 0.799174 190066 0.39844 0.175341 0.248603 0.177617 0.799174 -0.427518 -0.0678247 -0.581363 190066 28504.7 30898.4 3509.25 -150.838 nan nan nan -190051 nan nan nan -0.326981 nan nan nan
0 -60 0.398304 0.78249 167770 0.398304 0.17538 0.248659 0.177657 0.78249 -0.427518 -0.0678247 -0.581363 167770 28504.7 30898.4 3509.25 -60.7992 nan nan nan -186370 nan nan nan -0.139459 nan nan nan
0 -170 0.403934 0.732607 151188 0.403934 0.173739 0.246332 0.175995 0.732607 -0.427518 -0.0678247 -0.581363 151188 28504.7 30898.4 3509.25 -170.782 nan nan nan -138603 nan nan nan -0.416953 nan nan nan
0 -83 0.399539 0.706844 133939 0.399539 0.17502 0.248148 0.177292 0.706844 -0.427518 -0.0678247 -0.581363 133939 28504.7 30898.4 3509.25 -83.7326 nan nan nan -144176 nan nan nan -0.215346 nan nan nan
0 -130 0.401702 0.664116 119959 0.401702 0.17439 0.247255 0.176654 0.664116 -0.427518 -0.0678247 -0.581363 119959 28504.7 30898.4 3509.25 -130.707 nan nan nan -116854 nan nan nan -0.357146 nan nan nan
0 1516 0.398613 1.18755 380323 0.398613 0.17529 0.248531 0.177566 1.18755 -0.427518 -0.0678247 -0.581363 380323 28504.7 30898.4 3509.25 1515.34 nan nan nan 2.17628e+06 nan nan nan 4.37515 nan nan nan
1 -60 0.167376 -0.469731 25519.1 0.425766 0.167376 0.23731 0.169549 1.18755 -0.469731 -0.0678247 -0.581363 380323 25519.1 30898.4 3509.25 nan -59.5725 nan nan nan -24955.8 nan nan nan -0.352848 nan nan
1 -45 0.163457 -0.503081 22703.3 0.42777 0.163457 0.238427 0.170347 1.18755 -0.503081 -0.0678247 -0.581363 380323 22703.3 30898.4 3509.25 nan -44.5303 nan nan nan -23536.1 nan nan nan -0.278755 nan nan
1 -158 0.160801 -0.628133 22954.8 0.429128 0.160801 0.239184 0.170887 1.18755 -0.628133 -0.0678247 -0.581363 380323 22954.8 30898.4 3509.25 nan -157.497 nan nan nan 2101.99 nan nan nan -1.04527 nan nan
1 -50 0.144476 -0.667119 20500.2 0.437475 0.144476 0.243836 0.174212 1.18755 -0.667119 -0.0678247 -0.581363 380323 20500.2 30898.4 3509.25 nan -49.3719 nan nan nan -20517.2 nan nan nan -0.325869 nan nan
1 -45 0.141254 -0.704163 18282.7 0.439123 0.141254 0.244755 0.174868 1.18755 -0.704163 -0.0678247 -0.581363 380323 18282.7 30898.4 3509.25 nan -44.3329 nan nan nan -18534.7 nan nan nan -0.309633 nan nan
1 -168 0.138258 -0.852186 19443.8 0.440655 0.138258 0.245609 0.175478 1.18755 -0.852186 -0.0678247 -0.581363 380323 19443.8 30898.4 3509.25 nan -167.296 nan nan nan 9705.19 nan nan nan -1.23727 nan nan
1 -41 0.120862 -0.886632 17310.4 0.449551 0.120862 0.250567 0.17902 1.18755 -0.886632 -0.0678247 -0.581363 380323 17310.4 30898.4 3509.25 nan -40.1478 nan nan nan -17832 nan nan nan -0.28792 nan nan
1 -45 0.118495 -0.926745 15472.3 0.450761 0.118495 0.251242 0.179502 1.18755 -0.926745 -0.0678247 -0.581363 380323 15472.3 30898.4 3509.25 nan -44.1134 nan nan nan -15364.5 nan nan nan -0.335286 nan nan
1 -45 0.11548 -0.969135 13853.6 0.452303 0.11548 0.252101 0.180116 1.18755 -0.969135 -0.0678247 -0.581363 380323 13853.6 30898.4 3509.25 nan -44.0733 nan nan nan -13529.8 nan nan nan -0.354322 nan nan
1 -158 0.11223 -1.12875 15146.3 0.453965 0.11223 0.253027 0.180778 1.18755 -1.12875 -0.0678247 -0.581363 380323 15146.3 30898.4 3509.25 nan -157.031 nan nan nan 10805.1 nan nan nan -1.33415 nan nan
1 465 0.0965688 -0.675623 39328.5 0.461973 0.0965688 0.257491 0.183967 1.18755 -0.675623 -0.0678247 -0.581363 380323 39328.5 30898.4 3509.25 nan 466.129 nan nan nan 202130 nan nan nan 3.7875 nan nan
0 -172 0.444666 1.15395 338410 0.444666 0.130414 0.247844 0.177075 1.15395 -0.675623 -0.0678247 -0.581363 338410 39328.5 30898.4 3509.25 -173.188 nan nan nan -350329 nan nan nan -0.280828 nan nan nan
0 -60 0.449514 1.14137 298371 0.449514 0.129276 0.245681 0.175529 1.14137 -0.675623 -0.0678247 -0.581363 298371 39328.5 30898.4 3509.25 -61.1539 nan nan nan -334671 nan nan nan -0.105124 nan nan nan
0 -158 0.459786 1.10652 265705 0.459786 0.126864 0.241096 0.172254 1.10652 -0.675623 -0.0678247 -0.581363 265705 39328.5 30898.4 3509.25 -159.141 nan nan nan -273045 nan nan nan -0.291343 nan nan nan
0 -83 0.462757 1.087 234763 0.462757 0.126166 0.23977 0.171306 1.087 -0.675623 -0.0678247 -0.581363 234763 39328.5 30898.4 3509.25 -84.1065 nan nan nan -258631 nan nan nan -0.163166 nan nan nan
0 -153 0.469615 1.04895 209517 0.469615 0.124555 0.23671 0.16912 1.04895 -0.675623 -0.0678247 -0.581363 209517 39328.5 30898.4 3509.25 -154.087 nan nan nan -211020 nan nan nan -0.318017 nan nan nan
0 -90 0.470292 1.02515 185443 0.470292 0.124396 0.236408 0.168904 1.02515 -0.675623 -0.0678247 -0.581363 185443 39328.5 30898.4 3509.25 -91.0489 nan nan nan -201227 nan nan nan -0.198914 nan nan nan
0 -174 0.474637 0.976526 166922 0.474637 0.123376 0.234468 0.167518 0.976526 -0.675623 -0.0678247 -0.581363 166922 39328.5 30898.4 3509.25 -175.025 nan nan nan -154809 nan nan nan -0.406439 nan nan nan
0 -180 0.470887 0.923532 150871 0.470887 0.124257 0.236142 0.168714 0.923532 -0.675623 -0.0678247 -0.581363 150871 39328.5 30898.4 3509.25 -180.977 nan nan nan -134170 nan nan nan -0.442961 nan nan nan
0 -158 0.465322 0.874582 135842 0.465322 0.125564 0.238626 0.170489 0.874582 -0.675623 -0.0678247 -0.581363 135842 39328.5 30898.4 3509.25 -158.924 nan nan nan -125614 nan nan nan -0.409153 nan nan nan
0 1685 0.460661 1.42125 458915 0.460661 0.126658 0.240706 0.171975 1.42125 -0.675623 -0.0678247 -0.581363 458915 39328.5 30898.4 3509.25 1684.13 nan nan nan 2.70044e+06 nan nan nan 4.56937 nan nan nan
0 -83 0.479776 1.40634 404864 0.479776 0.122169 0.232175 0.16588 1.40634 -0.675623 -0.0678247 -0.581363 404864 39328.5 30898.4 3509.25 -84.4212 nan nan nan -451788 nan nan nan -0.124619 nan nan nan
0 -180 0.491688 1.37223 360364 0.491688 0.119372 0.226859 0.162082 1.37223 -0.675623 -0.0678247 -0.581363 360364 39328.5 30898.4 3509.25 -181.406 nan nan nan -371956 nan nan nan -0.2851 nan nan nan
0 -180 0.496848 1.33608 321187 0.496848 0.11816 0.224556 0.160436 1.33608 -0.675623 -0.0678247 -0.581363 321187 39328.5 30898.4 3509.25 -181.372 nan nan nan -327468 nan nan nan -0.302134 nan nan nan
0 -165 0.50058 1.30097 286071 0.50058 0.117284 0.22289 0.159246 1.30097 -0.675623 -0.0678247 -0.581363 286071 39328.5 30898.4 3509.25 -166.336 nan nan nan -293519 nan nan nan -0.2935 nan nan nan
0 -60 0.503926 1.28726 252296 0.503926 0.116498 0.221397 0.158179 1.28726 -0.675623 -0.0678247 -0.581363 252296 39328.5 30898.4 3509.25 -61.301 nan nan nan -282313 nan nan nan -0.114612 nan nan nan
0 -210 0.512882 1.23693 227453 0.512882 0.114395 0.2174 0.155323 1.23693 -0.675623 -0.0678247 -0.581363 227453 39328.5 30898.4 3509.25 -211.287 nan nan nan -207654 nan nan nan -0.420647 nan nan nan
0 -83 0.509953 1.2158 201090 0.509953 0.115083 0.218707 0.156258 1.2158 -0.675623 -0.0678247 -0.581363 201090 39328.5 30898.4 3509.25 -84.2369 nan nan nan -220357 nan nan nan -0.176627 nan nan nan
0 -199 0.515503 1.16239 181828 0.515503 0.113779 0.21623 0.154488 1.16239 -0.675623 -0.0678247 -0.581363 181828 39328.5 30898.4 3509.25 -200.216 nan nan nan -161004 nan nan nan -0.446481 nan nan nan
0 -195 0.510527 1.10735 164678 0.510527 0.114948 0.218451 0.156075 1.10735 -0.675623 -0.0678247 -0.581363 164678 39328.5 30898.4 3509.25 -196.162 nan nan nan -143348 nan nan nan -0.460029 nan nan nan
0 -83 0.504608 1.08255 145823 0.504608 0.116338 0.221093 0.157962 1.08255 -0.675623 -0.0678247 -0.581363 145823 39328.5 30898.4 3509.25 -84.1074 nan nan nan -157604 nan nan nan -0.20726 nan nan nan
0 -203 0.507513 1.01862 133360 0.507513 0.115655 0.219796 0.157035 1.01862 -0.675623 -0.0678247 -0.581363 133360 39328.5 30898.4 3509.25 -204.083 nan nan nan -104173 nan nan nan -0.534432 nan nan nan
0 1979 0.497875 1.66662 585474 0.497875 0.117919 0.224097 0.160109 1.66662 -0.675623 -0.0678247 -0.581363 585474 39328.5 30898.4 3509.25 1977.98 nan nan nan 3.77905e+06 nan nan nan 5.41638 nan nan nan
0 -218 0.507737 1.63227 521203 0.507737 0.115603 0.219696 0.156964 1.63227 -0.675623 -0.0678247 -0.581363 521203 39328.5 30898.4 3509.25 -219.667 nan nan nan -537221 nan nan nan -0.287085 nan nan nan
0 -188 0.515585 1.60085 463150 0.515585 0.11376 0.216194 0.154462 1.60085 -0.675623 -0.0678247 -0.581363 463150 39328.5 30898.4 3509.25 -189.632 nan nan nan -485242 nan nan nan -0.262669 nan nan nan
0 -207 0.523461 1.56417 412946 0.523461 0.11191 0.212679 0.15195 1.56417 -0.675623 -0.0678247 -0.581363 412946 39328.5 30898.4 3509.25 -208.601 nan nan nan -419636 nan nan nan -0.306518 nan nan nan
0 -233 0.528711 1.5205 370125 0.528711 0.110677 0.210336 0.150276 1.5205 -0.675623 -0.0678247 -0.581363 370125 39328.5 30898.4 3509.25 -234.564 nan nan nan -357926 nan nan nan -0.365019 nan nan nan
0 -83 0.530806 1.50388 326699 0.530806 0.110185 0.209401 0.149608 1.50388 -0.675623 -0.0678247 -0.581363 326699 39328.5 30898.4 3509.25 -84.5205 nan nan nan -362981 nan nan nan -0.138927 nan nan nan
0 -209 0.540598 1.45982 292915 0.540598 0.107886 0.20503 0.146486 1.45982 -0.675623 -0.0678247 -0.581363 292915 39328.5 30898.4 3509.25 -210.504 nan nan nan -282387 nan nan nan -0.368287 nan nan nan
0 -188 0.541127 1.41794 262166 0.541127 0.107761 0.204794 0.146317 1.41794 -0.675623 -0.0678247 -0.581363 262166 39328.5 30898.4 3509.25 -189.46 nan nan nan -257020 nan nan nan -0.350063 nan nan nan
0 -240 0.541758 1.36153 237774 0.541758 0.107613 0.204513 0.146116 1.36153 -0.675623 -0.0678247 -0.581363 237774 39328.5 30898.4 3509.25 -241.418 nan nan nan -203883 nan nan nan -0.4715 nan nan nan
0 -60 0.536967 1.34648 209778 0.536967 0.108739 0.206651 0.147644 1.34648 -0.675623 -0.0678247 -0.581363 209778 39328.5 30898.4 3509.25 -61.3615 nan nan nan -234009 nan nan nan -0.125839 nan nan nan
0 2041 0.544414 1.87925 682393 0.544414 0.10699 0.203327 0.145269 1.87925 -0.675623 -0.0678247 -0.581363 682393 39328.5 30898.4 3509.25 2039.65 nan nan nan 3.95041e+06 nan nan nan 4.45325 nan nan nan
0 -83 0.537658 1.86696 601615 0.537658 0.108576 0.206342 0.147424 1.86696 -0.675623 -0.0678247 -0.581363 601615 39328.5 30898.4 3509.25 -84.8793 nan nan nan -675188 nan nan nan -0.102751 nan nan nan
0 -210 0.553631 1.83428 535010 0.553631 0.104825 0.199213 0.14233 1.83428 -0.675623 -0.0678247 -0.581363 535010 39328.5 30898.4 3509.25 -211.867 nan nan nan -556728 nan nan nan -0.273152 nan nan nan
0 -270 0.562156 1.78982 479844 0.562156 0.102823 0.195409 0.139612 1.78982 -0.675623 -0.0678247 -0.581363 479844 39328.5 30898.4 3509.25 -271.834 nan nan nan -461116 nan nan nan -0.371641 nan nan nan
0 -83 0.565715 1.77517 423297 0.565715 0.101987 0.193821 0.138477 1.77517 -0.675623 -0.0678247 -0.581363 423297 39328.5 30898.4 3509.25 -84.7898 nan nan nan -472654 nan nan nan -0.122404 nan nan nan
0 -225 0.57781 1.73347 378807 0.57781 0.0991469 0.188422 0.13462 1.73347 -0.675623 -0.0678247 -0.581363 378807 39328.5 30898.4 3509.25 -226.775 nan nan nan -371870 nan nan nan -0.348556 nan nan nan
0 -250 0.580677 1.68454 341069 0.580677 0.0984736 0.187143 0.133706 1.68454 -0.675623 -0.0678247 -0.581363 341069 39328.5 30898.4 3509.25 -251.733 nan nan nan -315437 nan nan nan -0.409008 nan nan nan
0 -210 0.580418 1.64118 305626 0.580418 0.0985345 0.187259 0.133789 1.64118 -0.675623 -0.0678247 -0.581363 305626 39328.5 30898.4 3509.25 -211.685 nan nan nan -296259 nan nan nan -0.362467 nan nan nan
0 -263 0.581409 1.58391 277440 0.581409 0.0983018 0.186816 0.133473 1.58391 -0.675623 -0.0678247 -0.581363 277440 39328.5 30898.4 3509.25 -264.641 nan nan nan -235591 nan nan nan -0.478699 nan nan nan
0 -70 0.577132 1.56765 244861 0.577132 0.0993061 0.188725 0.134837 1.56765 -0.675623 -0.0678247 -0.581363 244861 39328.5 30898.4 3509.25 -71.5839 nan nan nan -272316 nan nan nan -0.135903 nan nan nan
0 -278 0.584986 1.50006 224917 0.584986 0.0974618 0.18522 0.132332 1.50006 -0.675623 -0.0678247 -0.581363 224917 39328.5 30898.4 3509.25 -279.568 nan nan nan -166703 nan nan nan -0.564972 nan nan nan
0 -263 0.576152 1.43333 206379 0.576152 0.0995364 0.189163 0.135149 1.43333 -0.675623 -0.0678247 -0.581363 206379 39328.5 30898.4 3509.25 -264.5 nan nan nan -154957 nan nan nan -0.557717 nan nan nan
0 -50 0.567252 1.41979 182005 0.567252 0.101626 0.193135 0.137987 1.41979 -0.675623 -0.0678247 -0.581363 182005 39328.5 30898.4 3509.25 -51.4333 nan nan nan -203733 nan nan nan -0.113217 nan nan nan
0 2175 0.574247 2.02932 725449 0.574247 0.0999837 0.190013 0.135757 2.02932 -0.675623 -0.0678247 -0.581363 725449 39328.5 30898.4 3509.25 2173.58 nan nan nan 4.54245e+06 nan nan nan 5.09488 nan nan nan
3 40 0.138669 -0.499407 3286.44 0.565114 0.102128 0.194089 0.138669 2.02932 -0.675623 -0.0678247 -0.499407 725449 39328.5 30898.4 3286.44 nan nan nan 40.5814 nan nan nan -1862.41 nan nan nan 0.685045
3 -135 0.149119 -0.780097 5057.54 0.558258 0.100889 0.191734 0.149119 2.02932 -0.675623 -0.0678247 -0.780097 725449 39328.5 30898.4 5057.54 nan nan nan -134.501 nan nan nan 14804 nan nan nan -2.34618
3 -50 0.114742 -0.862898 4742.31 0.580812 0.104965 0.19948 0.114742 2.02932 -0.675623 -0.0678247 -0.862898 725449 39328.5 30898.4 4742.31 nan nan nan -49.2199 nan nan nan -2634.95 nan nan nan -0.692103
3 45 0.106922 -0.783221 4426.6 0.585943 0.105893 0.201242 0.106922 2.02932 -0.675623 -0.0678247 -0.783221 725449 39328.5 30898.4 4426.6 nan nan nan 45.8629 nan nan nan -2638.9 nan nan nan 0.665988
3 -48 0.115133 -0.868125 4163.73 0.580556 0.104919 0.199392 0.115133 2.02932 -0.675623 -0.0678247 -0.868125 725449 39328.5 30898.4 4163.73 nan nan nan -47.2168 nan nan nan -2197.17 nan nan nan -0.709678
3 83 0.107054 -0.712628 4507.11 0.585857 0.105877 0.201213 0.107054 2.02932 -0.675623 -0.0678247 -0.712628 725449 39328.5 30898.4 4507.11 nan nan nan 83.8681 nan nan nan 2870.13 nan nan nan 1.29974
3 53 0.122424 -0.61691 4313.05 0.575772 0.104055 0.197749 0.122424 2.02932 -0.675623 -0.0678247 -0.61691 725449 39328.5 30898.4 4313.05 nan nan nan 53.7126 nan nan nan -1622.06 nan nan nan 0.800069
3 -60 0.133342 -0.725087 4218.93 0.568609 0.10276 0.195289 0.133342 2.02932 -0.675623 -0.0678247 -0.725087 725449 39328.5 30898.4 4218.93 nan nan nan -59.3831 nan nan nan -786.698 nan nan nan -0.904213
3 -45 0.121446 -0.806637 3948.71 0.576414 0.104171 0.19797 0.121446 2.02932 -0.675623 -0.0678247 -0.806637 725449 39328.5 30898.4 3948.71 nan nan nan -44.2749 nan nan nan -2258.66 nan nan nan -0.681642
3 -45 0.113333 -0.890776 3709.96 0.581737 0.105133 0.199798 0.113333 2.02932 -0.675623 -0.0678247 -0.890776 725449 39328.5 30898.4 3709.96 nan nan nan -44.1934 nan nan nan -1995.66 nan nan nan -0.703282
3 -135 0.105425 -1.15419 5417.81 0.586925 0.10607 0.20158 0.105425 2.02932 -0.675623 -0.0678247 -1.15419 725449 39328.5 30898.4 5417.81 nan nan nan -134.109 nan nan nan 14275.3 nan nan nan -2.20178
3 59 0.0815796 -1.05642 5202.55 0.60257 0.108898 0.206953 0.0815796 2.02932 -0.675623 -0.0678247 -1.05642 725449 39328.5 30898.4 5202.55 nan nan nan 60.1542 nan nan nan -1799.29 nan nan nan 0.817248
2 -75 0.205192 -0.118824 27873.5 0.597443 0.107971 0.205192 0.0893941 2.02932 -0.675623 -0.118824 -1.05642 725449 39328.5 27873.5 5202.55 nan nan -74.9322 nan nan nan -25283.6 nan nan nan -0.426285 nan
0 -278 0.601998 1.98999 648040 0.601998 0.108794 0.199132 0.0900756 1.98999 -0.675623 -0.118824 -1.05642 648040 39328.5 27873.5 5202.55 -280.029 nan nan nan -647033 nan nan nan -0.328776 nan nan nan
0 -90 0.609581 1.97632 571523 0.609581 0.106721 0.195338 0.0883594 1.97632 -0.675623 -0.118824 -1.05642 571523 39328.5 27873.5 5202.55 -91.99 nan nan nan -639578 nan nan nan -0.114272 nan nan nan
0 -203 0.623976 1.94388 508174 0.623976 0.102786 0.188136 0.0851015 1.94388 -0.675623 -0.118824 -1.05642 508174 39328.5 27873.5 5202.55 -204.976 nan nan nan -529508 nan nan nan -0.271136 nan nan nan
0 -233 0.631728 -inf 453982 0.631728 0.100667 0.184257 0.083347 -inf -0.675623 -0.118824 -1.05642 453982 39328.5 27873.5 5202.55 -234.944 nan nan nan -452976 nan nan nan -0.329578 nan nan nan
1 -60 0.273351 -0.711412 35044.4 0 0.273351 0.50033 0.226319 -inf -0.711412 -0.118824 -1.05642 453982 35044.4 27873.5 5202.55 nan -59.3244 nan nan nan -35809.1 nan nan nan -0.299143 nan nan
