0 100 0.25 0.00191449 10000 0.25 0.25 0.25 0.25 0.00191449 0 0 0 10000 1 1 1 100 nan nan nan 0 nan nan nan 1 nan nan nan
1 100 0.225872 0.00191449 10000 0.322384 0.225872 0.225872 0.225872 0.00191449 0.00191449 0 0 10000 10000 1 1 nan 100 nan nan nan 0 nan nan nan 1 nan nan
2 50 0.205991 0.00191449 2500 0.294009 0.294009 0.205991 0.205991 0.00191449 0.00191449 0.00191449 0 10000 10000 2500 1 nan nan 50 nan nan nan 0 nan nan nan 1 nan
3 50 0.198087 0.00191449 2500 0.282728 0.282728 0.236457 0.198087 0.00191449 0.00191449 0.00191449 0.00191449 10000 10000 2500 2500 nan nan nan 50 nan nan nan 0 nan nan nan 1
0 120 0.272281 0.00421184 10008.4 0.272281 0.272281 0.227719 0.227719 0.00421184 0.00191449 0.00191449 0.00191449 10008.4 10000 2500 2500 119.998 nan nan nan 4399.54 nan nan nan 1.19998 nan nan nan
1 80 0.272099 0.00344605 9993.11 0.272766 0.272099 0.227568 0.227568 0.00421184 0.00344605 0.00191449 0.00191449 10008.4 9993.11 2500 2500 nan 79.9981 nan nan nan -3600.31 nan nan nan 0.799981 nan nan
2 60 0.22748 0.0042118 2502.11 0.272661 0.272378 0.22748 0.22748 0.00421184 0.00344605 0.0042118 0.00191449 10008.4 9993.11 2502.11 2500 nan nan 59.9981 nan nan nan 1099.77 nan nan nan 1.19996 nan
3 40 0.227358 0.00344601 2498.28 0.272514 0.272231 0.227898 0.227358 0.00421184 0.00344605 0.0042118 0.00344601 10008.4 9993.11 2502.11 2498.28 nan nan nan 39.9981 nan nan nan -900.153 nan nan nan 0.799962
0 -70 0.272423 0.00287218 9998.64 0.272423 0.27214 0.227821 0.227616 0.00287218 0.00344605 0.0042118 0.00344601 9998.64 9993.11 2502.11 2498.28 -70.0042 nan nan nan -5107.83 nan nan nan -0.699747 nan nan nan
1 110 0.272252 0.00555264 9997.14 0.272123 0.272252 0.227915 0.22771 0.00287218 0.00555264 0.0042118 0.00344601 9998.64 9997.14 2502.11 2498.28 nan 109.997 nan nan nan 2106.13 nan nan nan 1.10034 nan nan
0 90 0.271961 0.00459528 9995.01 0.271961 0.272684 0.22778 0.227575 0.00459528 0.00555264 0.0042118 0.00344601 9995.01 9997.14 2502.11 2498.28 89.9971 nan nan nan -1899.16 nan nan nan 0.900032 nan nan nan
1 120 0.272561 0.00785025 10005.6 0.27229 0.272561 0.227677 0.227472 0.00459528 0.00785025 0.0042118 0.00344601 9995.01 10005.6 2502.11 2498.28 nan 119.994 nan nan nan 4401.53 nan nan nan 1.20012 nan nan
0 -190 0.272108 0.000956757 10045 0.272108 0.273047 0.227525 0.22732 0.000956757 0.00785025 0.0042118 0.00344601 10045 10005.6 2502.11 2498.28 -190.005 nan nan nan 26106.7 nan nan nan -1.90052 nan nan nan
1 90 0.273251 0.00957267 10001.9 0.271564 0.273251 0.227695 0.22749 0.000956757 0.00957267 0.0042118 0.00344601 10045 10001.9 2502.11 2498.28 nan 89.9921 nan nan nan -1906.98 nan nan nan 0.899671 nan nan
2 -10 0.227592 0.00382891 2497.51 0.271441 0.27358 0.227592 0.227387 0.000956757 0.00957267 0.00382891 0.00344601 10045 10001.9 2497.51 2498.28 nan nan -10.0042 nan nan nan -2402.02 nan nan nan -0.2 nan
3 45 0.227415 0.00516951 2497.37 0.271475 0.273614 0.227496 0.227415 0.000956757 0.00957267 0.00382891 0.00516951 10045 10001.9 2497.51 2497.37 nan nan nan 44.9966 nan nan nan -473.587 nan nan nan 0.900241
0 100 0.271371 0.00286694 10044.9 0.271371 0.273509 0.227408 0.227712 0.00286694 0.00957267 0.00382891 0.00516951 10044.9 10001.9 2497.51 2497.37 99.999 nan nan nan -45.1805 nan nan nan 0.997749 nan nan nan
1 100 0.273367 0.0114868 10001.9 0.271748 0.273367 0.227291 0.227594 0.00286694 0.0114868 0.00382891 0.00516951 10044.9 10001.9 2497.51 2497.37 nan 99.9904 nan nan nan -3.82965 nan nan nan 0.999809 nan nan
0 -120 0.271606 0.000574635 10053.2 0.271606 0.273747 0.227172 0.227475 0.000574635 0.0114868 0.00382891 0.00516951 10053.2 10001.9 2497.51 2497.37 -120.003 nan nan nan 4355.79 nan nan nan -1.19734 nan nan nan
1 90 0.273907 0.0132094 9998.26 0.271182 0.273907 0.227304 0.227608 0.000574635 0.0132094 0.00382891 0.00516951 10053.2 9998.26 2497.51 2497.37 nan 89.9885 nan nan nan -1903.98 nan nan nan 0.899799 nan nan
1 120 0.274236 0.0155068 10006.7 0.271059 0.274236 0.227201 0.227504 0.000574635 0.0155068 0.00382891 0.00516951 10053.2 10006.7 2497.51 2497.37 nan 119.987 nan nan nan 4398.57 nan nan nan 1.19997 nan nan
0 120 0.270877 0.00286592 10061.6 0.270877 0.274724 0.227048 0.227351 0.00286592 0.0155068 0.00382891 0.00516951 10061.6 10006.7 2497.51 2497.37 119.999 nan nan nan 4346.62 nan nan nan 1.19681 nan nan nan
1 -1140 0.274542 -0.00631141 12475.7 0.271359 0.274542 0.226898 0.227201 0.00286592 -0.00631141 0.00382891 0.00516951 10061.6 12475.7 2497.51 2497.37 nan -1140.02 nan nan nan 1.28963e+06 nan nan nan -11.3963 nan nan
0 -140 0.269873 0.000193792 10079.8 0.269873 0.278516 0.225655 0.225957 0.000193792 -0.00631141 0.00382891 0.00516951 10079.8 12475.7 2497.51 2497.37 -140.003 nan nan nan 9539.24 nan nan nan -1.39574 nan nan nan
2 55 0.225798 0.00593575 2498.52 0.26941 0.278692 0.225798 0.2261 0.000193792 -0.00631141 0.00593575 0.00516951 10079.8 12475.7 2498.52 2497.37 nan nan 54.9962 nan nan nan 527.072 nan nan nan 1.10047 nan
3 45 0.22599 0.00689326 2496.46 0.26928 0.278557 0.226173 0.22599 0.000193792 -0.00631141 0.00593575 0.00689326 10079.8 12475.7 2498.52 2496.46 nan nan nan 44.9948 nan nan nan -472.835 nan nan nan 0.90037
2 5 0.226086 0.00612703 2493.78 0.269177 0.278451 0.226086 0.226286 0.000193792 -0.00631141 0.00612703 0.00689326 10079.8 12475.7 2493.78 2496.46 nan nan 4.99406 nan nan nan -2473.58 nan nan nan 0.0999109 nan
3 55 0.226285 0.00900043 2497.48 0.269176 0.278449 0.22609 0.226285 0.000193792 -0.00631141 0.00612703 0.00900043 10079.8 12475.7 2493.78 2497.48 nan nan nan 54.9931 nan nan nan 527.777 nan nan nan 1.10064
1 80 0.278314 -0.00494007 12464 0.269045 0.278314 0.22598 0.22666 0.000193792 -0.00494007 0.00612703 0.00900043 10079.8 12464 2493.78 2497.48 nan 80.0063 nan nan nan -6074.66 nan nan nan 0.716296 nan nan
0 -260 0.268956 -0.00476414 10189.9 0.268956 0.278552 0.225906 0.226586 -0.00476414 -0.00494007 0.00612703 0.00900043 10189.9 12464 2493.78 2497.48 -260 nan nan nan 57520.3 nan nan nan -2.58969 nan nan nan
2 45 0.226088 0.00785198 2492.88 0.268366 0.278777 0.226088 0.226769 -0.00476414 -0.00494007 0.00785198 0.00900043 10189.9 12464 2492.88 2497.48 nan nan 44.9939 nan nan nan -469.332 nan nan nan 0.900999 nan
3 60 0.226682 0.0112986 2499.58 0.268264 0.27867 0.226384 0.226682 -0.00476414 -0.00494007 0.00785198 0.0112986 10189.9 12464 2492.88 2499.58 nan nan nan 59.991 nan nan nan 1101.44 nan nan nan 1.20043
2 0 0.226262 0.00785168 2488.11 0.268119 0.27852 0.226262 0.227098 -0.00476414 -0.00494007 0.00785168 0.0112986 10189.9 12464 2488.11 2499.58 nan nan -0.00785198 nan nan nan -2492.88 nan nan nan -0.000157264 nan
3 40 0.227107 0.0128299 2497.86 0.26813 0.278531 0.226232 0.227107 -0.00476414 -0.00494007 0.00785168 0.0128299 10189.9 12464 2488.11 2497.86 nan nan nan 39.9887 nan nan nan -900.488 nan nan nan 0.799841
1 110 0.278438 -0.00305366 12463.3 0.26804 0.278438 0.226157 0.227365 -0.00476414 -0.00305366 0.00785168 0.0128299 10189.9 12463.3 2488.11 2497.86 nan 110.005 nan nan nan -362.948 nan nan nan 0.985333 nan nan
1 100 0.278815 -0.00133872 12458.6 0.2679 0.278815 0.226039 0.227246 -0.00476414 -0.00133872 0.00785168 0.0128299 10189.9 12458.6 2488.11 2497.86 nan 100.003 nan nan nan -2462.73 nan nan nan 0.895769 nan nan
1 90 0.279145 0.000204994 12450.3 0.267777 0.279145 0.225935 0.227142 -0.00476414 0.000204994 0.00785168 0.0128299 10189.9 12450.3 2488.11 2497.86 nan 90.0013 nan nan nan -4358.38 nan nan nan 0.806332 nan nan
2 45 0.225846 0.00957853 2487.22 0.267672 0.279429 0.225846 0.227053 -0.00476414 0.000204994 0.00957853 0.0128299 10189.9 12450.3 2487.22 2497.86 nan nan 44.9921 nan nan nan -463.816 nan nan nan 0.901991 nan
1 -1370 0.279322 -0.0233013 16019.8 0.26757 0.279322 0.226143 0.226966 -0.00476414 -0.0233013 0.00957853 0.0128299 10189.9 16019.8 2487.22 2497.86 nan -1370 nan nan nan 1.86445e+06 nan nan nan -12.2781 nan nan
2 10 0.224231 0.00996205 2482.65 0.265307 0.285414 0.224231 0.225047 -0.00476414 -0.0233013 0.00996205 0.0128299 10189.9 16019.8 2482.65 2497.86 nan nan 9.99042 nan nan nan -2387.41 nan nan nan 0.200321 nan
2 -10 0.224269 0.00957743 2478.09 0.265294 0.2854 0.224269 0.225036 -0.00476414 -0.0233013 0.00957743 0.0128299 10189.9 16019.8 2478.09 2497.86 nan nan -10.01 nan nan nan -2382.45 nan nan nan -0.200898 nan
3 55 0.225064 0.0149363 2498.87 0.265327 0.285435 0.224174 0.225064 -0.00476414 -0.0233013 0.00957743 0.0149363 10189.9 16019.8 2478.09 2498.87 nan nan nan 54.9872 nan nan nan 525.729 nan nan nan 1.10021
1 120 0.285298 -0.0214858 16016.7 0.265199 0.285298 0.224066 0.225438 -0.00476414 -0.0214858 0.00957743 0.0149363 10189.9 16016.7 2478.09 2498.87 nan 120.023 nan nan nan -1614.16 nan nan nan 0.948282 nan nan
0 110 0.265065 -0.00267783 10193.6 0.265065 0.285659 0.223953 0.225324 -0.00267783 -0.0214858 0.00957743 0.0149363 10193.6 16016.7 2478.09 2498.87 110.005 nan nan nan 1911.1 nan nan nan 1.08975 nan nan nan
0 -220 0.265484 -0.00684946 10266.8 0.265484 0.285496 0.223825 0.225195 -0.00684946 -0.0214858 0.00957743 0.0149363 10266.8 16016.7 2478.09 2498.87 -219.997 nan nan nan 38205.2 nan nan nan -2.17898 nan nan nan
2 55 0.223996 0.0116923 2479.13 0.264923 0.285714 0.223996 0.225367 -0.00684946 -0.0214858 0.0116923 0.0149363 10266.8 16016.7 2479.13 2498.87 nan nan 54.9904 nan nan nan 545.857 nan nan nan 1.10466 nan
2 30 0.22437 0.0128454 2476.11 0.264795 0.285576 0.22437 0.225258 -0.00684946 -0.0214858 0.0128454 0.0149363 10266.8 16016.7 2476.11 2498.87 nan nan 29.9883 nan nan nan -1579.84 nan nan nan 0.602285 nan
1 130 0.285509 -0.0195189 16018.4 0.264733 0.285509 0.224552 0.225206 -0.00684946 -0.0195189 0.0128454 0.0149363 10266.8 16018.4 2476.11 2498.87 nan 130.021 nan nan nan 888.924 nan nan nan 1.02738 nan nan
3 50 0.225077 0.0168506 2498.87 0.264583 0.285916 0.224424 0.225077 -0.00684946 -0.0195189 0.0128454 0.0168506 10266.8 16018.4 2476.11 2498.87 nan nan nan 49.9851 nan nan nan -0.359811 nan nan nan 0.999928
1 110 0.285792 -0.0178547 16010.9 0.264469 0.285792 0.224327 0.225412 -0.00684946 -0.0178547 0.0128454 0.0168506 10266.8 16010.9 2476.11 2498.87 nan 110.02 nan nan nan -3914.07 nan nan nan 0.869282 nan nan
2 -10 0.224228 0.0124601 2471.56 0.264351 0.286111 0.224228 0.225311 -0.00684946 -0.0178547 0.0124601 0.0168506 10266.8 16010.9 2471.56 2498.87 nan nan -10.0128 nan nan nan -2375.85 nan nan nan -0.201221 nan
1 90 0.286146 -0.0164927 15995.7 0.264383 0.286146 0.224132 0.225339 -0.00684946 -0.0164927 0.0124601 0.0168506 10266.8 15995.7 2471.56 2498.87 nan 90.0179 nan nan nan -7907.66 nan nan nan 0.711412 nan nan
1 100 0.28638 -0.0149787 15984.3 0.264296 0.28638 0.224058 0.225265 -0.00684946 -0.0149787 0.0124601 0.0168506 10266.8 15984.3 2471.56 2498.87 nan 100.016 nan nan nan -5992.43 nan nan nan 0.790805 nan nan
1 120 0.286657 -0.0131613 15981.2 0.264194 0.286657 0.223972 0.225178 -0.00684946 -0.0131613 0.0124601 0.0168506 10266.8 15981.2 2471.56 2498.87 nan 120.015 nan nan nan -1580.66 nan nan nan 0.949269 nan nan
1 -1630 0.28702 -0.0378463 21037.2 0.26406 0.28702 0.223858 0.225063 -0.00684946 -0.0378463 0.0124601 0.0168506 10266.8 21037.2 2471.56 2498.87 nan -1629.99 nan nan nan 2.64088e+06 nan nan nan -12.8937 nan nan
3 -190 0.222333 0.00957326 2563.21 0.260857 0.295668 0.221143 0.222333 -0.00684946 -0.0378463 0.0124601 0.00957326 10266.8 21037.2 2471.56 2563.21 nan nan nan -190.017 nan nan nan 33607.5 nan nan nan -3.8012
2 45 0.221388 0.0141926 2470.7 0.261146 0.295995 0.221388 0.221471 -0.00684946 -0.0378463 0.0141926 0.00957326 10266.8 21037.2 2470.7 2563.21 nan nan 44.9875 nan nan nan -447.683 nan nan nan 0.904912 nan
2 45 0.221681 0.0159252 2469.85 0.261048 0.295884 0.221681 0.221388 -0.00684946 -0.0378463 0.0159252 0.00957326 10266.8 21037.2 2469.85 2563.21 nan nan 44.9858 nan nan nan -446.981 nan nan nan 0.905035 nan
3 55 0.221304 0.0116527 2564.09 0.260949 0.295772 0.221975 0.221304 -0.00684946 -0.0378463 0.0159252 0.0116527 10266.8 21037.2 2469.85 2564.09 nan nan nan 54.9904 nan nan nan 460.74 nan nan nan 1.08616
1 110 0.295634 -0.0363938 21020.1 0.260827 0.295634 0.221871 0.221668 -0.00684946 -0.0363938 0.0159252 0.0116527 10266.8 21020.1 2469.85 2564.09 nan 110.038 nan nan nan -8928.84 nan nan nan 0.758662 nan nan
2 40 0.22179 0.0174655 2468.18 0.260731 0.295892 0.22179 0.221587 -0.00684946 -0.0363938 0.0174655 0.0116527 10266.8 21020.1 2468.18 2564.09 nan nan 39.9841 nan nan nan -871.122 nan nan nan 0.804548 nan
3 40 0.221514 0.0131646 2562.24 0.260646 0.295795 0.222045 0.221514 -0.00684946 -0.0363938 0.0174655 0.0131646 10266.8 21020.1 2468.18 2562.24 nan nan nan 39.9883 nan nan nan -965.021 nan nan nan 0.789709
1 140 0.2957 -0.0345447 21017.4 0.260562 0.2957 0.221974 0.221764 -0.00684946 -0.0345447 0.0174655 0.0131646 10266.8 21017.4 2468.18 2562.24 nan 140.036 nan nan nan -1409.88 nan nan nan 0.965881 nan nan
0 90 0.260422 -0.00514883 10262.6 0.260422 0.296079 0.221855 0.221644 -0.00514883 -0.0345447 0.0174655 0.0131646 10262.6 21017.4 2468.18 2562.24 90.0068 nan nan nan -2165.52 nan nan nan 0.888299 nan nan nan
2 25 0.221761 0.0184283 2464.65 0.260736 0.295953 0.221761 0.22155 -0.00514883 -0.0345447 0.0184283 0.0131646 10262.6 21017.4 2464.65 2562.24 nan nan 24.9825 nan nan nan -1844.05 nan nan nan 0.502861 nan
3 60 0.221509 0.0154334 2564.23 0.260687 0.295898 0.221905 0.221509 -0.00514883 -0.0345447 0.0184283 0.0154334 10262.6 21017.4 2464.65 2564.23 nan nan nan 59.9868 nan nan nan 1036.18 nan nan nan 1.18508
1 130 0.295745 -0.0328275 21009.5 0.260552 0.295745 0.22179 0.221913 -0.00514883 -0.0328275 0.0184283 0.0154334 10262.6 21009.5 2464.65 2564.23 nan 130.035 nan nan nan -4108.39 nan nan nan 0.896953 nan nan
2 -15 0.221684 0.0178491 2460.36 0.260427 0.296082 0.221684 0.221807 -0.00514883 -0.0328275 0.0178491 0.0154334 10262.6 21009.5 2460.36 2564.23 nan nan -15.0184 nan nan nan -2239.1 nan nan nan -0.302515 nan
1 100 0.296131 -0.0315062 20988.4 0.26047 0.296131 0.221557 0.221843 -0.00514883 -0.0315062 0.0178491 0.0154334 10262.6 20988.4 2460.36 2564.23 nan 100.033 nan nan nan -11002.9 nan nan nan 0.690136 nan nan
3 40 0.221773 0.0169451 2562.38 0.260388 0.296352 0.221487 0.221773 -0.00514883 -0.0315062 0.0178491 0.0169451 10262.6 20988.4 2460.36 2562.38 nan nan nan 39.9846 nan nan nan -965.46 nan nan nan 0.789613
0 -150 0.260304 -0.00798348 10286 0.260304 0.296257 0.221416 0.222023 -0.00798348 -0.0315062 0.0178491 0.0169451 10286 20988.4 2460.36 2562.38 -149.995 nan nan nan 12235.9 nan nan nan -1.48063 nan nan nan
1 110 0.296443 -0.0300521 20971.4 0.259838 0.296443 0.221556 0.222163 -0.00798348 -0.0300521 0.0178491 0.0169451 10286 20971.4 2460.36 2562.38 nan 110.032 nan nan nan -8881.51 nan nan nan 0.759499 nan nan
2 70 0.221474 0.0205502 2465.03 0.259742 0.296703 0.221474 0.222081 -0.00798348 -0.0300521 0.0205502 0.0169451 10286 20971.4 2465.03 2562.38 nan nan 69.9822 nan nan nan 2437.14 nan nan nan 1.41087 nan
3 45 0.221939 0.0186464 2561.35 0.259577 0.296514 0.221969 0.221939 -0.00798348 -0.0300521 0.0205502 0.0186464 10286 20971.4 2465.03 2561.35 nan nan nan 44.9831 nan nan nan -538.902 nan nan nan 0.888643
2 -10 0.221887 0.0201638 2460.5 0.259481 0.296405 0.221887 0.222227 -0.00798348 -0.0300521 0.0201638 0.0186464 10286 20971.4 2460.5 2561.35 nan nan -10.0206 nan nan nan -2364.62 nan nan nan -0.201828 nan
1 120 0.296441 -0.0284653 20958.9 0.259513 0.296441 0.221792 0.222254 -0.00798348 -0.0284653 0.0201638 0.0186464 10286 20958.9 2460.5 2561.35 nan 120.03 nan nan nan -6564.22 nan nan nan 0.82885 nan nan
1 120 0.29674 -0.026878 20946.3 0.259403 0.29674 0.221698 0.22216 -0.00798348 -0.026878 0.0201638 0.0186464 10286 20946.3 2460.5 2561.35 nan 120.028 nan nan nan -6552.04 nan nan nan 0.829087 nan nan
3 55 0.222065 0.0207263 2562.23 0.259292 0.297039 0.221604 0.222065 -0.00798348 -0.026878 0.0201638 0.0207263 10286 20946.3 2460.5 2562.23 nan nan nan 54.9814 nan nan nan 461.604 nan nan nan 1.08638
1 140 0.296899 -0.0250257 20943.8 0.259171 0.296899 0.2215 0.22243 -0.00798348 -0.0250257 0.0201638 0.0207263 10286 20943.8 2460.5 2562.23 nan 140.027 nan nan nan -1338.8 nan nan nan 0.967515 nan nan
1 110 0.297279 -0.0235702 20926.8 0.259031 0.297279 0.22138 0.22231 -0.00798348 -0.0235702 0.0201638 0.0207263 10286 20926.8 2460.5 2562.23 nan 110.025 nan nan nan -8838.26 nan nan nan 0.760263 nan nan
2 60 0.221298 0.0224788 2462.68 0.258935 0.29754 0.221298 0.222227 -0.00798348 -0.0235702 0.0224788 0.0207263 10286 20926.8 2462.68 2562.23 nan nan 59.9798 nan nan nan 1137.08 nan nan nan 1.20919 nan
2 40 0.221711 0.0240211 2461.02 0.258797 0.297382 0.221711 0.22211 -0.00798348 -0.0235702 0.0240211 0.0207263 10286 20926.8 2461.02 2562.23 nan nan 39.9775 nan nan nan -864.477 nan nan nan 0.805586 nan
1 130 0.297284 -0.0218495 20919.1 0.258712 0.297284 0.221967 0.222037 -0.00798348 -0.0218495 0.0240211 0.0207263 10286 20919.1 2461.02 2562.23 nan 130.024 nan nan nan -4020.71 nan nan nan 0.898815 nan nan
3 65 0.221929 0.0231839 2565.41 0.258587 0.297624 0.22186 0.221929 -0.00798348 -0.0218495 0.0240211 0.0231839 10286 20919.1 2461.02 2565.41 nan nan nan 64.9793 nan nan nan 1660.08 nan nan nan 1.28371
2 55 0.221733 0.0261427 2462.1 0.25844 0.297454 0.221733 0.222373 -0.00798348 -0.0218495 0.0261427 0.0231839 10286 20919.1 2462.1 2565.41 nan nan 54.976 nan nan nan 561.334 nan nan nan 1.10819 nan
3 70 0.222267 0.0258289 2569.87 0.258316 0.297312 0.222106 0.222267 -0.00798348 -0.0218495 0.0261427 0.0258289 10286 20919.1 2462.1 2569.87 nan nan nan 69.9768 nan nan nan 2331.35 nan nan nan 1.38158
1 -1860 0.297126 -0.0464695 27502.3 0.258155 0.297126 0.221967 0.222752 -0.00798348 -0.0464695 0.0261427 0.0258289 10286 27502.3 2462.1 2569.87 nan -1859.98 nan nan nan 3.4386e+06 nan nan nan -12.8598 nan nan
2 30 0.218558 0.0272992 2459.11 0.254189 0.307922 0.218558 0.21933 -0.00798348 -0.0464695 0.0272992 0.0258289 10286 27502.3 2459.11 2569.87 nan nan 29.9739 nan nan nan -1563.67 nan nan nan 0.604074 nan
3 50 0.21928 0.0277163 2569.73 0.254131 0.307852 0.218737 0.21928 -0.00798348 -0.0464695 0.0272992 0.0277163 10286 27502.3 2459.11 2569.73 nan nan nan 49.9742 nan nan nan -72.4527 nan nan nan 0.985803
0 -80 0.254026 -0.00949348 10278.6 0.254026 0.307725 0.218647 0.219602 -0.00949348 -0.0464695 0.0272992 0.0277163 10278.6 27502.3 2459.11 2569.73 -79.992 nan nan nan -3887.31 nan nan nan -0.78872 nan nan nan
1 120 0.307853 -0.0450837 27477.2 0.253715 0.307853 0.218738 0.219694 -0.00949348 -0.0450837 0.0272992 0.0277163 10278.6 27477.2 2459.11 2569.73 nan 120.046 nan nan nan -13091.2 nan nan nan 0.723877 nan nan
2 15 0.218663 0.0278772 2454.83 0.253628 0.308091 0.218663 0.219618 -0.00949348 -0.0450837 0.0278772 0.0277163 10278.6 27477.2 2454.83 2569.73 nan nan 14.9727 nan nan nan -2234.92 nan nan nan 0.301934 nan
3 -205 0.219598 0.019973 2645.29 0.253605 0.308062 0.218735 0.219598 -0.00949348 -0.0450837 0.0278772 0.019973 10278.6 27477.2 2454.83 2645.29 nan nan nan -205.028 nan nan nan 39466.6 nan nan nan -4.04454
2 10 0.21898 0.0282626 2450.32 0.253888 0.308407 0.21898 0.218725 -0.00949348 -0.0450837 0.0282626 0.019973 10278.6 27477.2 2450.32 2645.29 nan nan 9.97212 nan nan nan -2355.38 nan nan nan 0.201269 nan
2 55 0.219018 0.0303887 2451.41 0.253876 0.308392 0.219018 0.218715 -0.00949348 -0.0450837 0.0303887 0.019973 10278.6 27477.2 2451.41 2645.29 nan nan 54.9717 nan nan nan 571.575 nan nan nan 1.11052 nan
1 110 0.308245 -0.0438127 27447.8 0.253755 0.308245 0.219389 0.218611 -0.00949348 -0.0438127 0.0303887 0.019973 10278.6 27447.8 2451.41 2645.29 nan 110.045 nan nan nan -15367.3 nan nan nan 0.663872 nan nan
2 40 0.219324 0.0319342 2449.78 0.253681 0.308449 0.219324 0.218547 -0.00949348 -0.0438127 0.0319342 0.019973 10278.6 27447.8 2449.78 2645.29 nan nan 39.9696 nan nan nan -853.842 nan nan nan 0.807276 nan
2 -35 0.219579 0.0305791 2447.44 0.253598 0.308348 0.219579 0.218475 -0.00949348 -0.0438127 0.0305791 0.019973 10278.6 27447.8 2447.44 2645.29 nan nan -35.0319 nan nan nan -1222.54 nan nan nan -0.707784 nan
3 60 0.218544 0.0222057 2647.11 0.253678 0.308445 0.219332 0.218544 -0.00949348 -0.0438127 0.0305791 0.0222057 10278.6 27447.8 2447.44 2647.11 nan nan nan 59.98 nan nan nan 952.313 nan nan nan 1.16619
1 130 0.308291 -0.0423099 27427.7 0.253551 0.308291 0.219222 0.218937 -0.00949348 -0.0423099 0.0305791 0.0222057 10278.6 27427.7 2447.44 2647.11 nan 130.044 nan nan nan -10536.4 nan nan nan 0.784939 nan nan
0 100 0.25 0.00191449 10000 0.25 0.25 0.25 0.25 0.00191449 0 0 0 10000 1 1 1 100 nan nan nan 0 nan nan nan 1 nan nan nan
1 250 0.225872 0.00191449 62500 0.322384 0.225872 0.225872 0.225872 0.00191449 0.00191449 0 0 10000 62500 1 1 nan 250 nan nan nan 0 nan nan nan 1 nan nan
2 250 0.170441 0.00191449 62500 0.243269 0.415849 0.170441 0.170441 0.00191449 0.00191449 0.00191449 0 10000 62500 62500 1 nan nan 250 nan nan nan 0 nan nan nan 1 nan
3 100 0.136856 0.00191449 10000 0.195333 0.333906 0.333906 0.136856 0.00191449 0.00191449 0.00191449 0.00191449 10000 62500 62500 10000 nan nan nan 100 nan nan nan 0 nan nan nan 1
2 220 0.315459 0.00359923 62473 0.184541 0.315459 0.315459 0.184541 0.00191449 0.00191449 0.00359923 0.00191449 10000 62500 62473 10000 nan nan 219.998 nan nan nan -14100.8 nan nan nan 0.879992 nan
2 265 0.315781 0.005629 62487.8 0.184454 0.31531 0.315781 0.184454 0.00191449 0.00191449 0.005629 0.00191449 10000 62500 62487.8 10000 nan nan 264.996 nan nan nan 7750.09 nan nan nan 1.06021 nan
2 108 0.316243 0.00645609 62390.5 0.18433 0.315098 0.316243 0.18433 0.00191449 0.00191449 0.00645609 0.00191449 10000 62500 62390.5 10000 nan nan 107.994 nan nan nan -50825.1 nan nan nan 0.43202 nan
2 108 0.316271 0.00728383 62293.4 0.184322 0.315085 0.316271 0.184322 0.00191449 0.00191449 0.00728383 0.00191449 10000 62500 62293.4 10000 nan nan 107.994 nan nan nan -50727.9 nan nan nan 0.432353 nan
2 -673 0.3163 0.00212143 63041.3 0.184314 0.315071 0.3163 0.184314 0.00191449 0.00191449 0.00212143 0.00191449 10000 62500 63041.3 10000 nan nan -673.007 nan nan nan 390645 nan nan nan -2.69649 nan
1 220 0.315054 0.00359923 62473 0.184304 0.315054 0.316338 0.184304 0.00191449 0.00359923 0.00212143 0.00191449 10000 62473 63041.3 10000 nan 219.998 nan nan nan -14100.8 nan nan nan 0.879992 nan nan
1 80 0.315376 0.00421197 62365.7 0.184218 0.315376 0.316189 0.184218 0.00191449 0.00421197 0.00212143 0.00191449 10000 62365.7 63041.3 10000 nan 79.9964 nan nan nan -56073.6 nan nan nan 0.320055 nan nan
1 280 0.315342 0.00635847 62396.3 0.184227 0.315342 0.316205 0.184227 0.00191449 0.00635847 0.00212143 0.00191449 10000 62396.3 63041.3 10000 nan 279.996 nan nan nan 16032 nan nan nan 1.12119 nan nan
0 -130 0.184089 -0.000574384 10013.2 0.184089 0.315853 0.315969 0.184089 -0.000574384 0.00635847 0.00212143 0.00191449 10013.2 62396.3 63041.3 10000 -130.002 nan nan nan 6900.5 nan nan nan -1.30002 nan nan nan
3 117 0.184165 0.00415441 10007.1 0.183751 0.315984 0.3161 0.184165 -0.000574384 0.00635847 0.00212143 0.00415441 10013.2 62396.3 63041.3 10007.1 nan nan nan 116.998 nan nan nan 3688.55 nan nan nan 1.16998
3 30 0.184521 0.00472847 9989.63 0.183671 0.315846 0.315962 0.184521 -0.000574384 0.00635847 0.00212143 0.00472847 10013.2 62396.3 63041.3 9989.63 nan nan nan 29.9958 nan nan nan -9107.31 nan nan nan 0.299853
3 280 0.184561 0.0100917 10120.6 0.183662 0.315831 0.315947 0.184561 -0.000574384 0.00635847 0.00212143 0.0100917 10013.2 62396.3 63041.3 10120.6 nan nan nan 279.995 nan nan nan 68407.7 nan nan nan 2.80141
3 -15 0.185722 0.00980609 10101.6 0.1834 0.315381 0.315497 0.185722 -0.000574384 0.00635847 0.00212143 0.00980609 10013.2 62396.3 63041.3 10101.6 nan nan nan -15.0101 nan nan nan -9895.29 nan nan nan -0.149204
2 235 0.315533 0.00391329 63026.3 0.183422 0.315418 0.315533 0.185628 -0.000574384 0.00635847 0.00391329 0.00980609 10013.2 62396.3 63026.3 10101.6 nan nan 234.998 nan nan nan -7817.3 nan nan nan 0.935947 nan
2 90 0.315897 0.00459959 62921.2 0.183324 0.31525 0.315897 0.185529 -0.000574384 0.00635847 0.00459959 0.00980609 10013.2 62396.3 62921.2 10101.6 nan nan 89.9961 nan nan nan -54927 nan nan nan 0.358478 nan
2 117 0.315884 0.00549253 62826.9 0.183328 0.315256 0.315884 0.185533 -0.000574384 0.00635847 0.00549253 0.00980609 10013.2 62396.3 62826.9 10101.6 nan nan 116.995 nan nan nan -49233.3 nan nan nan 0.466413 nan
2 -470 0.315931 0.00190263 63129.6 0.183315 0.315234 0.315931 0.18552 -0.000574384 0.00635847 0.00190263 0.00980609 10013.2 62396.3 63129.6 10101.6 nan nan -470.005 nan nan nan 158078 nan nan nan -1.87512 nan
1 110 0.315377 0.0072015 62300.1 0.183398 0.315377 0.315621 0.185604 -0.000574384 0.0072015 0.00190263 0.00980609 10013.2 62300.1 63129.6 10101.6 nan 109.994 nan nan nan -50297.7 nan nan nan 0.44034 nan nan
3 90 0.185595 0.0115202 10097.8 0.183389 0.31541 0.315606 0.185595 -0.000574384 0.0072015 0.00190263 0.0115202 10013.2 62300.1 63129.6 10097.8 nan nan nan 89.9902 nan nan nan -2003.41 nan nan nan 0.895363
3 -520 0.185844 0.00161302 10596.2 0.183333 0.315314 0.31551 0.185844 -0.000574384 0.0072015 0.00190263 0.00161302 10013.2 62300.1 63129.6 10596.2 nan nan nan -520.012 nan nan nan 260314 nan nan nan -5.17487
1 -775 0.315381 0.00125701 63330.7 0.183372 0.315381 0.315577 0.18567 -0.000574384 0.00125701 0.00190263 0.00161302 10013.2 63330.7 63129.6 10596.2 nan -775.007 nan nan nan 538336 nan nan nan -3.105 nan nan
0 265 0.183291 0.00449568 10128.5 0.183291 0.315685 0.315437 0.185587 0.00449568 0.00125701 0.00190263 0.00161302 10128.5 63330.7 63129.6 10596.2 265.001 nan nan nan 60212.1 nan nan nan 2.64826 nan nan nan
2 265 0.315024 0.00392183 63143.1 0.184359 0.315272 0.315024 0.185345 0.00449568 0.00125701 0.00392183 0.00161302 10128.5 63330.7 63143.1 10596.2 nan nan 264.998 nan nan nan 7094.43 nan nan nan 1.05469 nan
2 250 0.315481 0.00582651 63141.9 0.184237 0.315061 0.315481 0.185221 0.00449568 0.00125701 0.00582651 0.00161302 10128.5 63330.7 63141.9 10596.2 nan nan 249.996 nan nan nan -645.108 nan nan nan 0.994879 nan
3 280 0.18511 0.00682057 10726 0.184126 0.314873 0.315891 0.18511 0.00449568 0.00125701 0.00582651 0.00682057 10128.5 63330.7 63141.9 10726 nan nan nan 279.998 nan nan nan 67802.9 nan nan nan 2.72007
2 285 0.315454 0.00799787 63176.5 0.183872 0.314437 0.315454 0.186237 0.00449568 0.00125701 0.00799787 0.00682057 10128.5 63330.7 63176.5 10726 nan nan 284.994 nan nan nan 18079.8 nan nan nan 1.13417 nan
3 -250 0.186095 0.00219904 10825.1 0.183731 0.314197 0.315976 0.186095 0.00449568 0.00125701 0.00799787 0.00219904 10128.5 63330.7 63176.5 10825.1 nan nan nan -250.007 nan nan nan 51777.4 nan nan nan -2.41398
1 80 0.314368 0.0018656 63221.7 0.183831 0.314368 0.316147 0.185654 0.00449568 0.0018656 0.00799787 0.00219904 10128.5 63221.7 63176.5 10825.1 nan 79.9987 nan nan nan -56930.9 nan nan nan 0.317889 nan nan
2 90 0.316164 0.00868332 63071.1 0.183841 0.314332 0.316164 0.185664 0.00449568 0.0018656 0.00868332 0.00219904 10128.5 63221.7 63071.1 10825.1 nan nan 89.992 nan nan nan -55078 nan nan nan 0.358035 nan
2 -606 0.31615 0.00406359 63653.4 0.183844 0.314338 0.31615 0.185668 0.00449568 0.0018656 0.00406359 0.00219904 10128.5 63221.7 63653.4 10825.1 nan nan -606.009 nan nan nan 304175 nan nan nan -2.41304 nan
1 280 0.314387 0.00399755 63250.8 0.183872 0.314387 0.316045 0.185696 0.00449568 0.00399755 0.00406359 0.00219904 10128.5 63250.8 63653.4 10825.1 nan 279.998 nan nan nan 15177.3 nan nan nan 1.11358 nan nan
3 -362 0.185559 -0.0044621 11055.3 0.183737 0.314891 0.315813 0.185559 0.00449568 0.00399755 0.00406359 -0.0044621 10128.5 63250.8 63653.4 11055.3 nan nan nan -362.002 nan nan nan 120220 nan nan nan -3.47932
1 -1060 0.31505 -0.0040716 65280.8 0.18383 0.31505 0.315972 0.185147 0.00449568 -0.0040716 0.00406359 -0.0044621 10128.5 65280.8 63653.4 11055.3 nan -1060 nan nan nan 1.06036e+06 nan nan nan -4.21478 nan nan
2 84 0.31535 0.00470097 63545.1 0.183468 0.316399 0.31535 0.184783 0.00449568 -0.0040716 0.00470097 -0.0044621 10128.5 65280.8 63545.1 11055.3 nan nan 83.9959 nan nan nan -56598.1 nan nan nan 0.332926 nan
0 -145 0.183476 0.00173725 10149.4 0.183476 0.316412 0.315322 0.18479 0.00173725 -0.0040716 0.00470097 -0.0044621 10149.4 65280.8 63545.1 11055.3 -145.004 nan nan nan 10897.8 nan nan nan -1.44082 nan nan nan
1 285 0.31655 -0.00193605 65311.3 0.183118 0.31655 0.31546 0.184871 0.00173725 -0.00193605 0.00470097 -0.0044621 10149.4 65311.3 63545.1 11055.3 nan 285.004 nan nan nan 15946.5 nan nan nan 1.11547 nan nan
3 108 0.184734 -0.00249552 11056.4 0.182982 0.317059 0.315225 0.184734 0.00173725 -0.00193605 0.00470097 -0.00249552 10149.4 65311.3 63545.1 11056.4 nan nan nan 108.004 nan nan nan 609.687 nan nan nan 1.0272
0 235 0.182915 0.00620304 10235.6 0.182915 0.316942 0.31511 0.185033 0.00620304 -0.00193605 0.00470097 -0.00249552 10235.6 65311.3 63545.1 11056.4 234.998 nan nan nan 45074.8 nan nan nan 2.33263 nan nan nan
3 -177 0.18483 -0.00571817 11095.3 0.183812 0.316594 0.314763 0.18483 0.00620304 -0.00193605 0.00470097 -0.00571817 10235.6 65311.3 63545.1 11095.3 nan nan nan -176.998 nan nan nan 20271.7 nan nan nan -1.68329
1 110 0.316744 -0.00111198 65209.5 0.183899 0.316744 0.314913 0.184444 0.00620304 -0.00111198 0.00470097 -0.00571817 10235.6 65209.5 63545.1 11095.3 nan 110.002 nan nan nan -53210.9 nan nan nan 0.430434 nan nan
1 250 0.316768 0.000762318 65204.3 0.183893 0.316768 0.314901 0.184438 0.00620304 0.000762318 0.00470097 -0.00571817 10235.6 65204.3 63545.1 11095.3 nan 250.001 nan nan nan -2708.9 nan nan nan 0.979009 nan nan
1 90 0.317166 0.00143709 65094.9 0.183786 0.317166 0.314718 0.18433 0.00620304 0.00143709 0.00470097 -0.00571817 10235.6 65094.9 63545.1 11095.3 nan 89.9992 nan nan nan -57104.4 nan nan nan 0.352453 nan nan
2 99 0.314727 0.00545281 63442.2 0.183791 0.317147 0.314727 0.184335 0.00620304 0.00143709 0.00545281 -0.00571817 10235.6 65094.9 63442.2 11095.3 nan nan 98.9953 nan nan nan -53745 nan nan nan 0.392712 nan
1 -905 0.317144 -0.00535384 66538.3 0.18379 0.317144 0.314732 0.184334 0.00620304 -0.00535384 0.00545281 -0.00571817 10235.6 66538.3 63442.2 11095.3 nan -905.001 nan nan nan 753933 nan nan nan -3.54712 nan nan
2 117 0.314406 0.00634208 63346.9 0.183599 0.317852 0.314406 0.184143 0.00620304 -0.00535384 0.00634208 -0.00571817 10235.6 66538.3 63346.9 11095.3 nan nan 116.995 nan nan nan -49754.4 nan nan nan 0.46449 nan
2 134 0.314452 0.00736131 63260 0.183587 0.31783 0.314452 0.184131 0.00620304 -0.00535384 0.00736131 -0.00571817 10235.6 66538.3 63260 11095.3 nan nan 133.994 nan nan nan -45392.6 nan nan nan 0.53238 nan
2 -448 0.314538 0.00395116 63523.2 0.183564 0.31779 0.314538 0.184108 0.00620304 -0.00535384 0.00395116 -0.00571817 10235.6 66538.3 63523.2 11095.3 nan nan -448.007 nan nan nan 137451 nan nan nan -1.78123 nan
0 100 0.183653 0.00809525 10235.2 0.183653 0.317944 0.314206 0.184197 0.00809525 -0.00535384 0.00395116 -0.00571817 10235.2 66538.3 63523.2 11095.3 99.9938 nan nan nan -236.886 nan nan nan 0.988361 nan nan nan
1 280 0.317834 -0.00327566 66561.1 0.183936 0.317834 0.314097 0.184133 0.00809525 -0.00327566 0.00395116 -0.00571817 10235.2 66561.1 63523.2 11095.3 nan 280.005 nan nan nan 11864.7 nan nan nan 1.0855 nan nan
3 -425 0.184002 -0.0134426 11419.8 0.183805 0.318319 0.313874 0.184002 0.00809525 -0.00327566 0.00395116 -0.0134426 10235.2 66561.1 63523.2 11419.8 nan nan nan -424.994 nan nan nan 169525 nan nan nan -4.03473
1 295 0.318451 -0.00108653 66600.2 0.183881 0.318451 0.314004 0.183663 0.00809525 -0.00108653 0.00395116 -0.0134426 10235.2 66600.2 63523.2 11419.8 nan 295.003 nan nan nan 20465.9 nan nan nan 1.14345 nan nan
1 90 0.318986 -0.000418862 66488.2 0.183737 0.318986 0.313758 0.183519 0.00809525 -0.000418862 0.00395116 -0.0134426 10235.2 66488.2 63523.2 11419.8 nan 90.0011 nan nan nan -58500 nan nan nan 0.348747 nan nan
2 117 0.313769 0.00483987 63427.8 0.183743 0.318962 0.313769 0.183526 0.00809525 -0.000418862 0.00483987 -0.0134426 10235.2 66488.2 63427.8 11419.8 nan nan 116.996 nan nan nan -49835.1 nan nan nan 0.4642 nan
1 -1215 0.318941 -0.00943991 69187.2 0.183731 0.318941 0.313815 0.183514 0.00809525 -0.00943991 0.00483987 -0.0134426 10235.2 69187.2 63427.8 11419.8 nan -1215 nan nan nan 1.40974e+06 nan nan nan -4.71198 nan nan
2 125 0.312862 0.00579005 63336.2 0.183173 0.321008 0.312862 0.182957 0.00809525 -0.00943991 0.00579005 -0.0134426 10235.2 69187.2 63336.2 11419.8 nan nan 124.995 nan nan nan -47804 nan nan nan 0.496311 nan
2 210 0.312927 0.00738752 63299.4 0.183156 0.320978 0.312927 0.182939 0.00809525 -0.00943991 0.00738752 -0.0134426 10235.2 69187.2 63299.4 11419.8 nan nan 209.994 nan nan nan -19238.7 nan nan nan 0.834413 nan
0 -15 0.18308 0.00781124 10216 0.18308 0.320843 0.313214 0.182863 0.00781124 -0.00943991 0.00738752 -0.0134426 10216 69187.2 63299.4 11419.8 -15.0081 nan nan nan -10009.9 nan nan nan -0.148347 nan nan nan
1 350 0.32088 -0.00689237 69289.2 0.182987 0.32088 0.31325 0.182884 0.00781124 -0.00689237 0.00738752 -0.0134426 10216 69289.2 63299.4 11419.8 nan 350.009 nan nan nan 53319.4 nan nan nan 1.33066 nan nan
2 152 0.312924 0.0085441 63222.4 0.182796 0.321587 0.312924 0.182694 0.00781124 -0.00689237 0.0085441 -0.0134426 10216 69289.2 63222.4 11419.8 nan nan 151.993 nan nan nan -40197.6 nan nan nan 0.604119 nan
1 305 0.321525 -0.00467402 69334.7 0.182761 0.321525 0.313055 0.182659 0.00781124 -0.00467402 0.0085441 -0.0134426 10216 69334.7 63222.4 11419.8 nan 305.007 nan nan nan 23740 nan nan nan 1.15872 nan nan
2 -553 0.3128 0.00433345 63686.9 0.182613 0.322077 0.3128 0.18251 0.00781124 -0.00467402 0.00433345 -0.0134426 10216 69334.7 63686.9 11419.8 nan nan -553.009 nan nan nan 242596 nan nan nan -2.19936 nan
1 -1120 0.322169 -0.0128172 71603.5 0.182665 0.322169 0.312604 0.182562 0.00781124 -0.0128172 0.00433345 -0.0134426 10216 71603.5 63686.9 11419.8 nan -1120 nan nan nan 1.18505e+06 nan nan nan -4.25345 nan nan
2 300 0.311885 0.0066093 63737.3 0.182245 0.323728 0.311885 0.182142 0.00781124 -0.0128172 0.0066093 -0.0134426 10216 71603.5 63737.3 11419.8 nan nan 299.996 nan nan nan 26310.5 nan nan nan 1.18875 nan
3 295 0.181993 -0.00815737 11564.6 0.182095 0.323462 0.31245 0.181993 0.00781124 -0.0128172 0.0066093 -0.00815737 10216 71603.5 63737.3 11564.6 nan nan nan 295.013 nan nan nan 75613.1 nan nan nan 2.76066
3 5 0.183142 -0.00806821 11542.5 0.181839 0.323008 0.312011 0.183142 0.00781124 -0.0128172 0.0066093 -0.00806821 10216 71603.5 63737.3 11542.5 nan nan nan 5.00816 nan nan nan -11539.5 nan nan nan 0.0465708
0 120 0.181849 0.0100841 10224 0.181849 0.323024 0.312027 0.1831 0.0100841 -0.0128172 0.0066093 -0.00806821 10224 71603.5 63737.3 11542.5 119.992 nan nan nan 4182.1 nan nan nan 1.18717 nan nan nan
2 108 0.31189 0.00742824 63637.6 0.182208 0.322883 0.31189 0.18302 0.0100841 -0.0128172 0.00742824 -0.00806821 10224 71603.5 63637.6 11542.5 nan nan 107.993 nan nan nan -52074.7 nan nan nan 0.42776 nan
2 125 0.311914 0.00837684 63545.6 0.182202 0.322871 0.311914 0.183013 0.0100841 -0.0128172 0.00837684 -0.00806821 10224 71603.5 63545.6 11542.5 nan nan 124.993 nan nan nan -48014.4 nan nan nan 0.495481 nan
3 295 0.182996 -0.00281122 11687 0.182185 0.322841 0.311978 0.182996 0.0100841 -0.0128172 0.00837684 -0.00281122 10224 71603.5 63545.6 11687 nan nan nan 295.008 nan nan nan 75487.3 nan nan nan 2.7459
0 -190 0.181929 0.00648641 10273.6 0.181929 0.322388 0.31154 0.184143 0.00648641 -0.0128172 0.00837684 -0.00281122 10273.6 71603.5 63545.6 11687 -190.01 nan nan nan 25879.8 nan nan nan -1.87917 nan nan nan
2 -448 0.311694 0.00497435 63808.2 0.181524 0.322548 0.311694 0.184235 0.00648641 -0.0128172 0.00497435 -0.00281122 10273.6 71603.5 63808.2 11687 nan nan -448.008 nan nan nan 137166 nan nan nan -1.77723 nan
1 140 0.322703 -0.0118155 71503.9 0.181611 0.322703 0.311363 0.184323 0.00648641 -0.0118155 0.00497435 -0.00281122 10273.6 71503.9 63808.2 11687 nan 140.013 nan nan nan -51999.9 nan nan nan 0.52324 nan nan
3 -175 0.184303 -0.0059103 11723.3 0.181592 0.322776 0.311329 0.184303 0.00648641 -0.0118155 0.00497435 -0.0059103 10273.6 71503.9 63808.2 11723.3 nan nan nan -174.997 nan nan nan 18937 nan nan nan -1.61875
1 310 0.322925 -0.00959591 71551 0.181675 0.322925 0.311473 0.183927 0.00648641 -0.00959591 0.00497435 -0.0059103 10273.6 71551 63808.2 11723.3 nan 310.012 nan nan nan 24603.4 nan nan nan 1.15935 nan nan
1 110 0.323479 -0.00880854 71437.2 0.181526 0.323479 0.311218 0.183777 0.00648641 -0.00880854 0.00497435 -0.0059103 10273.6 71437.2 63808.2 11723.3 nan 110.01 nan nan nan -59448.9 nan nan nan 0.411266 nan nan
1 300 0.323485 -0.0066596 71472.8 0.181525 0.323485 0.311215 0.183775 0.00648641 -0.0066596 0.00497435 -0.0059103 10273.6 71472.8 63808.2 11723.3 nan 300.009 nan nan nan 18568.1 nan nan nan 1.12246 nan nan
1 300 0.324007 -0.00451121 71508.2 0.181385 0.324007 0.310975 0.183633 0.00648641 -0.00451121 0.00497435 -0.0059103 10273.6 71508.2 63808.2 11723.3 nan 300.007 nan nan nan 18531.2 nan nan nan 1.12218 nan nan
1 280 0.32453 -0.00250655 71521.4 0.181244 0.32453 0.310734 0.183491 0.00648641 -0.00250655 0.00497435 -0.0059103 10273.6 71521.4 63808.2 11723.3 nan 280.005 nan nan nan 6894.3 nan nan nan 1.0471 nan nan
1 -1205 0.324989 -0.0111328 74164.4 0.181121 0.324989 0.310523 0.183367 0.00648641 -0.0111328 0.00497435 -0.0059103 10273.6 74164.4 63808.2 11723.3 nan -1205 nan nan nan 1.3805e+06 nan nan nan -4.50576 nan nan
3 -290 0.182837 -0.0110379 11861.8 0.180598 0.326939 0.309626 0.182837 0.00648641 -0.0111328 0.00497435 -0.0110379 10273.6 74164.4 63808.2 11861.8 nan nan nan -289.994 nan nan nan 72373.3 nan nan nan -2.67834
1 140 0.327109 -0.0101485 74059.9 0.180692 0.327109 0.309787 0.182412 0.00648641 -0.0101485 0.00497435 -0.0110379 10273.6 74059.9 63808.2 11861.8 nan 140.011 nan nan nan -54561.3 nan nan nan 0.51412 nan nan
2 154 0.309757 0.00614149 63731.5 0.180674 0.327175 0.309757 0.182394 0.00648641 -0.0101485 0.00614149 -0.0110379 10273.6 74059.9 63731.5 11861.8 nan nan 153.995 nan nan nan -40093.8 nan nan nan 0.609633 nan
1 295 0.327112 -0.00807312 74084.8 0.180639 0.327112 0.30989 0.182359 0.00648641 -0.00807312 0.00614149 -0.0110379 10273.6 74084.8 63731.5 11861.8 nan 295.01 nan nan nan 12971.1 nan nan nan 1.08404 nan nan
0 -90 0.180507 0.00478634 10269.4 0.180507 0.327605 0.309663 0.182225 0.00478634 -0.00807312 0.00614149 -0.0110379 10269.4 74084.8 63731.5 11861.8 -90.0065 nan nan nan -2172.41 nan nan nan -0.888 nan nan nan
2 295 0.309762 0.00837861 63776.1 0.180245 0.327709 0.309762 0.182284 0.00478634 -0.00807312 0.00837861 -0.0110379 10269.4 74084.8 63776.1 11861.8 nan nan 294.994 nan nan nan 23289.9 nan nan nan 1.16852 nan
1 295 0.32745 -0.0059981 74109.5 0.180102 0.32745 0.310308 0.182139 0.00478634 -0.0059981 0.00837861 -0.0110379 10269.4 74109.5 63776.1 11861.8 nan 295.008 nan nan nan 12945 nan nan nan 1.08385 nan nan
2 143 0.310081 0.00946262 63693.1 0.17997 0.327943 0.310081 0.182006 0.00478634 -0.0059981 0.00946262 -0.0110379 10269.4 74109.5 63693.1 11861.8 nan nan 142.992 nan nan nan -43329.5 nan nan nan 0.566215 nan
1 -1430 0.327893 -0.0160547 77882.6 0.179943 0.327893 0.310187 0.181978 0.00478634 -0.0160547 0.00946262 -0.0110379 10269.4 77882.6 63693.1 11861.8 nan -1429.99 nan nan nan 1.97077e+06 nan nan nan -5.25288 nan nan
2 108 0.308718 0.0102818 63593.5 0.17909 0.331075 0.308718 0.181116 0.00478634 -0.0160547 0.0102818 -0.0110379 10269.4 77882.6 63593.5 11861.8 nan nan 107.991 nan nan nan -52031.2 nan nan nan 0.427897 nan
2 117 0.308742 0.01117 63498 0.179084 0.331064 0.308742 0.18111 0.00478634 -0.0160547 0.01117 -0.0110379 10269.4 77882.6 63498 11861.8 nan nan 116.99 nan nan nan -49906.9 nan nan nan 0.463918 nan
3 250 0.181098 -0.00664317 11958.8 0.179073 0.331042 0.308787 0.181098 0.00478634 -0.0160547 0.01117 -0.00664317 10269.4 77882.6 63498 11958.8 nan nan nan 250.011 nan nan nan 50643.7 nan nan nan 2.29553
3 -236 0.181987 -0.0107747 12042.5 0.178878 0.330683 0.308452 0.181987 0.00478634 -0.0160547 0.01117 -0.0107747 10269.4 77882.6 63498 12042.5 nan nan nan -235.993 nan nan nan 43734.1 nan nan nan -2.15803
2 -576 0.308607 0.00679372 64011.6 0.178968 0.330849 0.308607 0.181576 0.00478634 -0.0160547 0.00679372 -0.0107747 10269.4 77882.6 64011.6 12042.5 nan nan -576.011 nan nan nan 268291 nan nan nan -2.28587 nan
1 140 0.330925 -0.0150941 77771 0.179009 0.330925 0.308449 0.181617 0.00478634 -0.0150941 0.00679372 -0.0107747 10269.4 77771 64011.6 12042.5 nan 140.016 nan nan nan -58278.1 nan nan nan 0.501716 nan nan
1 310 0.330979 -0.0129659 77806.1 0.178994 0.330979 0.308424 0.181602 0.00478634 -0.0129659 0.00679372 -0.0107747 10269.4 77806.1 64011.6 12042.5 nan 310.015 nan nan nan 18338.4 nan nan nan 1.11167 nan nan
2 325 0.308184 0.00925294 64091.3 0.178855 0.3315 0.308184 0.181461 0.00478634 -0.0129659 0.00925294 -0.0107747 10269.4 77806.1 64091.3 12042.5 nan nan 324.993 nan nan nan 41609 nan nan nan 1.28453 nan
1 -50 0.25 -0.00191449 2500 0.25 0.25 0.25 0.25 0 -0.00191449 0 0 1 2500 1 1 nan -50 nan nan nan 0 nan nan nan -1 nan nan
2 -90 0.238713 -0.00191449 8100 0.238713 0.283862 0.238713 0.238713 0 -0.00191449 -0.00191449 0 1 2500 8100 1 nan nan -90 nan nan nan 0 nan nan nan -1 nan
0 -100 0.219248 -0.00191449 10000 0.219248 0.260716 0.300788 0.219248 -0.00191449 -0.00191449 -0.00191449 0 10000 2500 8100 1 -100 nan nan nan 0 nan nan nan -1 nan nan nan
3 -50 0.200687 -0.00191449 2500 0.285344 0.238645 0.275325 0.200687 -0.00191449 -0.00191449 -0.00191449 -0.00191449 10000 2500 8100 2500 nan nan nan -50 nan nan nan 0 nan nan nan -1
1 -60 0.229918 -0.0042118 2502.11 0.274909 0.229918 0.265256 0.229918 -0.00191449 -0.0042118 -0.00191449 -0.00191449 10000 2502.11 8100 2500 nan -59.9981 nan nan nan 1099.77 nan nan nan -1.19996 nan nan
2 40 0.265392 -0.00106356 8087.56 0.275049 0.229524 0.265392 0.230035 -0.00191449 -0.0042118 -0.00106356 -0.00191449 10000 2502.11 8087.56 2500 nan nan 40.0019 nan nan nan -6499.85 nan nan nan 0.444466 nan
3 -40 0.229998 -0.00344601 2498.28 0.275005 0.229488 0.265509 0.229998 -0.00191449 -0.0042118 -0.00106356 -0.00344601 10000 2502.11 8087.56 2498.28 nan nan nan -39.9981 nan nan nan -900.153 nan nan nan -0.799962
3 -45 0.229716 -0.00516951 2497.37 0.275106 0.229572 0.265606 0.229716 -0.00191449 -0.0042118 -0.00106356 -0.00516951 10000 2502.11 8087.56 2497.37 nan nan nan -44.9966 nan nan nan -473.587 nan nan nan -0.900241
0 -120 0.275217 -0.00421184 10008.4 0.275217 0.229664 0.265714 0.229406 -0.00421184 -0.0042118 -0.00106356 -0.00516951 10008.4 2502.11 8087.56 2497.37 -119.998 nan nan nan 4399.54 nan nan nan -1.19998 nan nan nan
1 -40 0.2298 -0.00574259 2500.38 0.274789 0.2298 0.26587 0.229541 -0.00421184 -0.00574259 -0.00106356 -0.00516951 10008.4 2500.38 8087.56 2497.37 nan -39.9958 nan nan nan -902.442 nan nan nan -0.799579 nan nan
2 -120 0.265968 -0.00361816 8099.64 0.274889 0.229518 0.265968 0.229625 -0.00421184 -0.00574259 -0.00361816 -0.00516951 10008.4 2500.38 8099.64 2497.37 nan nan -119.999 nan nan nan 6312.19 nan nan nan -1.33435 nan
2 120 0.265516 -0.00106537 8111.7 0.275058 0.229659 0.265516 0.229766 -0.00421184 -0.00574259 -0.00106537 -0.00516951 10008.4 2500.38 8111.7 2497.37 nan nan 120.004 nan nan nan 6301.23 nan nan nan 1.3334 nan
2 -100 0.266061 -0.00319102 8115.32 0.274854 0.229489 0.266061 0.229596 -0.00421184 -0.00574259 -0.00319102 -0.00516951 10008.4 2500.38 8115.32 2497.37 nan nan -99.9989 nan nan nan 1888.08 nan nan nan -1.1103 nan
0 1170 0.275004 0.0181783 12610 0.275004 0.229614 0.26566 0.229721 0.0181783 -0.00574259 -0.00319102 -0.00516951 12610 2500.38 8115.32 2497.37 1170 nan nan nan 1.3589e+06 nan nan nan 11.6951 nan nan nan
0 -90 0.288395 0.0166436 12601.4 0.288395 0.225373 0.260754 0.225478 0.0166436 -0.00574259 -0.00319102 -0.00516951 12601.4 2500.38 8115.32 2497.37 -90.0182 nan nan nan -4506.75 nan nan nan -0.801627 nan nan nan
1 -30 0.225482 -0.00689098 2497.31 0.288052 0.225482 0.260879 0.225587 0.0166436 -0.00689098 -0.00319102 -0.00516951 12601.4 2497.31 8115.32 2497.37 nan -29.9943 nan nan nan -1600.72 nan nan nan -0.59984 nan nan
3 -45 0.225651 -0.00689326 2496.46 0.288133 0.225262 0.260953 0.225651 0.0166436 -0.00689098 -0.00319102 -0.00689326 12601.4 2497.31 8115.32 2496.46 nan nan nan -44.9948 nan nan nan -472.835 nan nan nan -0.90037
2 190 0.261057 0.000846928 8168.9 0.288247 0.225352 0.261057 0.225344 0.0166436 -0.00689098 0.000846928 -0.00689326 12601.4 2497.31 8168.9 2496.46 nan nan 190.003 nan nan nan 27985.9 nan nan nan 2.10915 nan
0 -110 0.287863 0.0147673 12600.4 0.287863 0.225051 0.262041 0.225044 0.0147673 -0.00689098 0.000846928 -0.00689326 12600.4 2497.31 8168.9 2496.46 -110.017 nan nan nan -497.736 nan nan nan -0.980052 nan nan nan
1 -5 0.225174 -0.00708227 2492.58 0.287476 0.225174 0.262184 0.225167 0.0147673 -0.00708227 0.000846928 -0.00689326 12600.4 2492.58 8168.9 2496.46 nan -4.99311 nan nan nan -2472.38 nan nan nan -0.0999159 nan nan
2 160 0.262205 0.00423606 8202.27 0.287499 0.225111 0.262205 0.225185 0.0147673 -0.00708227 0.00423606 -0.00689326 12600.4 2492.58 8202.27 2496.46 nan nan 159.999 nan nan nan 17430.8 nan nan nan 1.77026 nan
0 -100 0.287193 0.0130616 12595.5 0.287193 0.224872 0.262989 0.224946 0.0130616 -0.00708227 0.00423606 -0.00689326 12595.5 2492.58 8202.27 2496.46 -100.015 nan nan nan -2597.49 nan nan nan -0.890987 nan nan nan
2 -80 0.263124 0.00254485 8198.82 0.286828 0.224987 0.263124 0.225061 0.0130616 -0.00708227 0.00254485 -0.00689326 12595.5 2492.58 8198.82 2496.46 nan nan -80.0042 nan nan nan -1801.59 nan nan nan -0.883377 nan
1 -45 0.225091 -0.0088076 2491.68 0.286961 0.225091 0.262783 0.225165 0.0130616 -0.0088076 0.00254485 -0.00689326 12595.5 2491.68 8198.82 2496.46 nan -44.9929 nan nan nan -468.217 nan nan nan -0.901197 nan nan
3 -55 0.225254 -0.00900043 2497.48 0.287074 0.224785 0.262887 0.225254 0.0130616 -0.0088076 0.00254485 -0.00900043 12595.5 2491.68 8198.82 2497.48 nan nan nan -54.9931 nan nan nan 527.777 nan nan nan -1.10064
2 230 0.26301 0.00740781 8284.4 0.287208 0.22489 0.26301 0.224893 0.0130616 -0.0088076 0.00740781 -0.00900043 12595.5 2491.68 8284.4 2497.48 nan nan 229.997 nan nan nan 44700 nan nan nan 2.54008 nan
0 -80 0.286713 0.0116966 12583.6 0.286713 0.224502 0.264281 0.224505 0.0116966 -0.0088076 0.00740781 -0.00900043 12583.6 2491.68 8284.4 2497.48 -80.0131 nan nan nan -6193.38 nan nan nan -0.712941 nan nan nan
2 -100 0.264398 0.00530425 8287.68 0.286395 0.224602 0.264398 0.224605 0.0116966 -0.0088076 0.00530425 -0.00900043 12583.6 2491.68 8287.68 2497.48 nan nan -100.007 nan nan nan 1717.08 nan nan nan -1.09876 nan
2 -100 0.264002 0.00320115 8290.97 0.286549 0.224723 0.264002 0.224726 0.0116966 -0.0088076 0.00320115 -0.00900043 12583.6 2491.68 8290.97 2497.48 nan nan -100.005 nan nan nan 1713.38 nan nan nan -1.09852 nan
2 -120 0.263606 0.000677996 8302.66 0.286704 0.224844 0.263606 0.224847 0.0116966 -0.0088076 0.000677996 -0.00900043 12583.6 2491.68 8302.66 2497.48 nan nan -120.003 nan nan nan 6109.8 nan nan nan -1.31792 nan
2 270 0.263161 0.00635092 8426.33 0.286877 0.224979 0.263161 0.224983 0.0116966 -0.0088076 0.00635092 -0.00900043 12583.6 2491.68 8426.33 2497.48 nan nan 269.999 nan nan nan 64597 nan nan nan 2.96315 nan
0 -120 0.286265 0.00964843 12587.1 0.286265 0.2245 0.264733 0.224503 0.00964843 -0.0088076 0.00635092 -0.00900043 12587.1 2491.68 8426.33 2497.48 -120.012 nan nan nan 1819.19 nan nan nan -1.06985 nan nan nan
1 -50 0.224628 -0.0107249 2491.7 0.285858 0.224628 0.264884 0.224631 0.00964843 -0.0107249 0.00635092 -0.00900043 12587.1 2491.7 8426.33 2497.48 nan -49.9912 nan nan nan 7.43585 nan nan nan -1.00149 nan nan
3 -60 0.224727 -0.0112986 2499.58 0.285981 0.224294 0.264998 0.224727 0.00964843 -0.0107249 0.00635092 -0.0112986 12587.1 2491.7 8426.33 2499.58 nan nan nan -59.991 nan nan nan 1101.44 nan nan nan -1.20043
2 -90 0.26513 0.00447374 8425.71 0.286124 0.224406 0.26513 0.22434 0.00964843 -0.0107249 0.00447374 -0.0112986 12587.1 2491.7 8425.71 2499.58 nan nan -90.0064 nan nan nan -325.189 nan nan nan -0.980514 nan
2 -110 0.264762 0.00217938 8432.75 0.286267 0.224518 0.264762 0.224453 0.00964843 -0.0107249 0.00217938 -0.0112986 12587.1 2491.7 8432.75 2499.58 nan nan -110.004 nan nan nan 3675.27 nan nan nan -1.19841 nan
2 -100 0.264342 9.45187e-05 8435.75 0.28643 0.224646 0.264342 0.224581 0.00964843 -0.0107249 9.45187e-05 -0.0112986 12587.1 2491.7 8435.75 2499.58 nan nan -100.002 nan nan nan 1567.69 nan nan nan -1.08899 nan
0 -110 0.286584 0.00777118 12586.2 0.286584 0.224767 0.263948 0.224701 0.00777118 -0.0107249 9.45187e-05 -0.0112986 12586.2 2491.7 8435.75 2499.58 -110.01 nan nan nan -484.975 nan nan nan -0.980546 nan nan nan
1 30 0.224888 -0.00957393 2488.65 0.286197 0.224888 0.264091 0.224823 0.00777118 -0.00957393 9.45187e-05 -0.0112986 12586.2 2488.65 8435.75 2499.58 nan 30.0107 nan nan nan -1591.05 nan nan nan 0.601214 nan nan
2 -80 0.26403 -0.00157304 8431.85 0.28613 0.22507 0.26403 0.22477 0.00777118 -0.00957393 -0.00157304 -0.0112986 12586.2 2488.65 8431.85 2499.58 nan nan -80.0001 nan nan nan -2035.73 nan nan nan -0.871021 nan
2 525 0.263691 0.00937288 8943.39 0.286262 0.225174 0.263691 0.224874 0.00777118 -0.00957393 0.00937288 -0.0112986 12586.2 2488.65 8943.39 2499.58 nan nan 525.002 nan nan nan 267195 nan nan nan 5.71741 nan
2 -110 0.26774 0.00714582 8949.44 0.284687 0.223935 0.26774 0.223637 0.00777118 -0.00957393 0.00714582 -0.0112986 12586.2 2488.65 8949.44 2499.58 nan nan -110.009 nan nan nan 3158.67 nan nan nan -1.16326 nan
0 -90 0.284848 0.0062352 12577.6 0.284848 0.224062 0.267326 0.223763 0.0062352 -0.00957393 0.00714582 -0.0112986 12577.6 2488.65 8949.44 2499.58 -90.0078 nan nan nan -4484.77 nan nan nan -0.802293 nan nan nan
1 -35 0.224169 -0.0109168 2486.23 0.284508 0.224169 0.267454 0.22387 0.0062352 -0.0109168 0.00714582 -0.0112986 12577.6 2486.23 8949.44 2499.58 nan -34.9904 nan nan nan -1264.32 nan nan nan -0.701402 nan nan
3 -40 0.223942 -0.0128299 2497.86 0.284599 0.22392 0.267539 0.223942 0.0062352 -0.0109168 0.00714582 -0.0128299 12577.6 2486.23 8949.44 2497.86 nan nan nan -39.9887 nan nan nan -900.488 nan nan nan -0.799841
2 210 0.267635 0.0113955 9016.73 0.2847 0.224 0.267635 0.223665 0.0062352 -0.0109168 0.0113955 -0.0128299 12577.6 2486.23 9016.73 2497.86 nan nan 209.993 nan nan nan 35147.6 nan nan nan 2.21976 nan
2 -100 0.268718 0.00937913 9018.62 0.284279 0.223669 0.268718 0.223334 0.0062352 -0.0109168 0.00937913 -0.0128299 12577.6 2486.23 9018.62 2497.86 nan nan -100.011 nan nan nan 985.55 nan nan nan -1.05323 nan
0 1330 0.284431 0.0289393 15940 0.284431 0.223788 0.268329 0.223453 0.0289393 -0.0109168 0.00937913 -0.0128299 15940 2486.23 9018.62 2497.86 1329.99 nan nan nan 1.75631e+06 nan nan nan 11.8591 nan nan nan
0 -135 0.299543 0.0268917 15944.4 0.299543 0.219061 0.262662 0.218734 0.0268917 -0.0109168 0.00937913 -0.0128299 15944.4 2486.23 9018.62 2497.86 -135.029 nan nan nan 2292.8 nan nan nan -1.0695 nan nan nan
1 35 0.219192 -0.00957249 2483.82 0.299127 0.219192 0.262818 0.218864 0.0268917 -0.00957249 0.00937913 -0.0128299 15944.4 2483.82 9018.62 2497.86 nan 35.0109 nan nan nan -1260.47 nan nan nan 0.702155 nan nan
2 335 0.262745 0.0161324 9216.19 0.299045 0.219407 0.262745 0.218803 0.0268917 -0.00957249 0.0161324 -0.0128299 15944.4 2483.82 9216.19 2497.86 nan nan 334.991 nan nan nan 103200 nan nan nan 3.52746 nan
3 195 0.218201 -0.00535972 2565.89 0.298221 0.218803 0.264775 0.218201 0.0268917 -0.00957249 0.0161324 -0.00535972 15944.4 2483.82 9216.19 2565.89 nan nan nan 195.013 nan nan nan 35532.1 nan nan nan 3.90193
0 -95 0.297576 0.025451 15931.2 0.297576 0.21833 0.264202 0.219892 0.025451 -0.00957249 0.0161324 -0.00535972 15931.2 2483.82 9216.19 2565.89 -95.0269 nan nan nan -6914.29 nan nan nan -0.752562 nan nan nan
1 15 0.218435 -0.0089959 2479.49 0.297236 0.218435 0.26433 0.219999 0.025451 -0.0089959 0.0161324 -0.00535972 15931.2 2479.49 9216.19 2565.89 nan 15.0096 nan nan nan -2258.53 nan nan nan 0.301168 nan nan
2 -110 0.264306 0.0139384 9221.72 0.297209 0.218507 0.264306 0.219978 0.025451 -0.0089959 0.0139384 -0.00535972 15931.2 2479.49 9221.72 2565.89 nan nan -110.016 nan nan nan 2887.36 nan nan nan -1.14599 nan
3 -50 0.2201 -0.00724927 2565.76 0.297373 0.218628 0.263899 0.2201 0.025451 -0.0089959 0.0139384 -0.00724927 15931.2 2479.49 9221.72 2565.76 nan nan nan -49.9946 nan nan nan -66.4218 nan nan nan -0.986972
0 -105 0.297497 0.0238579 15921.8 0.297497 0.218719 0.264009 0.219775 0.0238579 -0.0089959 0.0139384 -0.00724927 15921.8 2479.49 9221.72 2565.76 -105.025 nan nan nan -4900.82 nan nan nan -0.832091 nan nan nan
1 -40 0.218831 -0.0105335 2477.81 0.297136 0.218831 0.264145 0.219888 0.0238579 -0.0105335 0.0139384 -0.00724927 15921.8 2477.81 9221.72 2565.76 nan -39.991 nan nan nan -880.214 nan nan nan -0.803121 nan nan
0 -125 0.29724 0.021961 15921.2 0.29724 0.218558 0.264237 0.219965 0.021961 -0.0105335 0.0139384 -0.00724927 15921.2 2477.81 9221.72 2565.76 -125.024 nan nan nan -290.818 nan nan nan -0.990825 nan nan nan
2 365 0.264387 0.021215 9459.1 0.296842 0.218682 0.264387 0.220089 0.021961 -0.0105335 0.021215 -0.00724927 15921.2 2477.81 9459.1 2565.76 nan nan 364.986 nan nan nan 123993 nan nan nan 3.80076 nan
2 -100 0.266662 0.0192461 9460.15 0.295924 0.218006 0.266662 0.219408 0.021961 -0.0105335 0.0192461 -0.00724927 15921.2 2477.81 9460.15 2565.76 nan nan -100.021 nan nan nan 545.141 nan nan nan -1.02841 nan
3 -60 0.219522 -0.00951675 2567.74 0.296078 0.218119 0.266281 0.219522 0.021961 -0.0105335 0.0192461 -0.00951675 15921.2 2477.81 9460.15 2567.74 nan nan nan -59.9928 nan nan nan 1033.37 nan nan nan -1.18438
0 -115 0.296221 0.0202158 15916.1 0.296221 0.218224 0.266409 0.219146 0.0202158 -0.0105335 0.0192461 -0.00951675 15916.1 2477.81 9460.15 2567.74 -115.022 nan nan nan -2691.17 nan nan nan -0.911575 nan nan nan
2 -90 0.266553 0.0174742 9457.55 0.295842 0.218342 0.266553 0.219264 0.0202158 -0.0105335 0.0174742 -0.00951675 15916.1 2477.81 9457.55 2567.74 nan nan -90.0192 nan nan nan -1356.68 nan nan nan -0.925521 nan
1 -55 0.218447 -0.0126484 2478.85 0.295985 0.218447 0.266197 0.21937 0.0202158 -0.0126484 0.0174742 -0.00951675 15916.1 2478.85 9457.55 2567.74 nan -54.9895 nan nan nan 546.033 nan nan nan -1.1047 nan nan
3 -55 0.21947 -0.0115944 2568.61 0.296119 0.218093 0.266318 0.21947 0.0202158 -0.0126484 0.0174742 -0.0115944 15916.1 2478.85 9457.55 2568.61 nan nan nan -54.9905 nan nan nan 456.216 nan nan nan -1.08521
0 -95 0.296252 0.0187739 15902.9 0.296252 0.218191 0.266437 0.21912 0.0187739 -0.0126484 0.0174742 -0.0115944 15902.9 2478.85 9457.55 2568.61 -95.0202 nan nan nan -6887.23 nan nan nan -0.753179 nan nan nan
1 -50 0.218296 -0.0145706 2478.89 0.295913 0.218296 0.266566 0.219225 0.0187739 -0.0145706 0.0174742 -0.0115944 15902.9 2478.89 9457.55 2568.61 nan -49.9874 nan nan nan 19.8811 nan nan nan -1.004 nan nan
2 -100 0.266677 0.0155052 9458.59 0.296037 0.217968 0.266677 0.219317 0.0187739 -0.0145706 0.0155052 -0.0115944 15902.9 2478.89 9458.59 2568.61 nan nan -100.017 nan nan nan 545.946 nan nan nan -1.02846 nan
2 340 0.266296 0.0221979 9661.78 0.296191 0.218082 0.266296 0.219431 0.0187739 -0.0145706 0.0221979 -0.0115944 15902.9 2478.89 9661.78 2568.61 nan nan 339.984 nan nan nan 106131 nan nan nan 3.49579 nan
2 -100 0.268335 0.0202497 9662.44 0.295368 0.217476 0.268335 0.218821 0.0187739 -0.0145706 0.0202497 -0.0115944 15902.9 2478.89 9662.44 2568.61 nan nan -100.022 nan nan nan 342.659 nan nan nan -1.01758 nan
0 -135 0.295521 0.0167241 15907.3 0.295521 0.217589 0.267955 0.218935 0.0167241 -0.0145706 0.0202497 -0.0115944 15907.3 2478.89 9662.44 2568.61 -135.019 nan nan nan 2327.18 nan nan nan -1.07067 nan nan nan
0 -125 0.295108 0.0148264 15906.8 0.295108 0.217717 0.268112 0.219064 0.0148264 -0.0145706 0.0202497 -0.0115944 15906.8 2478.89 9662.44 2568.61 -125.017 nan nan nan -278.162 nan nan nan -0.991218 nan nan nan
2 -100 0.268263 0.0183017 9663.09 0.294712 0.217839 0.268263 0.219187 0.0148264 -0.0145706 0.0183017 -0.0115944 15906.8 2478.89 9663.09 2568.61 nan nan -100.02 nan nan nan 341.614 nan nan nan -1.01752 nan
1 -60 0.217952 -0.0168772 2481.04 0.294865 0.217952 0.267883 0.219301 0.0148264 -0.0168772 0.0183017 -0.0115944 15906.8 2481.04 9663.09 2568.61 nan -59.9854 nan nan nan 1119.36 nan nan nan -1.20481 nan nan
1 10 0.217572 -0.0164921 2476.48 0.295008 0.217572 0.268013 0.219407 0.0148264 -0.0164921 0.0183017 -0.0115944 15906.8 2476.48 9663.09 2568.61 nan 10.0169 nan nan nan -2380.7 nan nan nan 0.201102 nan nan
3 -65 0.219396 -0.0140493 2571.78 0.294994 0.21761 0.268 0.219396 0.0148264 -0.0164921 0.0183017 -0.0140493 15906.8 2476.48 9663.09 2571.78 nan nan nan -64.9884 nan nan nan 1654.88 nan nan nan -1.28229
2 -90 0.268138 0.0165485 9660.1 0.295145 0.217722 0.268138 0.218995 0.0148264 -0.0164921 0.0165485 -0.0140493 15906.8 2476.48 9660.1 2571.78 nan nan -90.0183 nan nan nan -1559.8 nan nan nan -0.915741 nan
0 -105 0.295288 0.0132323 15897.5 0.295288 0.217827 0.267783 0.219102 0.0132323 -0.0164921 0.0165485 -0.0140493 15897.5 2476.48 9660.1 2571.78 -105.015 nan nan nan -4878.7 nan nan nan -0.832643 nan nan nan
1 0 0.217938 -0.0164915 2471.74 0.294929 0.217938 0.267919 0.219213 0.0132323 -0.0164915 0.0165485 -0.0140493 15897.5 2471.74 9660.1 2571.78 nan 0.0164921 nan nan nan -2476.48 nan nan nan 0.000331406 nan nan
2 -110 0.267929 0.0144055 9664.78 0.29494 0.217909 0.267929 0.219221 0.0132323 -0.0164915 0.0144055 -0.0140493 15897.5 2471.74 9664.78 2571.78 nan nan -110.017 nan nan nan 2443.54 nan nan nan -1.11935 nan
0 1510 0.295103 0.0361601 20232.2 0.295103 0.218029 0.267526 0.219342 0.0361601 -0.0164915 0.0144055 -0.0140493 20232.2 2471.74 9664.78 2571.78 1509.99 nan nan nan 2.26416e+06 nan nan nan 11.9759 nan nan nan
2 530 0.261054 0.0247265 10184 0.312156 0.212755 0.261054 0.214036 0.0361601 -0.0164915 0.0247265 -0.0140493 20232.2 2471.74 10184 2571.78 nan nan 529.986 nan nan nan 271220 nan nan nan 5.39098 nan
0 -150 0.310548 0.0341407 20236.6 0.310548 0.211659 0.264859 0.212933 0.0341407 -0.0164915 0.0247265 -0.0140493 20236.6 2471.74 10184 2571.78 -150.036 nan nan nan 2278.66 nan nan nan -1.05481 nan nan nan
1 -45 0.211788 -0.0182237 2470.88 0.310128 0.211788 0.265021 0.213063 0.0341407 -0.0182237 0.0247265 -0.0140493 20236.6 2470.88 10184 2571.78 nan -44.9835 nan nan nan -448.22 nan nan nan -0.904799 nan nan
3 -60 0.213143 -0.0163139 2573.74 0.310244 0.211494 0.26512 0.213143 0.0341407 -0.0182237 0.0247265 -0.0163139 20236.6 2470.88 10184 2573.74 nan nan nan -59.986 nan nan nan 1026.54 nan nan nan -1.18286
0 -120 0.310389 0.0325252 20225.4 0.310389 0.211593 0.265244 0.212775 0.0325252 -0.0182237 0.0247265 -0.0163139 20225.4 2470.88 10184 2573.74 -120.034 nan nan nan -5828.36 nan nan nan -0.843794 nan nan nan
2 -80 0.265388 0.0232083 10176.8 0.310013 0.211708 0.265388 0.212891 0.0325252 -0.0182237 0.0232083 -0.0163139 20225.4 2470.88 10176.8 2573.74 nan nan -80.0247 nan nan nan -3780.07 nan nan nan -0.792984 nan
1 -55 0.2118 -0.0203414 2471.94 0.310149 0.2118 0.265068 0.212984 0.0325252 -0.0203414 0.0232083 -0.0163139 20225.4 2471.94 10176.8 2573.74 nan -54.9818 nan nan nan 552.118 nan nan nan -1.1061 nan nan
2 -100 0.265184 0.0213101 10176.5 0.310285 0.211453 0.265184 0.213077 0.0325252 -0.0203414 0.0213101 -0.0163139 20225.4 2471.94 10176.5 2573.74 nan nan -100.023 nan nan nan -172.151 nan nan nan -0.991506 nan
0 -120 0.310442 0.0309094 20214.3 0.310442 0.21156 0.264813 0.213185 0.0309094 -0.0203414 0.0213101 -0.0163139 20214.3 2471.94 10176.5 2573.74 -120.033 nan nan nan -5817.58 nan nan nan -0.844016 nan nan nan
2 -110 0.264958 0.0192221 10180.2 0.310066 0.211675 0.264958 0.213301 0.0309094 -0.0203414 0.0192221 -0.0163139 20214.3 2471.94 10180.2 2573.74 nan nan -110.021 nan nan nan 1928.22 nan nan nan -1.09063 nan
3 -50 0.213415 -0.0182001 2573.6 0.310232 0.211789 0.264564 0.213415 0.0309094 -0.0203414 0.0192221 -0.0182001 20214.3 2471.94 10180.2 2573.6 nan nan nan -49.9837 nan nan nan -75.3751 nan nan nan -0.985248
1 -15 0.211874 -0.0209182 2467.63 0.310357 0.211874 0.264671 0.213098 0.0309094 -0.0209182 0.0192221 -0.0182001 20214.3 2467.63 10180.2 2573.6 nan -14.9797 nan nan nan -2247.55 nan nan nan -0.301289 nan nan
2 645 0.264712 0.0314604 10957.1 0.310405 0.211752 0.264712 0.213131 0.0309094 -0.0209182 0.0314604 -0.0182001 20214.3 2467.63 10957.1 2573.6 nan nan 644.981 nan nan nan 405820 nan nan nan 6.39248 nan
0 -110 0.308277 0.0294277 20198.7 0.308277 0.2103 0.269753 0.21167 0.0294277 -0.0209182 0.0314604 -0.0182001 20198.7 2467.63 10957.1 2573.6 -110.031 nan nan nan -8107.45 nan nan nan -0.773902 nan nan nan
1 -50 0.210409 -0.0228444 2467.69 0.307919 0.210409 0.269893 0.211779 0.0294277 -0.0228444 0.0314604 -0.0182001 20198.7 2467.69 10957.1 2573.6 nan -49.9791 nan nan nan 30.2763 nan nan nan -1.00612 nan nan
2 -80 0.270002 0.0299967 10948.4 0.308044 0.210089 0.270002 0.211865 0.0294277 -0.0228444 0.0299967 -0.0182001 20198.7 2467.69 10948.4 2573.6 nan nan -80.0315 nan nan nan -4552.06 nan nan nan -0.764563 nan
3 -50 0.211957 -0.0200863 2573.46 0.308178 0.210181 0.269684 0.211957 0.0294277 -0.0228444 0.0299967 -0.0200863 20198.7 2467.69 10948.4 2573.46 nan nan nan -49.9818 nan nan nan -75.4194 nan nan nan -0.985239
0 -130 0.308302 0.0276762 20192.4 0.308302 0.210265 0.269792 0.211641 0.0276762 -0.0228444 0.0299967 -0.0200863 20192.4 2467.69 10948.4 2573.46 -130.029 nan nan nan -3291.08 nan nan nan -0.914913 nan nan nan
1 -45 0.25 -0.00191449 2025 0.25 0.25 0.25 0.25 0 -0.00191449 0 0 1 2025 1 1 nan -45 nan nan nan 0 nan nan nan -1 nan nan
0 -150 0.239919 -0.00191449 22500 0.239919 0.280243 0.239919 0.239919 -0.00191449 -0.00191449 0 0 22500 2025 1 1 -150 nan nan nan 0 nan nan nan -1 nan nan nan
2 -185 0.205417 -0.00191449 34225 0.349223 0.239943 0.205417 0.205417 -0.00191449 -0.00191449 -0.00191449 0 22500 2025 34225 1 nan nan -185 nan nan nan 0 nan nan nan -1 nan
3 -40 0.17257 -0.00191449 1600 0.293379 0.201574 0.332477 0.17257 -0.00191449 -0.00191449 -0.00191449 -0.00191449 22500 2025 34225 1600 nan nan nan -40 nan nan nan 0 nan nan nan -1
3 -50 0.193093 -0.00430751 1601.72 0.286103 0.196575 0.32423 0.193093 -0.00191449 -0.00191449 -0.00191449 -0.00430751 22500 2025 34225 1601.72 nan nan nan -49.9981 nan nan nan 899.809 nan nan nan -1.24995
1 -40 0.196662 -0.00361618 2024.19 0.286231 0.196662 0.324375 0.192732 -0.00191449 -0.00361618 -0.00191449 -0.00430751 22500 2024.19 34225 1601.72 nan -39.9981 nan nan nan -425.153 nan nan nan -0.888846 nan nan
1 -135 0.196389 -0.00936065 2055.2 0.286328 0.196389 0.324486 0.192798 -0.00191449 -0.00936065 -0.00191449 -0.00430751 22500 2055.2 34225 1601.72 nan -134.996 nan nan nan 16199.8 nan nan nan -3.00052 nan nan
2 80 0.324773 -0.00108658 34171.7 0.286582 0.195677 0.324773 0.192969 -0.00191449 -0.00936065 -0.00108658 -0.00430751 22500 2055.2 34171.7 1601.72 nan nan 80.0019 nan nan nan -27824.7 nan nan nan 0.432443 nan
2 -75 0.324842 -0.00186332 34117.1 0.286553 0.195657 0.324842 0.192949 -0.00191449 -0.00936065 -0.00186332 -0.00430751 22500 2055.2 34117.1 1601.72 nan nan -74.9989 nan nan nan -28546.9 nan nan nan -0.405715 nan
0 -150 0.286674 -0.00382896 22500 0.286674 0.19574 0.324556 0.193031 -0.00382896 -0.00936065 -0.00186332 -0.00430751 22500 2055.2 34117.1 1601.72 -149.998 nan nan nan -0.574343 nan nan nan -0.999987 nan nan nan
3 -137 0.193137 -0.0108609 1634.59 0.286283 0.195847 0.324734 0.193137 -0.00382896 -0.00936065 -0.00186332 -0.0108609 22500 2055.2 34117.1 1634.59 nan nan nan -136.996 nan nan nan 17166.1 nan nan nan -3.42305
2 207 0.325053 0.000282243 34133.8 0.286564 0.196039 0.325053 0.192344 -0.00382896 -0.00936065 0.000282243 -0.0108609 22500 2055.2 34133.8 1634.59 nan nan 207.002 nan nan nan 8732.69 nan nan nan 1.1207 nan
1 -45 0.195892 -0.0112606 2055.14 0.286349 0.195892 0.325559 0.1922 -0.00382896 -0.0112606 0.000282243 -0.0108609 22500 2055.14 34133.8 1634.59 nan -44.9906 nan nan nan -31.0428 nan nan nan -0.992419 nan nan
1 -50 0.195593 -0.0133717 2055.99 0.286456 0.195593 0.32568 0.192271 -0.00382896 -0.0133717 0.000282243 -0.0108609 22500 2055.99 34133.8 1634.59 nan -49.9887 nan nan nan 443.733 nan nan nan -1.10268 nan nan
2 -83 0.325812 -0.00057784 34081.6 0.286572 0.195266 0.325812 0.192349 -0.00382896 -0.0133717 -0.00057784 -0.0108609 22500 2055.99 34081.6 1634.59 nan nan -83.0003 nan nan nan -27244.7 nan nan nan -0.449249 nan
3 42 0.192435 -0.00887156 1634.84 0.286699 0.195353 0.325513 0.192435 -0.00382896 -0.0133717 -0.00057784 -0.00887156 22500 2055.99 34081.6 1634.84 nan nan nan 42.0109 nan nan nan 130.325 nan nan nan 1.0391
0 1440 0.286589 0.0145502 26426.8 0.286589 0.195278 0.325387 0.192746 0.0145502 -0.0133717 -0.00057784 -0.00887156 26426.8 2055.99 34081.6 1634.84 1440 nan nan nan 2.05111e+06 nan nan nan 9.60003 nan nan nan
1 -135 0.191689 -0.0190712 2086.94 0.299701 0.191689 0.319407 0.189204 0.0145502 -0.0190712 -0.00057784 -0.00887156 26426.8 2086.94 34081.6 1634.84 nan -134.987 nan nan nan 16165.4 nan nan nan -2.97701 nan nan
2 133 0.319681 0.000801421 34050.3 0.299958 0.190995 0.319681 0.189366 0.0145502 -0.0190712 0.000801421 -0.00887156 26426.8 2086.94 34050.3 1634.84 nan nan 133.001 nan nan nan -16392.5 nan nan nan 0.720433 nan
2 185 0.319915 0.00272081 34050.6 0.299855 0.190929 0.319915 0.189301 0.0145502 -0.0190712 0.00272081 -0.00887156 26426.8 2086.94 34050.6 1634.84 nan nan 184.999 nan nan nan 174.451 nan nan nan 1.00256 nan
2 -90 0.320334 0.00178703 34000.9 0.29967 0.190812 0.320334 0.189184 0.0145502 -0.0190712 0.00178703 -0.00887156 26426.8 2086.94 34000.9 1634.84 nan nan -90.0027 nan nan nan -25950.1 nan nan nan -0.487746 nan
1 -40 0.190898 -0.0207467 2086 0.299806 0.190898 0.320026 0.18927 0.0145502 -0.0207467 0.00178703 -0.00887156 26426.8 2086 34000.9 1634.84 nan -39.9809 nan nan nan -488.464 nan nan nan -0.875181 nan nan
2 245 0.32013 0.00433075 34050.7 0.299904 0.190634 0.32013 0.189332 0.0145502 -0.0207467 0.00433075 -0.00887156 26426.8 2086 34050.7 1634.84 nan nan 244.998 nan nan nan 26023.2 nan nan nan 1.32867 nan
2 -167 0.320789 0.00259808 34038.9 0.299613 0.190449 0.320789 0.189148 0.0145502 -0.0207467 0.00259808 -0.00887156 26426.8 2086 34038.9 1634.84 nan nan -167.004 nan nan nan -6160.28 nan nan nan -0.905033 nan
2 -220 0.320387 0.000315145 34066.4 0.299791 0.190562 0.320387 0.18926 0.0145502 -0.0207467 0.000315145 -0.00887156 26426.8 2086 34066.4 1634.84 nan nan -220.003 nan nan nan 14362.2 nan nan nan -1.19245 nan
2 -180 0.319948 -0.00155194 34063.2 0.299984 0.190685 0.319948 0.189383 0.0145502 -0.0207467 -0.00155194 -0.00887156 26426.8 2086 34063.2 1634.84 nan nan -180 nan nan nan -1666.32 nan nan nan -0.975237 nan
0 -135 0.300166 0.0129601 26411.1 0.300166 0.190801 0.319535 0.189498 0.0129601 -0.0207467 -0.00155194 -0.00887156 26411.1 2086 34063.2 1634.84 -135.015 nan nan nan -8197.9 nan nan nan -0.830535 nan nan nan
2 355 0.319704 0.00213054 34239.3 0.299796 0.190902 0.319704 0.189598 0.0129601 -0.0207467 0.00213054 -0.00887156 26411.1 2086 34239.3 1634.84 nan nan 355.002 nan nan nan 91962.9 nan nan nan 1.92348 nan
1 455 0.190573 -0.00167334 2478.39 0.29928 0.190573 0.320877 0.189271 0.0129601 -0.00167334 0.00213054 -0.00887156 26411.1 2478.39 34239.3 1634.84 nan 455.021 nan nan nan 204958 nan nan nan 9.96262 nan nan
2 -135 0.31879 0.000733753 34208.6 0.297334 0.195836 0.31879 0.18804 0.0129601 -0.00167334 0.000733753 -0.00887156 26411.1 2478.39 34208.6 1634.84 nan nan -135.002 nan nan nan -16013.7 nan nan nan -0.729589 nan
3 40 0.188142 -0.00697716 1634.77 0.297494 0.195942 0.318423 0.188142 0.0129601 -0.00167334 0.000733753 -0.00697716 26411.1 2478.39 34208.6 1634.77 nan nan nan 40.0089 nan nan nan -34.1267 nan nan nan 0.989508
2 -60 0.318309 0.000112682 34150 0.297388 0.195872 0.318309 0.188431 0.0129601 -0.00167334 0.000112682 -0.00697716 26411.1 2478.39 34150 1634.77 nan nan -60.0007 nan nan nan -30608.6 nan nan nan -0.324406 nan
0 -162 0.2975 0.0110516 26410.8 0.2975 0.195946 0.318052 0.188502 0.0110516 -0.00167334 0.000112682 -0.00697716 26410.8 2478.39 34150 1634.77 -162.013 nan nan nan -162.936 nan nan nan -0.996911 nan nan nan
1 -155 0.196057 -0.00763401 2519.64 0.297101 0.196057 0.318232 0.188609 0.0110516 -0.00763401 0.000112682 -0.00697716 26410.8 2519.64 34150 1634.77 nan -154.998 nan nan nan 21546.1 nan nan nan -3.11345 nan nan
2 -75 0.318512 -0.000664315 34095.4 0.297362 0.195351 0.318512 0.188775 0.0110516 -0.00763401 -0.000664315 -0.00697716 26410.8 2519.64 34095.4 1634.77 nan nan -75.0001 nan nan nan -28525 nan nan nan -0.405851 nan
2 -250 0.318229 -0.00325637 34149.8 0.297486 0.195432 0.318229 0.188854 0.0110516 -0.00763401 -0.00325637 -0.00697716 26410.8 2519.64 34149.8 1634.77 nan nan -249.999 nan nan nan 28404.2 nan nan nan -1.35391 nan
3 -135 0.188978 -0.0133691 1666.53 0.297681 0.195561 0.317781 0.188978 0.0110516 -0.00763401 -0.00325637 -0.0133691 26410.8 2519.64 34149.8 1666.53 nan nan nan -134.993 nan nan nan 16588.3 nan nan nan -3.33874
1 -60 0.195745 -0.00992214 2521.71 0.297962 0.195745 0.31808 0.188213 0.0110516 -0.00992214 -0.00325637 -0.0133691 26410.8 2521.71 34149.8 1666.53 nan -59.9924 nan nan nan 1079.44 nan nan nan -1.19516 nan nan
0 -150 0.298091 0.00928437 26403.3 0.298091 0.195397 0.318218 0.188295 0.00928437 -0.00992214 -0.00325637 -0.0133691 26403.3 2521.71 34149.8 1666.53 -150.011 nan nan nan -3907.51 nan nan nan -0.923065 nan nan nan
2 685 0.318393 0.00384025 34982.8 0.297704 0.195504 0.318393 0.188399 0.00928437 -0.00992214 0.00384025 -0.0133691 26403.3 2521.71 34982.8 1666.53 nan nan 685.003 nan nan nan 435080 nan nan nan 3.70679 nan
2 -165 0.32168 0.00215129 34967.9 0.296268 0.194562 0.32168 0.18749 0.00928437 -0.00992214 0.00215129 -0.0133691 26403.3 2521.71 34967.9 1666.53 nan nan -165.004 nan nan nan -7756.5 nan nan nan -0.8822 nan
3 -50 0.1876 -0.0157134 1668.12 0.296443 0.194676 0.321281 0.1876 0.00928437 -0.00992214 0.00215129 -0.0157134 26403.3 2521.71 34967.9 1668.12 nan nan nan -49.9866 nan nan nan 832.134 nan nan nan -1.22447
0 -60 0.296569 0.00857734 26359.7 0.296569 0.194759 0.321418 0.187254 0.00857734 -0.00992214 0.00215129 -0.0157134 26359.7 2521.71 34967.9 1668.12 -60.0093 nan nan nan -22802.2 nan nan nan -0.369308 nan nan nan
1 -45 0.194828 -0.0116374 2520.76 0.296322 0.194828 0.321531 0.18732 0.00857734 -0.0116374 0.00215129 -0.0157134 26359.7 2520.76 34967.9 1668.12 nan -44.9901 nan nan nan -497.603 nan nan nan -0.89592 nan nan
2 335 0.32164 0.00558102 35115.8 0.296422 0.194553 0.32164 0.187384 0.00857734 -0.0116374 0.00558102 -0.0157134 26359.7 2520.76 35115.8 1668.12 nan nan 334.998 nan nan nan 77255.6 nan nan nan 1.79146 nan
2 -90 0.322698 0.00466148 35064.1 0.29596 0.19425 0.322698 0.187092 0.00857734 -0.0116374 0.00466148 -0.0157134 26359.7 2520.76 35064.1 1668.12 nan nan -90.0056 nan nan nan -27014.8 nan nan nan -0.480306 nan
2 420 0.322389 0.00895552 35334.7 0.296095 0.194339 0.322389 0.187177 0.00857734 -0.0116374 0.00895552 -0.0157134 26359.7 2520.76 35334.7 1668.12 nan nan 419.995 nan nan nan 141332 nan nan nan 2.24292 nan
2 -165 0.323892 0.00727494 35319.2 0.295439 0.193908 0.323892 0.186762 0.00857734 -0.0116374 0.00727494 -0.0157134 26359.7 2520.76 35319.2 1668.12 nan nan -165.009 nan nan nan -8106.73 nan nan nan -0.877823 nan
0 -170 0.295613 0.00657262 26364.6 0.295613 0.194023 0.323492 0.186872 0.00657262 -0.0116374 0.00727494 -0.0157134 26364.6 2520.76 35319.2 1668.12 -170.009 nan nan nan 2543.23 nan nan nan -1.04713 nan nan nan
1 -158 0.194134 -0.0176618 2563.72 0.295207 0.194134 0.323678 0.18698 0.00657262 -0.0176618 0.00727494 -0.0157134 26364.6 2563.72 35319.2 1668.12 nan -157.988 nan nan nan 22439.6 nan nan nan -3.14673 nan nan
2 410 0.323961 0.0114516 35573.4 0.295465 0.193431 0.323961 0.187143 0.00657262 -0.0176618 0.0114516 -0.0157134 26364.6 2563.72 35573.4 1668.12 nan nan 409.993 nan nan nan 132775 nan nan nan 2.18158 nan
2 -150 0.325405 0.00992885 35548.3 0.294834 0.193018 0.325405 0.186743 0.00657262 -0.0176618 0.00992885 -0.0157134 26364.6 2563.72 35548.3 1668.12 nan nan -150.011 nan nan nan -13069.9 nan nan nan -0.795357 nan
3 45 0.18685 -0.0136033 1668.81 0.295002 0.193128 0.325019 0.18685 0.00657262 -0.0176618 0.00992885 -0.0136033 26364.6 2563.72 35548.3 1668.81 nan nan nan 45.0157 nan nan nan 358.292 nan nan nan 1.10217
3 -48 0.187176 -0.0158522 1670.02 0.294884 0.193051 0.324889 0.187176 0.00657262 -0.0176618 0.00992885 -0.0158522 26364.6 2563.72 35548.3 1670.02 nan nan nan -47.9864 nan nan nan 633.886 nan nan nan -1.17467
3 83 0.186842 -0.011963 1680.02 0.295005 0.19313 0.325023 0.186842 0.00657262 -0.0176618 0.00992885 -0.011963 26364.6 2563.72 35548.3 1680.02 nan nan nan 83.0159 nan nan nan 5221.61 nan nan nan 2.03142
3 53 0.1875 -0.00948692 1682.18 0.294767 0.192974 0.32476 0.1875 0.00657262 -0.0176618 0.00992885 -0.00948692 26364.6 2563.72 35548.3 1682.18 nan nan nan 53.012 nan nan nan 1130.25 nan nan nan 1.29335
2 -135 0.324603 0.00855794 35515.2 0.294624 0.192881 0.324603 0.187892 0.00657262 -0.0176618 0.00855794 -0.00948692 26364.6 2563.72 35515.2 1682.18 nan nan -135.01 nan nan nan -17320.7 nan nan nan -0.716071 nan
3 -60 0.187995 -0.0122872 1685.85 0.294786 0.192986 0.324234 0.187995 0.00657262 -0.0176618 0.00855794 -0.0122872 26364.6 2563.72 35515.2 1685.85 nan nan nan -59.9905 nan nan nan 1916.68 nan nan nan -1.46267
0 -83 0.294932 0.0055939 26327.3 0.294932 0.193082 0.324394 0.187592 0.0055939 -0.0176618 0.00855794 -0.0122872 26327.3 2563.72 35515.2 1685.85 -83.0066 nan nan nan -19474.5 nan nan nan -0.511213 nan nan nan
1 -50 0.193161 -0.0195516 2563.59 0.294643 0.193161 0.324527 0.187669 0.0055939 -0.0195516 0.00855794 -0.0122872 26327.3 2563.59 35515.2 1685.85 nan -49.9823 nan nan nan -65.4836 nan nan nan -0.987146 nan nan
2 -250 0.324646 0.00601813 35566.8 0.294751 0.192866 0.324646 0.187737 0.0055939 -0.0195516 0.00601813 -0.0122872 26327.3 2563.59 35566.8 1685.85 nan nan -250.009 nan nan nan 26989.1 nan nan nan -1.32662 nan
2 615 0.324197 0.0122612 36222.8 0.294947 0.192994 0.324197 0.187862 0.0055939 -0.0195516 0.0122612 -0.0122872 26327.3 2563.59 36222.8 1685.85 nan nan 614.994 nan nan nan 342651 nan nan nan 3.26098 nan
2 -75 0.326926 0.0115067 36164.3 0.293756 0.192215 0.326926 0.187103 0.0055939 -0.0195516 0.0115067 -0.0122872 26327.3 2563.59 36164.3 1685.85 nan nan -75.0123 nan nan nan -30596 nan nan nan -0.394131 nan
3 -45 0.187183 -0.0143849 1686.5 0.293881 0.192297 0.326639 0.187183 0.0055939 -0.0195516 0.0115067 -0.0143849 26327.3 2563.59 36164.3 1686.5 nan nan nan -44.9877 nan nan nan 338.042 nan nan nan -1.09568
0 -130 0.293995 0.00405995 26309.2 0.293995 0.192371 0.326766 0.186869 0.00405995 -0.0195516 0.0115067 -0.0143849 26309.2 2563.59 36164.3 1686.5 -130.006 nan nan nan -9425.82 nan nan nan -0.801233 nan nan nan
1 -45 0.192469 -0.0212524 2562.56 0.293635 0.192469 0.326932 0.186964 0.00405995 -0.0212524 0.0115067 -0.0143849 26309.2 2562.56 36164.3 1686.5 nan -44.9804 nan nan nan -540.352 nan nan nan -0.888381 nan nan
2 -250 0.327041 0.00898974 36214.7 0.293733 0.192199 0.327041 0.187026 0.00405995 -0.0212524 0.00898974 -0.0143849 26309.2 2562.56 36214.7 1686.5 nan nan -250.012 nan nan nan 26341.5 nan nan nan -1.31468 nan
3 -45 0.187151 -0.016482 1687.14 0.293929 0.192328 0.326592 0.187151 0.00405995 -0.0212524 0.00898974 -0.016482 26309.2 2562.56 36214.7 1687.14 nan nan nan -44.9856 nan nan nan 337.206 nan nan nan -1.09542
1 -168 0.192402 -0.0276053 2611.67 0.294043 0.192402 0.326718 0.186837 0.00405995 -0.0276053 0.00898974 -0.016482 26309.2 2611.67 36214.7 1687.14 nan -167.979 nan nan nan 25654.3 nan nan nan -3.31831 nan nan
2 -237 0.327009 0.00660536 36252.9 0.294305 0.191684 0.327009 0.187003 0.00405995 -0.0276053 0.00660536 -0.016482 26309.2 2611.67 36252.9 1687.14 nan nan -237.009 nan nan nan 19958.6 nan nan nan -1.24544 nan
0 1516 0.294499 0.0219535 30658.8 0.294499 0.191811 0.326563 0.187127 0.0219535 -0.0276053 0.00660536 -0.016482 30658.8 2611.67 36252.9 1687.14 1516 nan nan nan 2.27193e+06 nan nan nan 9.34639 nan nan nan
2 -165 0.320329 0.00494622 36235.6 0.307966 0.18815 0.320329 0.183555 0.0219535 -0.0276053 0.00494622 -0.016482 30658.8 2611.67 36235.6 1687.14 nan nan -165.007 nan nan nan -9025.73 nan nan nan -0.866622 nan
0 -172 0.308146 0.0200727 30656.8 0.308146 0.188259 0.319933 0.183662 0.0200727 -0.0276053 0.00494622 -0.016482 30656.8 2611.67 36235.6 1687.14 -172.022 nan nan nan -1067.27 nan nan nan -0.98244 nan nan nan
3 -135 0.183769 -0.0227736 1718.8 0.307741 0.18837 0.32012 0.183769 0.0200727 -0.0276053 0.00494622 -0.0227736 30656.8 2611.67 36235.6 1718.8 nan nan nan -134.984 nan nan nan 16533.4 nan nan nan -3.28628
3 59 0.183032 -0.020048 1722.18 0.308019 0.18854 0.320409 0.183032 0.0200727 -0.0276053 0.00494622 -0.020048 30656.8 2611.67 36235.6 1722.18 nan nan nan 59.0228 nan nan nan 1764.89 nan nan nan 1.42366
1 -41 0.188441 -0.0291402 2609.89 0.307857 0.188441 0.320241 0.183462 0.0200727 -0.0291402 0.00494622 -0.020048 30656.8 2609.89 36235.6 1722.18 nan -40.9724 nan nan nan -932.936 nan nan nan -0.801737 nan nan
2 700 0.320337 0.0119863 37104.3 0.307949 0.188197 0.320337 0.183517 0.0200727 -0.0291402 0.0119863 -0.020048 30656.8 2609.89 37104.3 1722.18 nan nan 699.995 nan nan nan 453757 nan nan nan 3.67728 nan
3 82 0.182624 -0.0162641 1731.76 0.306451 0.187281 0.323644 0.182624 0.0200727 -0.0291402 0.0119863 -0.0162641 30656.8 2609.89 37104.3 1731.76 nan nan nan 82.02 nan nan nan 5005.11 nan nan nan 1.97643
0 -60 0.306216 0.0194164 30605 0.306216 0.187137 0.323396 0.183251 0.0194164 -0.0291402 0.0119863 -0.0162641 30605 2609.89 37104.3 1731.76 -60.0201 nan nan nan -27054.4 nan nan nan -0.342794 nan nan nan
0 -158 0.305964 0.0176871 30594.2 0.305964 0.187205 0.323513 0.183318 0.0176871 -0.0291402 0.0119863 -0.0162641 30594.2 2609.89 37104.3 1731.76 -158.019 nan nan nan -5634.85 nan nan nan -0.903263 nan nan nan
2 -120 0.323695 0.0107935 37060.9 0.305573 0.18731 0.323695 0.183421 0.0176871 -0.0291402 0.0107935 -0.0162641 30594.2 2609.89 37060.9 1731.76 nan nan -120.012 nan nan nan -22701.5 nan nan nan -0.623035 nan
1 -45 0.187407 -0.0308255 2608.76 0.305731 0.187407 0.323346 0.183516 0.0176871 -0.0308255 0.0107935 -0.0162641 30594.2 2608.76 37060.9 1731.76 nan -44.9709 nan nan nan -587.508 nan nan nan -0.880279 nan nan
1 -45 0.187145 -0.0325111 2607.64 0.30583 0.187145 0.32345 0.183575 0.0176871 -0.0325111 0.0107935 -0.0162641 30594.2 2607.64 37060.9 1731.76 nan -44.9692 nan nan nan -586.535 nan nan nan -0.880436 nan nan
3 -135 0.183634 -0.0224741 1763.33 0.305929 0.186882 0.323555 0.183634 0.0176871 -0.0325111 0.0107935 -0.0224741 30594.2 2607.64 37060.9 1763.33 nan nan nan -134.984 nan nan nan 16488.9 nan nan nan -3.24368
2 -83 0.323843 0.00996802 37003.1 0.306201 0.187049 0.323843 0.182907 0.0176871 -0.0325111 0.00996802 -0.0224741 30594.2 2607.64 37003.1 1763.33 nan nan -83.0108 nan nan nan -30170.1 nan nan nan -0.431198 nan
0 -83 0.306336 0.0167784 30548.8 0.306336 0.187131 0.323545 0.182987 0.0167784 -0.0325111 0.00996802 -0.0224741 30548.8 2607.64 37003.1 1763.33 -83.0177 nan nan nan -23702.3 nan nan nan -0.474626 nan nan nan
1 -158 0.18721 -0.0384335 2650.42 0.306045 0.18721 0.323681 0.183064 0.0167784 -0.0384335 0.00996802 -0.0224741 30548.8 2650.42 37003.1 1763.33 nan -157.967 nan nan nan 22346.1 nan nan nan -3.09346 nan nan
2 -165 0.323949 0.00832576 36984.4 0.306298 0.186537 0.323949 0.183216 0.0167784 -0.0384335 0.00832576 -0.0224741 30548.8 2650.42 36984.4 1763.33 nan nan -165.01 nan nan nan -9774.84 nan nan nan -0.85781 nan
3 -142 0.183324 -0.0289471 1798.54 0.306479 0.186646 0.323551 0.183324 0.0167784 -0.0384335 0.00832576 -0.0289471 30548.8 2650.42 36984.4 1798.54 nan nan nan -141.978 nan nan nan 18394.3 nan nan nan -3.38106
3 79 0.182579 -0.0253795 1807.06 0.306758 0.186817 0.323846 0.182579 0.0167784 -0.0384335 0.00832576 -0.0253795 30548.8 2650.42 36984.4 1807.06 nan nan nan 79.0289 nan nan nan 4447.03 nan nan nan 1.86348
2 960 0.323614 0.0178825 38678 0.306538 0.186683 0.323614 0.183166 0.0167784 -0.0384335 0.0178825 -0.0253795 30548.8 2650.42 38678 1807.06 nan nan 959.992 nan nan nan 884600 nan nan nan 4.99181 nan
2 -90 0.329136 0.0170062 38619.4 0.304035 0.185158 0.329136 0.18167 0.0167784 -0.0384335 0.0170062 -0.0253795 30548.8 2650.42 38619.4 1807.06 nan nan -90.0179 nan nan nan -30574.7 nan nan nan -0.457717 nan
3 -50 0.181754 -0.0276302 1808.38 0.304176 0.185244 0.328825 0.181754 0.0167784 -0.0384335 0.0170062 -0.0276302 30548.8 2650.42 38619.4 1808.38 nan nan nan -49.9746 nan nan nan 690.407 nan nan nan -1.17561
0 -153 0.304297 0.0151023 30535.2 0.304297 0.185318 0.328957 0.181428 0.0151023 -0.0384335 0.0170062 -0.0276302 30535.2 2650.42 38619.4 1808.38 -153.017 nan nan nan -7134.68 nan nan nan -0.875471 nan nan nan
1 465 0.18542 -0.0211399 3059.38 0.303913 0.18542 0.329138 0.181528 0.0151023 -0.0211399 0.0170062 -0.0276302 30535.2 3059.38 38619.4 1808.38 nan 465.038 nan nan nan 213610 nan nan nan 9.03299 nan nan
2 -180 0.327229 0.0152525 38607.5 0.30215 0.190145 0.327229 0.180475 0.0151023 -0.0211399 0.0152525 -0.0276302 30535.2 3059.38 38607.5 1808.38 nan nan -180.017 nan nan nan -6213.31 nan nan nan -0.916032 nan
3 -43 0.180585 -0.0295648 1808.45 0.302334 0.190261 0.326819 0.180585 0.0151023 -0.0211399 0.0152525 -0.0295648 30535.2 3059.38 38607.5 1808.45 nan nan nan -42.9724 nan nan nan 38.2466 nan nan nan -1.01052
0 -90 0.30244 0.0141161 30492.2 0.30244 0.190328 0.326933 0.1803 0.0141161 -0.0211399 0.0152525 -0.0295648 30492.2 3059.38 38607.5 1808.45 -90.0151 nan nan nan -22432.4 nan nan nan -0.515128 nan nan nan
1 -60 0.19041 -0.023216 3060.41 0.302139 0.19041 0.327074 0.180377 0.0141161 -0.023216 0.0152525 -0.0295648 30492.2 3060.41 38607.5 1808.45 nan -59.9789 nan nan nan 538.088 nan nan nan -1.08438 nan nan
2 -250 0.327201 0.0128165 38653.3 0.302256 0.190095 0.327201 0.180448 0.0141161 -0.023216 0.0128165 -0.0295648 30492.2 3060.41 38653.3 1808.45 nan nan -250.015 nan nan nan 23900.1 nan nan nan -1.27242 nan
