2 50 0.25 0.0324163 2500 0.25 0.25 0.25 0.25 0 0 0.0324163 0 1 1 2500 1 nan nan 50 nan nan nan 0 nan nan nan 1 nan
3 50 0.239794 0.0324163 2500 0.239794 0.239794 0.280618 0.239794 0 0 0.0324163 0.0324163 1 1 2500 2500 nan nan nan 50 nan nan nan 0 nan nan nan 1
1 100 0.230389 0.0324163 10000 0.230389 0.230389 0.269611 0.269611 0 0.0324163 0.0324163 0.0324163 1 10000 2500 2500 nan 100 nan nan nan 0 nan nan nan 1 nan nan
0 100 0.214148 0.0324163 10000 0.214148 0.28464 0.250606 0.250606 0.0324163 0.0324163 0.0324163 0.0324163 10000 10000 2500 2500 100 nan nan nan 0 nan nan nan 1 nan nan nan
1 80 0.265896 0.0583388 9883.13 0.265896 0.265896 0.234104 0.234104 0.0324163 0.0583388 0.0324163 0.0324163 10000 9883.13 2500 2500 nan 79.9676 nan nan nan -3605.19 nan nan nan 0.799676 nan nan
0 120 0.264159 0.0713054 10142.4 0.264159 0.270692 0.232574 0.232574 0.0713054 0.0583388 0.0324163 0.0324163 10142.4 9883.13 2500 2500 119.968 nan nan nan 4392.22 nan nan nan 1.19968 nan nan nan
1 110 0.267754 0.0941879 9954.58 0.272145 0.267754 0.23005 0.23005 0.0713054 0.0941879 0.0324163 0.0324163 10142.4 9954.58 2500 2500 nan 109.942 nan nan nan 2204.04 nan nan nan 1.1059 nan nan
0 -70 0.269444 0.0487508 9972.76 0.269444 0.275023 0.227766 0.227766 0.0487508 0.0941879 0.0324163 0.0324163 9972.76 9954.58 2500 2500 -70.0713 nan nan nan -5232.39 nan nan nan -0.695777 nan nan nan
1 120 0.276844 0.133146 10098 0.264608 0.276844 0.229274 0.229274 0.0487508 0.133146 0.0324163 0.0324163 9972.76 10098 2500 2500 nan 119.906 nan nan nan 4422.82 nan nan nan 1.20179 nan nan
1 90 0.285082 0.162135 10032.4 0.261593 0.285082 0.226662 0.226662 0.0487508 0.162135 0.0324163 0.0324163 9972.76 10032.4 2500 2500 nan 89.8669 nan nan nan -2021.9 nan nan nan 0.894299 nan nan
1 100 0.290856 0.194447 10030.3 0.259481 0.290856 0.224832 0.224832 0.0487508 0.194447 0.0324163 0.0324163 9972.76 10030.3 2500 2500 nan 99.8379 nan nan nan -64.8098 nan nan nan 0.996765 nan nan
1 90 0.297559 0.223514 9966.6 0.257028 0.297559 0.222706 0.222706 0.0487508 0.223514 0.0324163 0.0324163 9972.76 9966.6 2500 2500 nan 89.8056 nan nan nan -1965.27 nan nan nan 0.896698 nan nan
1 120 0.303499 0.262407 10108.6 0.254855 0.303499 0.220823 0.220823 0.0487508 0.262407 0.0324163 0.0324163 9972.76 10108.6 2500 2500 nan 119.776 nan nan nan 4379.81 nan nan nan 1.19977 nan nan
1 -1140 0.31217 -0.105234 51928.5 0.251682 0.31217 0.218074 0.218074 0.0487508 -0.105234 0.0324163 0.0324163 9972.76 51928.5 2500 2500 nan -1140.26 nan nan nan 1.29009e+06 nan nan nan -11.3412 nan nan
1 80 0.302943 -0.0938386 50453.2 0.255058 0.302943 0.221 0.221 0.0487508 -0.0938386 0.0324163 0.0324163 9972.76 50453.2 2500 2500 nan 80.1052 nan nan nan -45511.7 nan nan nan 0.351526 nan nan
1 110 0.303596 -0.0779502 49210.6 0.254819 0.303596 0.220792 0.220792 0.0487508 -0.0779502 0.0324163 0.0324163 9972.76 49210.6 2500 2500 nan 110.094 nan nan nan -38332.5 nan nan nan 0.490138 nan nan
1 100 0.30546 -0.0633259 47940 0.254137 0.30546 0.220202 0.220202 0.0487508 -0.0633259 0.0324163 0.0324163 9972.76 47940 2500 2500 nan 100.078 nan nan nan -39195 nan nan nan 0.451138 nan nan
2 60 0.219711 0.0712948 2535.53 0.253571 0.307007 0.219711 0.219711 0.0487508 -0.0633259 0.0712948 0.0324163 9972.76 47940 2535.53 2500 nan nan 59.9676 nan nan nan 1096.11 nan nan nan 1.19935 nan
2 -10 0.226607 0.0648113 2456.63 0.25133 0.304294 0.226607 0.217769 0.0487508 -0.0633259 0.0648113 0.0324163 9972.76 47940 2456.63 2500 nan nan -10.0713 nan nan nan -2434.1 nan nan nan -0.20001 nan
2 55 0.225122 0.10074 2474.82 0.251813 0.304878 0.225122 0.218188 0.0487508 -0.0633259 0.10074 0.0324163 9972.76 47940 2474.82 2500 nan nan 54.9352 nan nan nan 561.248 nan nan nan 1.10836 nan
2 5 0.231534 0.103933 2395.37 0.249729 0.302355 0.231534 0.216382 0.0487508 -0.0633259 0.103933 0.0324163 9972.76 47940 2395.37 2500 nan nan 4.89926 nan nan nan -2450.82 nan nan nan 0.0984824 nan
2 45 0.231737 0.133669 2383.07 0.249663 0.302275 0.231737 0.216325 0.0487508 -0.0633259 0.133669 0.0324163 9972.76 47940 2383.07 2500 nan nan 44.8961 nan nan nan -379.718 nan nan nan 0.917322 nan
2 0 0.237015 0.13358 2305.82 0.247948 0.300198 0.237015 0.214839 0.0487508 -0.0633259 0.13358 0.0324163 9972.76 47940 2305.82 2500 nan nan -0.133669 nan nan nan -2383.05 nan nan nan -0.00273818 nan
1 90 0.300349 -0.0499919 46648.9 0.248072 0.300349 0.236632 0.214946 0.0487508 -0.0499919 0.13358 0.0324163 9972.76 46648.9 2305.82 2500 nan 90.0633 nan nan nan -39828.6 nan nan nan 0.411338 nan nan
3 40 0.214573 0.0583283 2470.74 0.247642 0.301564 0.236221 0.214573 0.0487508 -0.0499919 0.13358 0.0583283 9972.76 46648.9 2305.82 2470.74 nan nan nan 39.9676 nan nan nan -902.592 nan nan nan 0.799352
3 45 0.218845 0.0876372 2456.12 0.246295 0.299924 0.234937 0.218845 0.0487508 -0.0499919 0.13358 0.0876372 9972.76 46648.9 2305.82 2456.12 nan nan nan 44.9417 nan nan nan -450.987 nan nan nan 0.90414
0 90 0.244723 0.0779495 9911.77 0.244723 0.298009 0.233437 0.223831 0.0779495 -0.0499919 0.13358 0.0876372 9911.77 46648.9 2305.82 2456.12 89.9512 nan nan nan -1881.54 nan nan nan 0.90074 nan nan nan
0 -190 0.250013 0.0160596 10761.7 0.250013 0.295922 0.231802 0.222263 0.0160596 -0.0499919 0.13358 0.0876372 10761.7 46648.9 2305.82 2456.12 -190.078 nan nan nan 26217.9 nan nan nan -1.90922 nan nan nan
0 100 0.240529 0.0473027 10736.9 0.240529 0.299664 0.234733 0.225074 0.0473027 -0.0499919 0.13358 0.0876372 10736.9 46648.9 2305.82 2456.12 99.9839 nan nan nan -764.87 nan nan nan 0.963808 nan nan nan
0 -120 0.246226 0.00974691 10856 0.246226 0.297416 0.232972 0.223386 0.00974691 -0.0499919 0.13358 0.0876372 10856 46648.9 2305.82 2456.12 -120.047 nan nan nan 3674.49 nan nan nan -1.15855 nan nan nan
1 -1370 0.300035 -0.255603 105974 0.239588 0.300035 0.235024 0.225353 0.00974691 -0.255603 0.13358 0.0876372 10856 105974 2305.82 2456.12 nan -1369.95 nan nan nan 1.83011e+06 nan nan nan -6.34284 nan nan
1 120 0.315674 -0.243629 103008 0.234235 0.315674 0.229773 0.220318 0.00974691 -0.243629 0.13358 0.0876372 10856 103008 2305.82 2456.12 nan 120.256 nan nan nan -91513.1 nan nan nan 0.369407 nan nan
1 130 0.315737 -0.230474 100219 0.234213 0.315737 0.229752 0.220298 0.00974691 -0.230474 0.13358 0.0876372 10856 100219 2305.82 2456.12 nan 130.244 nan nan nan -86044.6 nan nan nan 0.405808 nan nan
2 45 0.229606 0.163868 2296.32 0.234065 0.316171 0.229606 0.220158 0.00974691 -0.230474 0.163868 0.0876372 10856 100219 2296.32 2456.12 nan nan 44.8664 nan nan nan -292.82 nan nan nan 0.934349 nan
2 10 0.234962 0.170522 2225.02 0.232437 0.313973 0.234962 0.218627 0.00974691 -0.230474 0.170522 0.0876372 10856 100219 2225.02 2456.12 nan nan 9.83613 nan nan nan -2199.57 nan nan nan 0.205262 nan
2 -10 0.235816 0.163533 2156.25 0.232178 0.313623 0.235816 0.218383 0.00974691 -0.230474 0.163533 0.0876372 10856 100219 2156.25 2456.12 nan nan -10.1705 nan nan nan -2121.58 nan nan nan -0.215614 nan
2 55 0.234223 0.201814 2183.83 0.232662 0.314277 0.234223 0.218839 0.00974691 -0.230474 0.201814 0.0876372 10856 100219 2183.83 2456.12 nan nan 54.8365 nan nan nan 850.79 nan nan nan 1.18092 nan
2 30 0.241297 0.222484 2141.82 0.230513 0.311373 0.241297 0.216817 0.00974691 -0.230474 0.222484 0.0876372 10856 100219 2141.82 2456.12 nan nan 29.7982 nan nan nan -1295.9 nan nan nan 0.637648 nan
2 -10 0.244888 0.215324 2075.78 0.229421 0.309899 0.244888 0.215791 0.00974691 -0.230474 0.215324 0.0876372 10856 100219 2075.78 2456.12 nan nan -10.2225 nan nan nan -2037.32 nan nan nan -0.220884 nan
2 45 0.24323 0.247188 2073.5 0.229925 0.31058 0.24323 0.216265 0.00974691 -0.230474 0.247188 0.0876372 10856 100219 2073.5 2456.12 nan nan 44.7847 nan nan nan -70.1095 nan nan nan 0.982967 nan
1 110 0.308158 -0.219186 97363.9 0.228133 0.308158 0.249131 0.214578 0.00974691 -0.219186 0.247188 0.0876372 10856 97363.9 2073.5 2456.12 nan 110.23 nan nan nan -88068 nan nan nan 0.348199 nan nan
1 90 0.308099 -0.209814 94471.5 0.228152 0.308099 0.249152 0.214597 0.00974691 -0.209814 0.247188 0.0876372 10856 94471.5 2073.5 2456.12 nan 90.2192 nan nan nan -89224.4 nan nan nan 0.289135 nan nan
1 100 0.307562 -0.199245 91734.7 0.228329 0.307562 0.249346 0.214763 0.00974691 -0.199245 0.247188 0.0876372 10856 91734.7 2073.5 2456.12 nan 100.21 nan nan nan -84429.5 nan nan nan 0.326032 nan nan
1 120 0.30738 -0.18638 89229.3 0.228389 0.30738 0.249411 0.21482 0.00974691 -0.18638 0.247188 0.0876372 10856 89229.3 2073.5 2456.12 nan 120.199 nan nan nan -77286.8 nan nan nan 0.396858 nan nan
1 -1630 0.307861 -0.363248 172444 0.228231 0.307861 0.249238 0.214671 0.00974691 -0.363248 0.247188 0.0876372 10856 172444 2073.5 2456.12 nan -1629.81 nan nan nan 2.56706e+06 nan nan nan -5.45612 nan nan
2 45 0.239827 0.279047 2071.21 0.219613 0.333996 0.239827 0.206565 0.00974691 -0.363248 0.279047 0.0876372 10856 172444 2071.21 2456.12 nan nan 44.7528 nan nan nan -70.6898 nan nan nan 0.982806 nan
2 40 0.245671 0.307339 2055.22 0.217924 0.331428 0.245671 0.204976 0.00974691 -0.363248 0.307339 0.0876372 10856 172444 2055.22 2456.12 nan nan 39.721 nan nan nan -493.458 nan nan nan 0.872785 nan
2 25 0.250867 0.324996 2008.36 0.216423 0.329145 0.250867 0.203564 0.00974691 -0.363248 0.324996 0.0876372 10856 172444 2008.36 2456.12 nan nan 24.6927 nan nan nan -1445.49 nan nan nan 0.544677 nan
2 -15 0.253949 0.31391 1950.87 0.215533 0.327791 0.253949 0.202727 0.00974691 -0.363248 0.31391 0.0876372 10856 172444 1950.87 2456.12 nan nan -15.325 nan nan nan -1773.5 nan nan nan -0.341963 nan
2 70 0.251545 0.365054 2045.05 0.216227 0.328848 0.251545 0.20338 0.00974691 -0.363248 0.365054 0.0876372 10856 172444 2045.05 2456.12 nan nan 69.6861 nan nan nan 2905.28 nan nan nan 1.57773 nan
2 -10 0.261814 0.357625 1982.24 0.213261 0.324336 0.261814 0.20059 0.00974691 -0.363248 0.357625 0.0876372 10856 172444 1982.24 2456.12 nan nan -10.3651 nan nan nan -1937.61 nan nan nan -0.229203 nan
1 110 0.325116 -0.354632 167249 0.213774 0.325116 0.260037 0.201073 0.00974691 -0.354632 0.357625 0.0876372 10856 167249 1982.24 2456.12 nan 110.363 nan nan nan -160264 nan nan nan 0.265767 nan nan
1 140 0.323486 -0.343507 162466 0.21429 0.323486 0.260665 0.201558 0.00974691 -0.343507 0.357625 0.0876372 10856 162466 1982.24 2456.12 nan 140.355 nan nan nan -147549 nan nan nan 0.343198 nan nan
1 130 0.322639 -0.333025 157750 0.214559 0.322639 0.260992 0.201811 0.00974691 -0.333025 0.357625 0.0876372 10856 157750 1982.24 2456.12 nan 130.344 nan nan nan -145476 nan nan nan 0.323376 nan nan
1 100 0.32165 -0.324836 152963 0.214872 0.32165 0.261373 0.202105 0.00974691 -0.324836 0.357625 0.0876372 10856 152963 1982.24 2456.12 nan 100.333 nan nan nan -147683 nan nan nan 0.252615 nan nan
1 110 0.320064 -0.315692 148399 0.215374 0.320064 0.261984 0.202578 0.00974691 -0.315692 0.357625 0.0876372 10856 148399 1982.24 2456.12 nan 110.325 nan nan nan -140791 nan nan nan 0.282085 nan nan
1 120 0.318797 -0.305567 144057 0.215775 0.318797 0.262472 0.202955 0.00974691 -0.305567 0.357625 0.0876372 10856 144057 1982.24 2456.12 nan 120.316 nan nan nan -133923 nan nan nan 0.312325 nan nan
1 120 0.317857 -0.295292 139857 0.216073 0.317857 0.262834 0.203235 0.00974691 -0.295292 0.357625 0.0876372 10856 139857 1982.24 2456.12 nan 120.306 nan nan nan -129584 nan nan nan 0.31697 nan nan
1 140 0.317007 -0.283131 135961 0.216342 0.317007 0.263162 0.203489 0.00974691 -0.283131 0.357625 0.0876372 10856 135961 1982.24 2456.12 nan 140.295 nan nan nan -120174 nan nan nan 0.375147 nan nan
1 110 0.316748 -0.273436 131948 0.216425 0.316748 0.263262 0.203566 0.00974691 -0.273436 0.357625 0.0876372 10856 131948 1982.24 2456.12 nan 110.283 nan nan nan -123799 nan nan nan 0.29909 nan nan
2 60 0.263617 0.40105 2033.29 0.216717 0.315825 0.263617 0.203841 0.00974691 -0.273436 0.40105 0.0876372 10856 131948 2033.29 2456.12 nan nan 59.6424 nan nan nan 1574.98 nan nan nan 1.33961 nan
2 40 0.272421 0.429517 2018.21 0.214126 0.312049 0.272421 0.201404 0.00974691 -0.273436 0.429517 0.0876372 10856 131948 2018.21 2456.12 nan nan 39.599 nan nan nan -465.215 nan nan nan 0.878181 nan
2 55 0.278014 0.468894 2049.32 0.21248 0.30965 0.278014 0.199856 0.00974691 -0.273436 0.468894 0.0876372 10856 131948 2049.32 2456.12 nan nan 54.5705 nan nan nan 959.726 nan nan nan 1.21472 nan
2 30 0.286166 0.49004 2011.16 0.210081 0.306154 0.286166 0.197599 0.00974691 -0.273436 0.49004 0.0876372 10856 131948 2011.16 2456.12 nan nan 29.5311 nan nan nan -1177.24 nan nan nan 0.652341 nan
2 15 0.290283 0.500528 1952.79 0.208869 0.304388 0.290283 0.19646 0.00974691 -0.273436 0.500528 0.0876372 10856 131948 1952.79 2456.12 nan nan 14.51 nan nan nan -1800.62 nan nan nan 0.323551 nan
2 10 0.292103 0.507497 1892.41 0.208334 0.303608 0.292103 0.195956 0.00974691 -0.273436 0.507497 0.0876372 10856 131948 1892.41 2456.12 nan nan 9.49947 nan nan nan -1862.55 nan nan nan 0.214967 nan
2 55 0.293182 0.548103 1927.33 0.208016 0.303145 0.293182 0.195657 0.00974691 -0.273436 0.548103 0.0876372 10856 131948 1927.33 2456.12 nan nan 54.4925 nan nan nan 1077.02 nan nan nan 1.25265 nan
2 40 0.301881 0.577234 1915.3 0.205456 0.299414 0.301881 0.193249 0.00974691 -0.273436 0.577234 0.0876372 10856 131948 1915.3 2456.12 nan nan 39.4519 nan nan nan -370.875 nan nan nan 0.898649 nan
2 -35 0.307982 0.550882 1894.25 0.203661 0.296798 0.307982 0.19156 0.00974691 -0.273436 0.550882 0.0876372 10856 131948 1894.25 2456.12 nan nan -35.5772 nan nan nan -649.565 nan nan nan -0.81293 nan
2 30 0.302264 0.572816 1860.96 0.205343 0.29925 0.302264 0.193143 0.00974691 -0.273436 0.572816 0.0876372 10856 131948 1860.96 2456.12 nan nan 29.4491 nan nan nan -1027 nan nan nan 0.676634 nan
2 40 0.306702 0.602443 1851.02 0.204037 0.297346 0.306702 0.191915 0.00974691 -0.273436 0.602443 0.0876372 10856 131948 1851.02 2456.12 nan nan 39.4272 nan nan nan -306.454 nan nan nan 0.913961 nan
2 75 0.312974 0.658498 1970.44 0.202191 0.294656 0.312974 0.190178 0.00974691 -0.273436 0.658498 0.0876372 10856 131948 1970.44 2456.12 nan nan 74.3976 nan nan nan 3683.97 nan nan nan 1.72923 nan
2 30 0.325916 0.679925 1934.48 0.198383 0.289106 0.325916 0.186596 0.00974691 -0.273436 0.679925 0.0876372 10856 131948 1934.48 2456.12 nan nan 29.3415 nan nan nan -1109.52 nan nan nan 0.660998 nan
2 35 0.330411 0.70522 1909.95 0.197059 0.287178 0.330411 0.185351 0.00974691 -0.273436 0.70522 0.0876372 10856 131948 1909.95 2456.12 nan nan 34.3201 nan nan nan -756.609 nan nan nan 0.780309 nan
2 45 0.335873 0.738075 1911.64 0.195452 0.284836 0.335873 0.18384 0.00974691 -0.273436 0.738075 0.0876372 10856 131948 1911.64 2456.12 nan nan 44.2948 nan nan nan 52.0773 nan nan nan 1.01354 nan
2 65 0.343251 0.78572 1983.54 0.193281 0.281671 0.343251 0.181797 0.00974691 -0.273436 0.78572 0.0876372 10856 131948 1983.54 2456.12 nan nan 64.2619 nan nan nan 2217.96 nan nan nan 1.46977 nan
2 -20 0.354545 0.770591 1933.24 0.189957 0.276827 0.354545 0.178671 0.00974691 -0.273436 0.770591 0.0876372 10856 131948 1933.24 2456.12 nan nan -20.7857 nan nan nan -1551.49 nan nan nan -0.466708 nan
2 50 0.350761 0.806886 1949.14 0.191071 0.27845 0.350761 0.179718 0.00974691 -0.273436 0.806886 0.0876372 10856 131948 1949.14 2456.12 nan nan 49.2294 nan nan nan 490.292 nan nan nan 1.11965 nan
2 -5 0.359176 0.802622 1887.05 0.188594 0.274841 0.359176 0.177389 0.00974691 -0.273436 0.802622 0.0876372 10856 131948 1887.05 2456.12 nan nan -5.80689 nan nan nan -1915.42 nan nan nan -0.131529 nan
2 10 0.357781 0.809485 1828.62 0.189005 0.275439 0.357781 0.177775 0.00974691 -0.273436 0.809485 0.0876372 10856 131948 1828.62 2456.12 nan nan 9.19738 nan nan nan -1802.45 nan nan nan 0.211725 nan
2 45 0.358962 0.842984 1832.64 0.188657 0.274933 0.358962 0.177448 0.00974691 -0.273436 0.842984 0.0876372 10856 131948 1832.64 2456.12 nan nan 44.1905 nan nan nan 124.185 nan nan nan 1.0334 nan
1 130 0.271599 -0.26181 128221 0.18637 0.271599 0.366734 0.175297 0.00974691 -0.26181 0.842984 0.0876372 10856 128221 1832.64 2456.12 nan 130.273 nan nan nan -114977 nan nan nan 0.358636 nan nan
1 -1860 0.271296 -0.430169 236180 0.186447 0.271296 0.366887 0.17537 0.00974691 -0.430169 0.842984 0.0876372 10856 236180 1832.64 2456.12 nan -1859.74 nan nan nan 3.33041e+06 nan nan nan -5.19364 nan nan
1 120 0.303506 -0.422136 228994 0.178206 0.303506 0.35067 0.167618 0.00974691 -0.422136 0.842984 0.0876372 10856 228994 1832.64 2456.12 nan 120.43 nan nan nan -221677 nan nan nan 0.247807 nan nan
1 110 0.301198 -0.414656 221967 0.178797 0.301198 0.351832 0.168174 0.00974691 -0.414656 0.842984 0.0876372 10856 221967 1832.64 2456.12 nan 110.422 nan nan nan -216801 nan nan nan 0.230751 nan nan
1 130 0.29881 -0.405683 215323 0.179408 0.29881 0.353034 0.168748 0.00974691 -0.405683 0.842984 0.0876372 10856 215323 1832.64 2456.12 nan 130.415 nan nan nan -204959 nan nan nan 0.276811 nan nan
1 150 0.296903 -0.395176 209076 0.179896 0.296903 0.353994 0.169207 0.00974691 -0.395176 0.842984 0.0876372 10856 209076 1832.64 2456.12 nan 150.406 nan nan nan -192701 nan nan nan 0.32413 nan nan
1 110 0.295493 -0.387349 202694 0.180256 0.295493 0.354704 0.169547 0.00974691 -0.387349 0.842984 0.0876372 10856 202694 1832.64 2456.12 nan 110.395 nan nan nan -196889 nan nan nan 0.241434 nan nan
1 150 0.293398 -0.376521 196856 0.180792 0.293398 0.355759 0.170051 0.00974691 -0.376521 0.842984 0.0876372 10856 196856 1832.64 2456.12 nan 150.387 nan nan nan -180077 nan nan nan 0.334035 nan nan
1 120 0.292196 -0.367726 190944 0.1811 0.292196 0.356364 0.17034 0.00974691 -0.367726 0.842984 0.0876372 10856 190944 1832.64 2456.12 nan 120.377 nan nan nan -182366 nan nan nan 0.271311 nan nan
1 140 0.290482 -0.357313 185393 0.181538 0.290482 0.357227 0.170753 0.00974691 -0.357313 0.842984 0.0876372 10856 185393 1832.64 2456.12 nan 140.368 nan nan nan -171241 nan nan nan 0.321228 nan nan
1 140 0.289271 -0.346746 180022 0.181848 0.289271 0.357837 0.171044 0.00974691 -0.346746 0.842984 0.0876372 10856 180022 1832.64 2456.12 nan 140.357 nan nan nan -165693 nan nan nan 0.325978 nan nan
1 150 0.288155 -0.335259 174919 0.182134 0.288155 0.358399 0.171313 0.00974691 -0.335259 0.842984 0.0876372 10856 174919 1832.64 2456.12 nan 150.347 nan nan nan -157418 nan nan nan 0.354349 nan nan
0 120 0.18234 0.0470784 10970.8 0.18234 0.287348 0.358805 0.171507 0.0470784 -0.335259 0.842984 0.0876372 10970.8 174919 1832.64 2456.12 119.99 nan nan nan 3541.68 nan nan nan 1.15163 nan nan nan
0 -140 0.188186 0.0037354 11250.9 0.188186 0.285293 0.35624 0.170281 0.0037354 -0.335259 0.842984 0.0876372 11250.9 174919 1832.64 2456.12 -140.047 nan nan nan 8642.4 nan nan nan -1.33707 nan nan nan
0 -260 0.182158 -0.0757246 13077.6 0.182158 0.287412 0.358885 0.171545 -0.0757246 -0.335259 0.842984 0.0876372 13077.6 174919 1832.64 2456.12 -260.004 nan nan nan 56351 nan nan nan -2.45124 nan nan nan
0 110 0.173625 -0.044522 13046.5 0.173625 0.29041 0.36263 0.173335 -0.044522 -0.335259 0.842984 0.0876372 13046.5 174919 1832.64 2456.12 110.076 nan nan nan -960.966 nan nan nan 0.962558 nan nan nan
3 45 0.172397 0.117014 2441.89 0.178097 0.288839 0.360667 0.172397 -0.044522 -0.335259 0.842984 0.117014 13046.5 174919 1832.64 2441.89 nan nan nan 44.9124 nan nan nan -439.002 nan nan nan 0.906235
3 55 0.176576 0.153017 2460.38 0.177197 0.287381 0.358846 0.176576 -0.044522 -0.335259 0.842984 0.153017 13046.5 174919 1832.64 2460.38 nan nan nan 54.883 nan nan nan 570.251 nan nan nan 1.11064
3 60 0.181942 0.192128 2496.72 0.176043 0.285508 0.356508 0.181942 -0.044522 -0.335259 0.842984 0.192128 13046.5 174919 1832.64 2496.72 nan nan nan 59.847 nan nan nan 1121.28 nan nan nan 1.20654
3 100 0.25 0.0324163 10000 0.25 0.25 0.25 0.25 0 0 0 0.0324163 1 1 1 10000 nan nan nan 100 nan nan nan 0 nan nan nan 1
2 250 0.230991 0.0324163 62500 0.230991 0.230991 0.230991 0.307027 0 0 0.0324163 0.0324163 1 1 62500 10000 nan nan 250 nan nan nan 0 nan nan nan 1 nan
1 250 0.189511 0.0324163 62500 0.189511 0.189511 0.369087 0.251892 0 0.0324163 0.0324163 0.0324163 1 62500 62500 10000 nan 250 nan nan nan 0 nan nan nan 1 nan nan
0 100 0.16066 0.0324163 10000 0.16066 0.312898 0.312898 0.213545 0.0324163 0.0324163 0.0324163 0.0324163 10000 62500 62500 10000 100 nan nan nan 0 nan nan nan 1 nan nan nan
3 117 0.202819 0.0703329 10119.3 0.202819 0.297181 0.297181 0.202819 0.0324163 0.0324163 0.0324163 0.0703329 10000 62500 62500 10119.3 nan nan nan 116.968 nan nan nan 3681.42 nan nan nan 1.16968
0 -130 0.201178 -0.0097354 10223.9 0.201178 0.294777 0.294777 0.209269 -0.0097354 0.0324163 0.0324163 0.0703329 10223.9 62500 62500 10119.3 -130.032 nan nan nan 6908.43 nan nan nan -1.30032 nan nan nan
3 30 0.210905 0.0799776 9820.34 0.194933 0.297081 0.297081 0.210905 -0.0097354 0.0324163 0.0324163 0.0799776 10223.9 62500 62500 9820.34 nan nan nan 29.9297 nan nan nan -9223.55 nan nan nan 0.297527
3 280 0.211877 0.171544 12042 0.194693 0.296715 0.296715 0.211877 -0.0097354 0.0324163 0.0324163 0.171544 10223.9 62500 62500 12042 nan nan nan 279.92 nan nan nan 68534.9 nan nan nan 2.82469
3 -15 0.232368 0.167062 11659.1 0.189631 0.289 0.289 0.232368 -0.0097354 0.0324163 0.0324163 0.167062 10223.9 62500 62500 11659.1 nan nan nan -15.1715 nan nan nan -11811.8 nan nan nan -0.138255
3 90 0.230773 0.194031 11542.7 0.190025 0.289601 0.289601 0.230773 -0.0097354 0.0324163 0.0324163 0.194031 10223.9 62500 62500 11542.7 nan nan nan 89.8329 nan nan nan -3589.14 nan nan nan 0.831961
2 220 0.287879 0.0609384 62042.5 0.188895 0.287879 0.287879 0.235348 -0.0097354 0.0324163 0.0609384 0.194031 10223.9 62500 62042.5 11542.7 nan nan 219.968 nan nan nan -14114.3 nan nan nan 0.87987 nan
3 -520 0.233564 0.0370763 19940.5 0.187463 0.285696 0.293277 0.233564 -0.0097354 0.0324163 0.0609384 0.0370763 10223.9 62500 62042.5 19940.5 nan nan nan -520.194 nan nan nan 259059 nan nan nan -4.84184
2 265 0.298044 0.0954183 62306.7 0.19051 0.29034 0.298044 0.221106 -0.0097354 0.0324163 0.0954183 0.0370763 10223.9 62500 62306.7 19940.5 nan nan 264.939 nan nan nan 8150.24 nan nan nan 1.06366 nan
2 108 0.305594 0.109431 60664.4 0.188461 0.287217 0.305594 0.218728 -0.0097354 0.0324163 0.109431 0.0370763 10223.9 62500 60664.4 19940.5 nan nan 107.905 nan nan nan -50663.3 nan nan nan 0.432287 nan
2 108 0.306779 0.123631 59075.2 0.18814 0.286727 0.306779 0.218354 -0.0097354 0.0324163 0.123631 0.0370763 10223.9 62500 59075.2 19940.5 nan nan 107.891 nan nan nan -49024 nan nan nan 0.438043 nan
2 -673 0.308041 0.0338561 71847.9 0.187797 0.286205 0.308041 0.217957 -0.0097354 0.0324163 0.0338561 0.0370763 10223.9 62500 71847.9 19940.5 nan nan -673.124 nan nan nan 394020 nan nan nan -2.76944 nan
2 235 0.3025 0.062272 71308.5 0.189301 0.288497 0.3025 0.219702 -0.0097354 0.0324163 0.062272 0.0370763 10223.9 62500 71308.5 19940.5 nan nan 234.966 nan nan nan -16638.8 nan nan nan 0.876594 nan
2 90 0.307982 0.0731898 69259.1 0.187813 0.28623 0.307982 0.217975 -0.0097354 0.0324163 0.0731898 0.0370763 10223.9 62500 69259.1 19940.5 nan nan 89.9377 nan nan nan -63219.7 nan nan nan 0.336799 nan
2 117 0.30821 0.0875923 67457.2 0.187751 0.286135 0.30821 0.217903 -0.0097354 0.0324163 0.0875923 0.0370763 10223.9 62500 67457.2 19940.5 nan nan 116.927 nan nan nan -55587.3 nan nan nan 0.444299 nan
2 -470 0.309411 0.0289207 72433.9 0.187425 0.285638 0.309411 0.217525 -0.0097354 0.0324163 0.0289207 0.0370763 10223.9 62500 72433.9 19940.5 nan nan -470.088 nan nan nan 153525 nan nan nan -1.80994 nan
1 220 0.288685 0.0609384 62042.5 0.189424 0.288685 0.302045 0.219845 -0.0097354 0.0609384 0.0289207 0.0370763 10223.9 62042.5 72433.9 19940.5 nan 219.968 nan nan nan -14114.3 nan nan nan 0.87987 nan nan
1 80 0.294092 0.0713419 60238.4 0.187985 0.294092 0.299749 0.218174 -0.0097354 0.0713419 0.0289207 0.0370763 10223.9 60238.4 72433.9 19940.5 nan 79.9391 nan nan nan -55652.2 nan nan nan 0.320933 nan nan
2 265 0.299651 0.0608354 72361.8 0.187923 0.294323 0.299651 0.218103 -0.0097354 0.0713419 0.0608354 0.0370763 10223.9 60238.4 72361.8 19940.5 nan nan 264.971 nan nan nan -2224.25 nan nan nan 0.984527 nan
2 250 0.306319 0.0909546 72041.2 0.186134 0.291521 0.306319 0.216026 -0.0097354 0.0713419 0.0909546 0.0370763 10223.9 60238.4 72041.2 19940.5 nan nan 249.939 nan nan nan -9892.24 nan nan nan 0.929137 nan
2 285 0.312429 0.125364 72337.2 0.184494 0.288953 0.312429 0.214123 -0.0097354 0.0713419 0.125364 0.0370763 10223.9 60238.4 72337.2 19940.5 nan nan 284.909 nan nan nan 9132.01 nan nan nan 1.06149 nan
2 90 0.320174 0.136196 70254.1 0.182416 0.285699 0.320174 0.211712 -0.0097354 0.0713419 0.136196 0.0370763 10223.9 60238.4 70254.1 19940.5 nan nan 89.8746 nan nan nan -64259.7 nan nan nan 0.334161 nan
2 -606 0.320369 0.0620658 79886.5 0.182364 0.285616 0.320369 0.211651 -0.0097354 0.0713419 0.0620658 0.0370763 10223.9 60238.4 79886.5 19940.5 nan nan -606.136 nan nan nan 297147 nan nan nan -2.28683 nan
2 84 0.314015 0.0716927 77525.3 0.184069 0.288287 0.314015 0.21363 -0.0097354 0.0713419 0.0716927 0.0370763 10223.9 60238.4 77525.3 19940.5 nan nan 83.9379 nan nan nan -72840.9 nan nan nan 0.296976 nan
2 99 0.31378 0.0832103 75329.5 0.184132 0.288385 0.31378 0.213703 -0.0097354 0.0713419 0.0832103 0.0370763 10223.9 60238.4 75329.5 19940.5 nan nan 98.9283 nan nan nan -67738.5 nan nan nan 0.355303 nan
0 265 0.184051 0.0752249 12169.1 0.184051 0.288259 0.314082 0.213609 0.0752249 0.0713419 0.0832103 0.0370763 12169.1 60238.4 75329.5 19940.5 265.01 nan nan nan 60006.2 nan nan nan 2.62091 nan nan nan
0 -145 0.200889 0.0325937 12456.9 0.200889 0.28231 0.3076 0.209201 0.0325937 0.0713419 0.0832103 0.0370763 12456.9 60238.4 75329.5 19940.5 -145.075 nan nan nan 8877.7 nan nan nan -1.31511 nan nan nan
0 235 0.19465 0.100838 13842.8 0.19465 0.284514 0.310002 0.210834 0.100838 0.0713419 0.0832103 0.0370763 13842.8 60238.4 75329.5 19940.5 234.967 nan nan nan 42752.8 nan nan nan 2.10524 nan nan nan
0 100 0.208097 0.128362 13717.6 0.208097 0.279764 0.304826 0.207314 0.128362 0.0713419 0.0832103 0.0370763 13717.6 60238.4 75329.5 19940.5 99.8992 nan nan nan -3862.95 nan nan nan 0.849083 nan nan nan
0 -15 0.212441 0.124175 13280.3 0.212441 0.278229 0.303154 0.206176 0.124175 0.0713419 0.0832103 0.0370763 13280.3 60238.4 75329.5 19940.5 -15.1284 nan nan nan -13488.7 nan nan nan -0.129168 nan nan nan
0 120 0.210943 0.157895 13315.6 0.210943 0.278758 0.30373 0.206569 0.157895 0.0713419 0.0832103 0.0370763 13315.6 60238.4 75329.5 19940.5 119.876 nan nan nan 1089.9 nan nan nan 1.04023 nan nan nan
0 -190 0.216676 0.104476 14056.2 0.216676 0.276733 0.301523 0.205068 0.104476 0.0713419 0.0832103 0.0370763 14056.2 60238.4 75329.5 19940.5 -190.158 nan nan nan 22844.4 nan nan nan -1.64791 nan nan nan
0 -90 0.209077 0.0798398 13863.7 0.209077 0.279417 0.304449 0.207057 0.0798398 0.0713419 0.0832103 0.0370763 13863.7 60238.4 75329.5 19940.5 -90.1045 nan nan nan -5937.36 nan nan nan -0.759999 nan nan nan
0 265 0.204694 0.152775 15689.4 0.204694 0.280966 0.306136 0.208204 0.152775 0.0713419 0.0832103 0.0370763 15689.4 60238.4 75329.5 19940.5 264.92 nan nan nan 56319 nan nan nan 2.24996 nan nan nan
0 -130 0.220091 0.119092 15729.9 0.220091 0.275526 0.300209 0.204174 0.119092 0.0713419 0.0832103 0.0370763 15729.9 60238.4 75329.5 19940.5 -130.153 nan nan nan 1250.38 nan nan nan -1.03908 nan nan nan
0 285 0.214433 0.192723 17850.8 0.214433 0.277525 0.302387 0.205655 0.192723 0.0713419 0.0832103 0.0370763 17850.8 60238.4 75329.5 19940.5 284.881 nan nan nan 65427.2 nan nan nan 2.27144 nan nan nan
0 -50 0.230778 0.180546 17353.8 0.230778 0.271751 0.296095 0.201376 0.180546 0.0713419 0.0832103 0.0370763 17353.8 60238.4 75329.5 19940.5 -50.1927 nan nan nan -15331.5 nan nan nan -0.375675 nan nan nan
0 -50 0.227783 0.168197 16872.9 0.227783 0.272809 0.297248 0.20216 0.168197 0.0713419 0.0832103 0.0370763 16872.9 60238.4 75329.5 19940.5 -50.1805 nan nan nan -14835.7 nan nan nan -0.380924 nan nan nan
0 70 0.224801 0.185624 16484 0.224801 0.273862 0.298396 0.202941 0.185624 0.0713419 0.0832103 0.0370763 16484 60238.4 75329.5 19940.5 69.8318 nan nan nan -11996.4 nan nan nan 0.537599 nan nan nan
0 100 0.227179 0.210826 16272.6 0.227179 0.273022 0.297481 0.202318 0.210826 0.0713419 0.0832103 0.0370763 16272.6 60238.4 75329.5 19940.5 99.8144 nan nan nan -6521.11 nan nan nan 0.777431 nan nan nan
0 -135 0.23126 0.176466 16337.8 0.23126 0.271581 0.29591 0.20125 0.176466 0.0713419 0.0832103 0.0370763 16337.8 60238.4 75329.5 19940.5 -135.211 nan nan nan 2009.34 nan nan nan -1.05994 nan nan nan
0 -140 0.225321 0.140916 16445.1 0.225321 0.273679 0.298196 0.202805 0.140916 0.0713419 0.0832103 0.0370763 16445.1 60238.4 75329.5 19940.5 -140.176 nan nan nan 3311.68 nan nan nan -1.09668 nan nan nan
0 55 0.219359 0.154783 16009.6 0.219359 0.275785 0.300491 0.204365 0.154783 0.0713419 0.0832103 0.0370763 16009.6 60238.4 75329.5 19940.5 54.8591 nan nan nan -13435.6 nan nan nan 0.427789 nan nan nan
2 117 0.299862 0.0970191 73330.7 0.220993 0.275208 0.299862 0.203938 0.154783 0.0713419 0.0970191 0.0370763 16009.6 60238.4 73330.7 19940.5 nan nan 116.917 nan nan nan -61659.9 nan nan nan 0.425985 nan
2 134 0.300802 0.113048 71534.8 0.220696 0.274838 0.300802 0.203664 0.154783 0.0713419 0.113048 0.0370763 16009.6 60238.4 71534.8 19940.5 nan nan 133.903 nan nan nan -55400.7 nan nan nan 0.494479 nan
2 -448 0.302388 0.0587367 75725.3 0.220195 0.274215 0.302388 0.203202 0.154783 0.0713419 0.0587367 0.0370763 16009.6 60238.4 75725.3 19940.5 nan nan -448.113 nan nan nan 129271 nan nan nan -1.67544 nan
0 -175 0.222486 0.109909 16485.1 0.222486 0.277068 0.295131 0.205316 0.109909 0.0713419 0.0587367 0.0370763 16485.1 60238.4 75725.3 19940.5 -175.155 nan nan nan 14669.6 nan nan nan -1.38431 nan nan nan
0 0 0.215623 0.109882 15950.7 0.215623 0.279513 0.297736 0.207128 0.109882 0.0713419 0.0587367 0.0370763 15950.7 60238.4 75725.3 19940.5 -0.109909 nan nan nan -16485.1 nan nan nan -0.00085603 nan nan nan
0 110 0.214716 0.138087 15825.1 0.214716 0.279837 0.29808 0.207368 0.138087 0.0713419 0.0587367 0.0370763 15825.1 60238.4 75725.3 19940.5 109.89 nan nan nan -3874.89 nan nan nan 0.870098 nan nan nan
0 95 0.219292 0.162532 15603.8 0.219292 0.278206 0.296343 0.206159 0.162532 0.0713419 0.0587367 0.0370763 15603.8 60238.4 75725.3 19940.5 94.8619 nan nan nan -6826.34 nan nan nan 0.754082 nan nan nan
0 75 0.223116 0.181952 15279.6 0.223116 0.276843 0.294891 0.20515 0.181952 0.0713419 0.0587367 0.0370763 15279.6 60238.4 75725.3 19940.5 74.8375 nan nan nan -10003.2 nan nan nan 0.599106 nan nan nan
0 -60 0.225919 0.16617 14901.7 0.225919 0.275844 0.293828 0.204409 0.16617 0.0713419 0.0587367 0.0370763 14901.7 60238.4 75725.3 19940.5 -60.182 nan nan nan -11657.7 nan nan nan -0.486867 nan nan nan
0 -45 0.222492 0.154176 14484.7 0.222492 0.277065 0.295128 0.205314 0.154176 0.0713419 0.0587367 0.0370763 14484.7 60238.4 75725.3 19940.5 -45.1662 nan nan nan -12861.7 nan nan nan -0.369995 nan nan nan
0 60 0.219673 0.170295 14131.3 0.219673 0.27807 0.296199 0.206059 0.170295 0.0713419 0.0587367 0.0370763 14131.3 60238.4 75725.3 19940.5 59.8458 nan nan nan -10903.2 nan nan nan 0.497254 nan nan nan
0 170 0.221798 0.216606 14608.2 0.221798 0.277313 0.295392 0.205498 0.216606 0.0713419 0.0587367 0.0370763 14608.2 60238.4 75725.3 19940.5 169.83 nan nan nan 14710.8 nan nan nan 1.42864 nan nan nan
0 60 0.230792 0.232641 14250.5 0.230792 0.274108 0.291978 0.203122 0.232641 0.0713419 0.0587367 0.0370763 14250.5 60238.4 75725.3 19940.5 59.7834 nan nan nan -11034.1 nan nan nan 0.494633 nan nan nan
0 -70 0.232973 0.213569 13948.4 0.232973 0.27333 0.29115 0.202547 0.213569 0.0713419 0.0587367 0.0370763 13948.4 60238.4 75725.3 19940.5 -70.2326 nan nan nan -9317.86 nan nan nan -0.588334 nan nan nan
0 35 0.22901 0.223117 13535.5 0.22901 0.274743 0.292654 0.203593 0.223117 0.0713419 0.0587367 0.0370763 13535.5 60238.4 75725.3 19940.5 34.7864 nan nan nan -12738.3 nan nan nan 0.294542 nan nan nan
0 -20 0.229905 0.217482 13110 0.229905 0.274424 0.292315 0.203357 0.217482 0.0713419 0.0587367 0.0370763 13110 60238.4 75725.3 19940.5 -20.2231 nan nan nan -13126.5 nan nan nan -0.173824 nan nan nan
0 -80 0.228081 0.194771 12893.6 0.228081 0.275074 0.293007 0.203838 0.194771 0.0713419 0.0587367 0.0370763 12893.6 60238.4 75725.3 19940.5 -80.2175 nan nan nan -6675.15 nan nan nan -0.700596 nan nan nan
2 117 0.294675 0.0725123 73713.8 0.223687 0.276639 0.294675 0.204999 0.194771 0.0713419 0.0725123 0.0370763 12893.6 60238.4 73713.8 19940.5 nan nan 116.941 nan nan nan -62050 nan nan nan 0.424959 nan
0 -10 0.223397 0.191861 12479 0.223397 0.27628 0.295591 0.204732 0.191861 0.0713419 0.0725123 0.0370763 12479 60238.4 73713.8 19940.5 -10.1948 nan nan nan -12789.7 nan nan nan -0.0897822 nan nan nan
0 80 0.222081 0.21502 12281 0.222081 0.276748 0.296092 0.205079 0.21502 0.0713419 0.0725123 0.0370763 12281 60238.4 73713.8 19940.5 79.8081 nan nan nan -6109.67 nan nan nan 0.714426 nan nan nan
0 10 0.225712 0.217882 11886 0.225712 0.275456 0.29471 0.204122 0.217882 0.0713419 0.0725123 0.0370763 11886 60238.4 73713.8 19940.5 9.78498 nan nan nan -12185.2 nan nan nan 0.0882966 nan nan nan
0 255 0.225412 0.293638 13604.9 0.225412 0.275563 0.294824 0.204201 0.293638 0.0713419 0.0725123 0.0370763 13604.9 60238.4 73713.8 19940.5 254.782 nan nan nan 53028 nan nan nan 2.33696 nan nan nan
0 50 0.242459 0.307452 13244 0.242459 0.269498 0.288335 0.199707 0.307452 0.0713419 0.0725123 0.0370763 13244 60238.4 73713.8 19940.5 49.7064 nan nan nan -11134.2 nan nan nan 0.426151 nan nan nan
0 60 0.244273 0.324266 12930.2 0.244273 0.268853 0.287645 0.199229 0.324266 0.0713419 0.0725123 0.0370763 12930.2 60238.4 73713.8 19940.5 59.6925 nan nan nan -9680.8 nan nan nan 0.518693 nan nan nan
0 -170 0.24674 0.275711 13451.4 0.24674 0.267976 0.286706 0.198578 0.275711 0.0713419 0.0725123 0.0370763 13451.4 60238.4 73713.8 19940.5 -170.324 nan nan nan 16080.2 nan nan nan -1.49787 nan nan nan
0 -20 0.238876 0.270044 13028.7 0.238876 0.270773 0.289699 0.200652 0.270044 0.0713419 0.0725123 0.0370763 13028.7 60238.4 73713.8 19940.5 -20.2757 nan nan nan -13040.3 nan nan nan -0.17482 nan nan nan
0 -25 0.237 0.262867 12627.1 0.237 0.27144 0.290413 0.201146 0.262867 0.0713419 0.0725123 0.0370763 12627.1 60238.4 73713.8 19940.5 -25.27 nan nan nan -12390.2 nan nan nan -0.221388 nan nan nan
0 170 0.234893 0.311833 13151.7 0.234893 0.27219 0.291215 0.201702 0.311833 0.0713419 0.0725123 0.0370763 13151.7 60238.4 73713.8 19940.5 169.737 nan nan nan 16183.6 nan nan nan 1.51052 nan nan nan
0 100 0.244893 0.340011 13047.5 0.244893 0.268633 0.287409 0.199065 0.340011 0.0713419 0.0725123 0.0370763 13047.5 60238.4 73713.8 19940.5 99.6882 nan nan nan -3213.97 nan nan nan 0.869266 nan nan nan
0 60 0.249924 0.356942 12739.9 0.249924 0.266843 0.285494 0.197739 0.356942 0.0713419 0.0725123 0.0370763 12739.9 60238.4 73713.8 19940.5 59.66 nan nan nan -9488.2 nan nan nan 0.522299 nan nan nan
0 0 0.25246 0.35684 12327 0.25246 0.265941 0.284529 0.197071 0.35684 0.0713419 0.0725123 0.0370763 12327 60238.4 73713.8 19940.5 -0.356942 nan nan nan -12739.8 nan nan nan -0.00316238 nan nan nan
0 185 0.251555 0.410749 13032.5 0.251555 0.266263 0.284873 0.197309 0.410749 0.0713419 0.0725123 0.0370763 13032.5 60238.4 73713.8 19940.5 184.643 nan nan nan 21766.1 nan nan nan 1.66305 nan nan nan
0 10 0.263385 0.413472 12613.1 0.263385 0.262054 0.280371 0.19419 0.413472 0.0713419 0.0725123 0.0370763 12613.1 60238.4 73713.8 19940.5 9.58925 nan nan nan -12940.6 nan nan nan 0.0839982 nan nan nan
0 20 0.262998 0.419126 12216.6 0.262998 0.262192 0.280518 0.194292 0.419126 0.0713419 0.0725123 0.0370763 12216.6 60238.4 73713.8 19940.5 19.5865 nan nan nan -12229.4 nan nan nan 0.1744 nan nan nan
3 280 0.194235 0.101344 21834.9 0.263216 0.262114 0.280435 0.194235 0.419126 0.0713419 0.0725123 0.101344 12216.6 60238.4 73713.8 21834.9 nan nan nan 279.963 nan nan nan 58438.8 nan nan nan 1.98259
1 280 0.25789 0.108314 60825.9 0.258974 0.25789 0.275915 0.207221 0.419126 0.108314 0.0725123 0.101344 12216.6 60825.9 73713.8 21834.9 nan 279.929 nan nan nan 18121.6 nan nan nan 1.14054 nan nan
1 110 0.265621 0.122758 59245.6 0.256276 0.265621 0.273041 0.205062 0.419126 0.122758 0.0725123 0.101344 12216.6 59245.6 73713.8 21834.9 nan 109.892 nan nan nan -48749.7 nan nan nan 0.445575 nan nan
1 -775 0.266839 0.0195279 76801.3 0.255851 0.266839 0.272588 0.204722 0.419126 0.0195279 0.0725123 0.101344 12216.6 76801.3 73713.8 21834.9 nan -775.123 nan nan nan 541570 nan nan nan -3.18451 nan nan
1 80 0.263461 0.0288833 74519 0.25703 0.263461 0.273844 0.205665 0.419126 0.0288833 0.0725123 0.101344 12216.6 74519 73713.8 21834.9 nan 79.9805 nan nan nan -70404.4 nan nan nan 0.288602 nan nan
1 280 0.263226 0.0621296 74644.3 0.257112 0.263226 0.273931 0.205731 0.419126 0.0621296 0.0725123 0.101344 12216.6 74644.3 73713.8 21834.9 nan 279.971 nan nan nan 3864.81 nan nan nan 1.0256 nan nan
1 -1060 0.26984 -0.063646 108652 0.254804 0.26984 0.271472 0.203884 0.419126 -0.063646 0.0725123 0.101344 12216.6 108652 73713.8 21834.9 nan -1060.06 nan nan nan 1.04909e+06 nan nan nan -3.88001 nan nan
2 125 0.270156 0.0874282 71830.2 0.253568 0.273381 0.270156 0.202895 0.419126 -0.063646 0.0874282 0.101344 12216.6 108652 71830.2 21834.9 nan nan 124.927 nan nan nan -58106.9 nan nan nan 0.460133 nan
2 210 0.271345 0.112817 70930.1 0.253155 0.272936 0.271345 0.202565 0.419126 -0.063646 0.112817 0.101344 12216.6 108652 70930.1 21834.9 nan nan 209.913 nan nan nan -27766.9 nan nan nan 0.783222 nan
2 152 0.275537 0.131304 69378.7 0.251698 0.271365 0.275537 0.201399 0.419126 -0.063646 0.131304 0.101344 12216.6 108652 69378.7 21834.9 nan nan 151.887 nan nan nan -47860.4 nan nan nan 0.570303 nan
2 -553 0.277744 0.0632308 77047.6 0.250932 0.270539 0.277744 0.200786 0.419126 -0.063646 0.0632308 0.101344 12216.6 108652 77047.6 21834.9 nan nan -553.131 nan nan nan 236576 nan nan nan -2.09998 nan
2 300 0.271376 0.0982587 77466.2 0.253144 0.272924 0.271376 0.202556 0.419126 -0.063646 0.0982587 0.101344 12216.6 108652 77466.2 21834.9 nan nan 299.937 nan nan nan 12914.5 nan nan nan 1.08056 nan
2 108 0.278743 0.110826 75332.4 0.250585 0.270164 0.278743 0.200508 0.419126 -0.063646 0.110826 0.101344 12216.6 108652 75332.4 21834.9 nan nan 107.902 nan nan nan -65823.4 nan nan nan 0.387679 nan
2 125 0.279294 0.125576 73396.1 0.250393 0.269958 0.279294 0.200355 0.419126 -0.063646 0.125576 0.101344 12216.6 108652 73396.1 21834.9 nan nan 124.889 nan nan nan -59735.1 nan nan nan 0.455023 nan
3 -250 0.200035 0.0464784 23154.7 0.249994 0.269527 0.280444 0.200035 0.419126 -0.063646 0.125576 0.0464784 12216.6 108652 73396.1 23154.7 nan nan nan -250.101 nan nan nan 40715.8 nan nan nan -1.69255
3 -362 0.19314 -0.0306489 26653.2 0.252148 0.27185 0.282861 0.19314 0.419126 -0.063646 0.125576 -0.0306489 12216.6 108652 73396.1 26653.2 nan nan nan -362.046 nan nan nan 107923 nan nan nan -2.37928
3 108 0.185637 -0.00919851 26167.5 0.254493 0.274378 0.285491 0.185637 0.419126 -0.063646 0.125576 -0.00919851 12216.6 108652 73396.1 26167.5 nan nan nan 108.031 nan nan nan -14982.6 nan nan nan 0.661717
3 -177 0.188319 -0.0446662 26334.7 0.253655 0.273475 0.284551 0.188319 0.419126 -0.063646 0.125576 -0.0446662 12216.6 108652 73396.1 26334.7 nan nan nan -176.991 nan nan nan 5158.25 nan nan nan -1.09413
3 -425 0.183154 -0.129553 31335 0.255269 0.275215 0.286362 0.183154 0.419126 -0.063646 0.125576 -0.129553 12216.6 108652 73396.1 31335 nan nan nan -424.955 nan nan nan 154252 nan nan nan -2.61866
3 -50 0.25 -0.0324163 2500 0.25 0.25 0.25 0.25 0 0 0 -0.0324163 1 1 1 2500 nan nan nan -50 nan nan nan 0 nan nan nan -1
2 -90 0.244094 -0.0324163 8100 0.244094 0.244094 0.244094 0.267718 0 0 -0.0324163 -0.0324163 1 1 8100 2500 nan nan -90 nan nan nan 0 nan nan nan -1 nan
1 -50 0.231955 -0.0324163 2500 0.231955 0.231955 0.281687 0.254404 0 -0.0324163 -0.0324163 -0.0324163 1 2500 8100 2500 nan -50 nan nan nan 0 nan nan nan -1 nan nan
0 -100 0.226862 -0.0324163 10000 0.226862 0.248818 0.275502 0.248818 -0.0324163 -0.0324163 -0.0324163 -0.0324163 10000 2500 8100 2500 -100 nan nan nan 0 nan nan nan -1 nan nan nan
1 -60 0.235679 -0.0712948 2535.53 0.267686 0.235679 0.260955 0.235679 -0.0324163 -0.0712948 -0.0324163 -0.0324163 10000 2535.53 8100 2500 nan -59.9676 nan nan nan 1096.11 nan nan nan -1.19935 nan nan
1 -40 0.228907 -0.0969996 2505.02 0.270058 0.228907 0.263267 0.237768 -0.0324163 -0.0969996 -0.0324163 -0.0324163 10000 2505.02 8100 2500 nan -39.9287 nan nan nan -941.23 nan nan nan -0.792959 nan nan
1 -30 0.224267 -0.116367 2452.8 0.271683 0.224267 0.264851 0.239198 -0.0324163 -0.116367 -0.0324163 -0.0324163 10000 2452.8 8100 2500 nan -29.903 nan nan nan -1610.83 nan nan nan -0.59746 nan nan
1 -5 0.220686 -0.119564 2374.07 0.272937 0.220686 0.266074 0.240303 -0.0324163 -0.119564 -0.0324163 -0.0324163 10000 2374.07 8100 2500 nan -4.88363 nan nan nan -2428.95 nan nan nan -0.0986079 nan nan
1 -45 0.219787 -0.149423 2362.4 0.273252 0.219787 0.266381 0.24058 -0.0324163 -0.149423 -0.0324163 -0.0324163 10000 2362.4 8100 2500 nan -44.8804 nan nan nan -359.812 nan nan nan -0.921108 nan nan
1 -50 0.214658 -0.18267 2366.38 0.275049 0.214658 0.268132 0.242161 -0.0324163 -0.18267 -0.0324163 -0.0324163 10000 2366.38 8100 2500 nan -49.8506 nan nan nan 122.678 nan nan nan -1.02564 nan nan
1 30 0.209123 -0.162557 2319.2 0.276987 0.209123 0.270022 0.243868 -0.0324163 -0.162557 -0.0324163 -0.0324163 10000 2319.2 8100 2500 nan 30.1827 nan nan nan -1455.39 nan nan nan 0.620462 nan nan
1 -35 0.212262 -0.186007 2283.36 0.275888 0.212262 0.26895 0.2429 -0.0324163 -0.186007 -0.0324163 -0.0324163 10000 2283.36 8100 2500 nan -34.8374 nan nan nan -1105.55 nan nan nan -0.723398 nan nan
1 35 0.20821 -0.162137 2249.48 0.277307 0.20821 0.270333 0.24415 -0.0324163 -0.162137 -0.0324163 -0.0324163 10000 2249.48 8100 2500 nan 35.186 nan nan nan -1045.31 nan nan nan 0.736347 nan nan
1 15 0.212021 -0.151774 2184.01 0.275972 0.212021 0.269032 0.242974 -0.0324163 -0.151774 -0.0324163 -0.0324163 10000 2184.01 8100 2500 nan 15.1621 nan nan nan -2019.59 nan nan nan 0.319683 nan nan
1 -40 0.21346 -0.179414 2164.69 0.275468 0.21346 0.268541 0.242531 -0.0324163 -0.179414 -0.0324163 -0.0324163 10000 2164.69 8100 2500 nan -39.8482 nan nan nan -596.129 nan nan nan -0.852671 nan nan
1 -55 0.208769 -0.21761 2191.94 0.277111 0.208769 0.270143 0.243977 -0.0324163 -0.21761 -0.0324163 -0.0324163 10000 2191.94 8100 2500 nan -54.8206 nan nan nan 840.611 nan nan nan -1.17827 nan nan
1 -50 0.20265 -0.252078 2201.22 0.279254 0.20265 0.272232 0.245864 -0.0324163 -0.252078 -0.0324163 -0.0324163 10000 2201.22 8100 2500 nan -49.7824 nan nan nan 286.351 nan nan nan -1.06331 nan nan
1 -60 0.197178 -0.29336 2245.58 0.281171 0.197178 0.2741 0.247552 -0.0324163 -0.29336 -0.0324163 -0.0324163 10000 2245.58 8100 2500 nan -59.7479 nan nan nan 1368.6 nan nan nan -1.27348 nan nan
1 10 0.190909 -0.286319 2176.22 0.283366 0.190909 0.27624 0.249484 -0.0324163 -0.286319 -0.0324163 -0.0324163 10000 2176.22 8100 2500 nan 10.2934 nan nan nan -2139.63 nan nan nan 0.217216 nan nan
3 -40 0.249238 -0.0583283 2470.74 0.283086 0.191708 0.275968 0.249238 -0.0324163 -0.286319 -0.0324163 -0.0583283 10000 2176.22 8100 2470.74 nan nan nan -39.9676 nan nan nan -902.592 nan nan nan -0.799352
3 -45 0.244283 -0.0876372 2456.12 0.284955 0.192973 0.277789 0.244283 -0.0324163 -0.286319 -0.0324163 -0.0876372 10000 2176.22 8100 2456.12 nan nan nan -44.9417 nan nan nan -450.987 nan nan nan -0.90414
3 -45 0.238845 -0.117014 2441.89 0.287005 0.194362 0.279788 0.238845 -0.0324163 -0.286319 -0.0324163 -0.117014 10000 2176.22 8100 2441.89 nan nan nan -44.9124 nan nan nan -439.002 nan nan nan -0.906235
3 -55 0.23348 -0.153017 2460.38 0.289028 0.195732 0.28176 0.23348 -0.0324163 -0.286319 -0.0324163 -0.153017 10000 2176.22 8100 2460.38 nan nan nan -54.883 nan nan nan 570.251 nan nan nan -1.11064
3 -60 0.227182 -0.192128 2496.72 0.291403 0.19734 0.284075 0.227182 -0.0324163 -0.286319 -0.0324163 -0.192128 10000 2176.22 8100 2496.72 nan nan nan -59.847 nan nan nan 1121.28 nan nan nan -1.20654
3 -40 0.220548 -0.217954 2467.16 0.293904 0.199034 0.286513 0.220548 -0.0324163 -0.286319 -0.0324163 -0.217954 10000 2176.22 8100 2467.16 nan nan nan -39.8079 nan nan nan -912.058 nan nan nan -0.79668
3 195 0.216012 -0.0905494 3622.57 0.295615 0.200192 0.288181 0.216012 -0.0324163 -0.286319 -0.0324163 -0.0905494 10000 2176.22 8100 3622.57 nan nan nan 195.218 nan nan nan 35642.9 nan nan nan 3.93026
3 -50 0.243264 -0.11743 3585.89 0.285339 0.193234 0.278163 0.243264 -0.0324163 -0.286319 -0.0324163 -0.11743 10000 2176.22 8100 3585.89 nan nan nan -49.9095 nan nan nan -1131.62 nan nan nan -0.829229
3 -60 0.238209 -0.149846 3585.89 0.287245 0.194524 0.280022 0.238209 -0.0324163 -0.286319 -0.0324163 -0.149846 10000 2176.22 8100 3585.89 nan nan nan -59.8826 nan nan nan 0.035439 nan nan nan -1
3 -55 0.232376 -0.179539 3567.17 0.289444 0.196014 0.282166 0.232376 -0.0324163 -0.286319 -0.0324163 -0.179539 10000 2176.22 8100 3567.17 nan nan nan -54.8502 nan nan nan -577.349 nan nan nan -0.915966
3 -65 0.227052 -0.21472 3587.74 0.291452 0.197373 0.284123 0.227052 -0.0324163 -0.286319 -0.0324163 -0.21472 10000 2176.22 8100 3587.74 nan nan nan -64.8205 nan nan nan 634.52 nan nan nan -1.0853
3 -60 0.221012 -0.247076 3587.3 0.293729 0.198916 0.286343 0.221012 -0.0324163 -0.286319 -0.0324163 -0.247076 10000 2176.22 8100 3587.3 nan nan nan -59.7853 nan nan nan -13.4615 nan nan nan -0.998122
0 -120 0.295811 -0.0713054 10142.4 0.295811 0.200326 0.288372 0.215491 -0.0713054 -0.286319 -0.0324163 -0.247076 10142.4 2176.22 8100 3587.3 -119.968 nan nan nan 4392.22 nan nan nan -1.19968 nan nan nan
2 40 0.291512 -0.0179974 7889.38 0.288146 0.202506 0.291512 0.217837 -0.0713054 -0.286319 -0.0179974 -0.247076 10142.4 2176.22 7889.38 3587.3 nan nan 40.0324 nan nan nan -6497.41 nan nan nan 0.444805 nan
2 -120 0.293876 -0.0617857 8100.29 0.287184 0.201831 0.293876 0.21711 -0.0713054 -0.286319 -0.0617857 -0.247076 10142.4 2176.22 8100.29 3587.3 nan nan -119.982 nan nan nan 6506.3 nan nan nan -1.35081 nan
2 120 0.285484 -0.0185425 8304.98 0.290597 0.204229 0.285484 0.21969 -0.0713054 -0.286319 -0.0185425 -0.247076 10142.4 2176.22 8304.98 3587.3 nan nan 120.062 nan nan nan 6314.54 nan nan nan 1.334 nan
2 -100 0.294984 -0.0541067 8359.81 0.286733 0.201514 0.294984 0.216769 -0.0713054 -0.286319 -0.0541067 -0.247076 10142.4 2176.22 8359.81 3587.3 nan nan -99.9815 nan nan nan 1691.31 nan nan nan -1.09711 nan
2 190 0.287799 0.0132751 9259.71 0.289656 0.203567 0.287799 0.218978 -0.0713054 -0.286319 0.0132751 -0.247076 10142.4 2176.22 9259.71 3587.3 nan nan 190.054 nan nan nan 27760.8 nan nan nan 2.07864 nan
2 160 0.304385 0.0671701 9789.26 0.28291 0.198827 0.304385 0.213878 -0.0713054 -0.286319 0.0671701 -0.247076 10142.4 2176.22 9789.26 3587.3 nan nan 159.987 nan nan nan 16336 nan nan nan 1.66259 nan
2 -80 0.317411 0.0409374 9679.74 0.277612 0.195104 0.317411 0.209873 -0.0713054 -0.286319 0.0409374 -0.247076 10142.4 2176.22 9679.74 3587.3 nan nan -80.0672 nan nan nan -3378.51 nan nan nan -0.809244 nan
2 230 0.311451 0.116705 11080.2 0.280036 0.196807 0.311451 0.211706 -0.0713054 -0.286319 0.116705 -0.247076 10142.4 2176.22 11080.2 3587.3 nan nan 229.959 nan nan nan 43201.4 nan nan nan 2.33732 nan
2 -100 0.331799 0.0858731 11045.9 0.271761 0.190991 0.331799 0.20545 -0.0713054 -0.286319 0.0858731 -0.247076 10142.4 2176.22 11045.9 3587.3 nan nan -100.117 nan nan nan -1056.82 nan nan nan -0.951115 nan
2 -100 0.324908 0.0550032 11012.6 0.274563 0.192961 0.324908 0.207568 -0.0713054 -0.286319 0.0550032 -0.247076 10142.4 2176.22 11012.6 3587.3 nan nan -100.086 nan nan nan -1028.73 nan nan nan -0.952296 nan
2 -120 0.318086 0.0179181 11122.8 0.277338 0.194911 0.318086 0.209666 -0.0713054 -0.286319 0.0179181 -0.247076 10142.4 2176.22 11122.8 3587.3 nan nan -120.055 nan nan nan 3400.63 nan nan nan -1.14403 nan
2 270 0.310382 0.100902 13125.1 0.280471 0.197112 0.310382 0.212034 -0.0713054 -0.286319 0.100902 -0.247076 10142.4 2176.22 13125.1 3587.3 nan nan 269.982 nan nan nan 61767.5 nan nan nan 2.55993 nan
2 -90 0.33355 0.0754073 12962.8 0.271048 0.190491 0.33355 0.204911 -0.0713054 -0.286319 0.0754073 -0.247076 10142.4 2176.22 12962.8 3587.3 nan nan -90.1009 nan nan nan -5006.91 nan nan nan -0.786463 nan
2 -110 0.327508 0.0440669 12935.3 0.273506 0.192217 0.327508 0.206769 -0.0713054 -0.286319 0.0440669 -0.247076 10142.4 2176.22 12935.3 3587.3 nan nan -110.075 nan nan nan -846.179 nan nan nan -0.96681 nan
2 -100 0.320576 0.0155524 12840.5 0.276325 0.194199 0.320576 0.2089 -0.0713054 -0.286319 0.0155524 -0.247076 10142.4 2176.22 12840.5 3587.3 nan nan -100.044 nan nan nan -2926.53 nan nan nan -0.879635 nan
2 -80 0.314168 -0.00733771 12631.8 0.278931 0.19603 0.314168 0.21087 -0.0713054 -0.286319 -0.00733771 -0.247076 10142.4 2176.22 12631.8 3587.3 nan nan -80.0156 nan nan nan -6437.99 nan nan nan -0.706129 nan
2 525 0.308755 0.144087 21157.3 0.281133 0.197578 0.308755 0.212535 -0.0713054 -0.286319 0.144087 -0.247076 10142.4 2176.22 21157.3 3587.3 nan nan 525.007 nan nan nan 263001 nan nan nan 4.67125 nan
2 -110 0.361165 0.11954 20864.7 0.259817 0.182597 0.361165 0.196421 -0.0713054 -0.286319 0.11954 -0.247076 10142.4 2176.22 20864.7 3587.3 nan nan -110.144 nan nan nan -9025.58 nan nan nan -0.757236 nan
2 210 0.354932 0.166641 21616.3 0.262352 0.184379 0.354932 0.198337 -0.0713054 -0.286319 0.166641 -0.247076 10142.4 2176.22 21616.3 3587.3 nan nan 209.88 nan nan nan 23185.1 nan nan nan 1.453 nan
2 -100 0.367313 0.144556 21240.8 0.257317 0.18084 0.367313 0.19453 -0.0713054 -0.286319 0.144556 -0.247076 10142.4 2176.22 21240.8 3587.3 nan nan -100.167 nan nan nan -11582.9 nan nan nan -0.681291 nan
2 335 0.361441 0.219035 24187.1 0.259705 0.182518 0.361441 0.196335 -0.0713054 -0.286319 0.219035 -0.247076 10142.4 2176.22 24187.1 3587.3 nan nan 334.855 nan nan nan 90887.3 nan nan nan 2.29759 nan
2 -110 0.384681 0.196062 23796.8 0.250253 0.175876 0.384681 0.18919 -0.0713054 -0.286319 0.196062 -0.247076 10142.4 2176.22 23796.8 3587.3 nan nan -110.219 nan nan nan -12038.8 nan nan nan -0.708704 nan
2 365 0.378503 0.272721 27339.4 0.252766 0.177642 0.378503 0.19109 -0.0713054 -0.286319 0.272721 -0.247076 10142.4 2176.22 27339.4 3587.3 nan nan 364.804 nan nan nan 109285 nan nan nan 2.36483 nan
2 -100 0.403472 0.253062 26779.1 0.242611 0.170505 0.403472 0.183412 -0.0713054 -0.286319 0.253062 -0.247076 10142.4 2176.22 26779.1 3587.3 nan nan -100.273 nan nan nan -17284.8 nan nan nan -0.60644 nan
1 0 0.172152 -0.28612 2105.68 0.244954 0.172152 0.39771 0.185184 -0.0713054 -0.28612 0.253062 -0.247076 10142.4 2105.68 26779.1 3587.3 nan 0.286319 nan nan nan -2176.14 nan nan nan 0.00613759 nan nan
1 -45 0.171903 -0.317707 2102.23 0.245028 0.171903 0.397829 0.18524 -0.0713054 -0.317707 0.253062 -0.247076 10142.4 2102.23 26779.1 3587.3 nan -44.7139 nan nan nan -106.35 nan nan nan -0.97442 nan nan
1 -55 0.16744 -0.356367 2131.02 0.246348 0.16744 0.399974 0.186238 -0.0713054 -0.356367 0.253062 -0.247076 10142.4 2131.02 26779.1 3587.3 nan -54.6823 nan nan nan 887.919 nan nan nan -1.19263 nan nan
1 -15 0.162228 -0.36665 2068.89 0.247891 0.162228 0.402478 0.187404 -0.0713054 -0.36665 0.253062 -0.247076 10142.4 2068.89 26779.1 3587.3 nan -14.6436 nan nan nan -1916.58 nan nan nan -0.317216 nan nan
1 -50 0.160602 -0.402023 2081.68 0.248372 0.160602 0.403259 0.187768 -0.0713054 -0.402023 0.253062 -0.247076 10142.4 2081.68 26779.1 3587.3 nan -49.6333 nan nan nan 394.581 nan nan nan -1.0912 nan nan
1 -60 0.155938 -0.444367 2129.34 0.249752 0.155938 0.405499 0.188811 -0.0713054 -0.444367 0.253062 -0.247076 10142.4 2129.34 26779.1 3587.3 nan -59.598 nan nan nan 1470.24 nan nan nan -1.30624 nan nan
1 -40 0.150615 -0.472154 2111.03 0.251327 0.150615 0.408057 0.190002 -0.0713054 -0.472154 0.253062 -0.247076 10142.4 2111.03 26779.1 3587.3 nan -39.5556 nan nan nan -564.691 nan nan nan -0.857207 nan nan
2 -90 0.409779 0.235184 26175.1 0.252387 0.147031 0.409779 0.190803 -0.0713054 -0.472154 0.235184 -0.247076 10142.4 2111.03 26175.1 3587.3 nan nan -90.2531 nan nan nan -18633.5 nan nan nan -0.551523 nan
2 -100 0.404323 0.2151 25652.3 0.25472 0.14839 0.404323 0.192567 -0.0713054 -0.472154 0.2151 -0.247076 10142.4 2111.03 25652.3 3587.3 nan nan -100.235 nan nan nan -16128 nan nan nan -0.61955 nan
2 340 0.398503 0.283871 28563.3 0.257209 0.149839 0.398503 0.194448 -0.0713054 -0.472154 0.283871 -0.247076 10142.4 2111.03 28563.3 3587.3 nan nan 339.785 nan nan nan 89801.5 nan nan nan 2.12149 nan
2 -100 0.420576 0.264636 27963.4 0.24777 0.144341 0.420576 0.187313 -0.0713054 -0.472154 0.264636 -0.247076 10142.4 2111.03 27963.4 3587.3 nan nan -100.284 nan nan nan -18506.4 nan nan nan -0.593372 nan
2 -100 0.414792 0.2452 27382.8 0.250244 0.145782 0.414792 0.189183 -0.0713054 -0.472154 0.2452 -0.247076 10142.4 2111.03 27382.8 3587.3 nan nan -100.265 nan nan nan -17910.4 nan nan nan -0.599588 nan
2 -90 0.409007 0.227521 26759.2 0.252717 0.147223 0.409007 0.191053 -0.0713054 -0.472154 0.227521 -0.247076 10142.4 2111.03 26759.2 3587.3 nan nan -90.2452 nan nan nan -19238.6 nan nan nan -0.545362 nan
2 -110 0.403578 0.205678 26285.6 0.255039 0.148575 0.403578 0.192808 -0.0713054 -0.472154 0.205678 -0.247076 10142.4 2111.03 26285.6 3587.3 nan nan -110.228 nan nan nan -14609.1 nan nan nan -0.673835 nan
2 530 0.397445 0.311606 34532.2 0.257661 0.150103 0.397445 0.194791 -0.0713054 -0.472154 0.311606 -0.247076 10142.4 2111.03 34532.2 3587.3 nan nan 529.794 nan nan nan 254396 nan nan nan 3.26775 nan
2 -80 0.437864 0.297597 33621.9 0.240377 0.140034 0.437864 0.181724 -0.0713054 -0.472154 0.297597 -0.247076 10142.4 2111.03 33621.9 3587.3 nan nan -80.3116 nan nan nan -28082.2 nan nan nan -0.432182 nan
2 -100 0.432877 0.279865 32858.1 0.24251 0.141277 0.432877 0.183336 -0.0713054 -0.472154 0.279865 -0.247076 10142.4 2111.03 32858.1 3587.3 nan nan -100.298 nan nan nan -23562.2 nan nan nan -0.54699 nan
2 -110 0.427223 0.260144 32187.2 0.244928 0.142685 0.427223 0.185164 -0.0713054 -0.472154 0.260144 -0.247076 10142.4 2111.03 32187.2 3587.3 nan nan -110.28 nan nan nan -20696.4 nan nan nan -0.608381 nan
2 645 0.421249 0.376639 44618.9 0.247483 0.144173 0.421249 0.187095 -0.0713054 -0.472154 0.376639 -0.247076 10142.4 2111.03 44618.9 3587.3 nan nan 644.74 nan nan nan 383502 nan nan nan 3.59371 nan
2 -80 0.47001 0.364304 43381.9 0.226631 0.132026 0.47001 0.171332 -0.0713054 -0.472154 0.364304 -0.247076 10142.4 2111.03 43381.9 3587.3 nan nan -80.3766 nan nan nan -38158.5 nan nan nan -0.380514 nan
2 -120 0.46507 0.345571 42445.3 0.228744 0.133257 0.46507 0.172929 -0.0713054 -0.472154 0.345571 -0.247076 10142.4 2111.03 42445.3 3587.3 nan nan -120.364 nan nan nan -28894.4 nan nan nan -0.577888 nan
2 -100 0.458983 0.329782 41395.8 0.231347 0.134773 0.458983 0.174897 -0.0713054 -0.472154 0.329782 -0.247076 10142.4 2111.03 41395.8 3587.3 nan nan -100.346 nan nan nan -32376 nan nan nan -0.487061 nan
2 575 0.453447 0.421342 50759.2 0.233714 0.136152 0.453447 0.176687 -0.0713054 -0.472154 0.421342 -0.247076 10142.4 2111.03 50759.2 3587.3 nan nan 574.67 nan nan nan 288850 nan nan nan 2.82449 nan
2 -100 0.490108 0.406893 49440.7 0.218037 0.12702 0.490108 0.164835 -0.0713054 -0.472154 0.406893 -0.247076 10142.4 2111.03 49440.7 3587.3 nan nan -100.421 nan nan nan -40674.8 nan nan nan -0.445727 nan
2 -110 0.484624 0.390797 48233.2 0.220383 0.128386 0.484624 0.166608 -0.0713054 -0.472154 0.390797 -0.247076 10142.4 2111.03 48233.2 3587.3 nan nan -110.407 nan nan nan -37251 nan nan nan -0.49654 nan
1 -55 0.12982 -0.510625 2138.98 0.222844 0.12982 0.478868 0.168469 -0.0713054 -0.510625 0.390797 -0.247076 10142.4 2138.98 48233.2 3587.3 nan -54.5278 nan nan nan 862.252 nan nan nan -1.18678 nan nan
1 40 0.12562 -0.482231 2122.85 0.223919 0.12562 0.481179 0.169282 -0.0713054 -0.482231 0.390797 -0.247076 10142.4 2122.85 48233.2 3587.3 nan 40.5106 nan nan nan -497.874 nan nan nan 0.875921 nan nan
1 -45 0.128722 -0.513552 2118.27 0.223125 0.128722 0.479472 0.168681 -0.0713054 -0.513552 0.390797 -0.247076 10142.4 2118.27 48233.2 3587.3 nan -44.5178 nan nan nan -141.014 nan nan nan -0.966216 nan nan
1 -55 0.125236 -0.551928 2145.84 0.224018 0.125236 0.48139 0.169356 -0.0713054 -0.551928 0.390797 -0.247076 10142.4 2145.84 48233.2 3587.3 nan -54.4864 nan nan nan 850.499 nan nan nan -1.18385 nan nan
1 -40 0.121173 -0.579534 2126.73 0.225058 0.121173 0.483626 0.170143 -0.0713054 -0.579534 0.390797 -0.247076 10142.4 2126.73 48233.2 3587.3 nan -39.4481 nan nan nan -589.694 nan nan nan -0.851582 nan nan
1 15 0.118209 -0.568582 2065.66 0.225817 0.118209 0.485257 0.170716 -0.0713054 -0.568582 0.390797 -0.247076 10142.4 2065.66 48233.2 3587.3 nan 15.5795 nan nan nan -1884.01 nan nan nan 0.33783 nan nan
1 -50 0.119177 -0.603839 2077.9 0.225569 0.119177 0.484725 0.170529 -0.0713054 -0.603839 0.390797 -0.247076 10142.4 2077.9 48233.2 3587.3 nan -49.4314 nan nan nan 377.809 nan nan nan -1.08761 nan nan
1 -60 0.115561 -0.646077 2124.91 0.226495 0.115561 0.486715 0.171229 -0.0713054 -0.646077 0.390797 -0.247076 10142.4 2124.91 48233.2 3587.3 nan -59.3962 nan nan nan 1450 nan nan nan -1.303 nan nan
1 -55 0.111442 -0.6843 2151.79 0.22755 0.111442 0.488981 0.172027 -0.0713054 -0.6843 0.390797 -0.247076 10142.4 2151.79 48233.2 3587.3 nan -54.3539 nan nan nan 829.442 nan nan nan -1.17913 nan nan
1 -45 0.107784 -0.715269 2145.7 0.228487 0.107784 0.490994 0.172735 -0.0713054 -0.715269 0.390797 -0.247076 10142.4 2145.7 48233.2 3587.3 nan -44.3157 nan nan nan -187.913 nan nan nan -0.955338 nan nan
1 -10 0.104826 -0.721766 2078.94 0.229244 0.104826 0.492622 0.173307 -0.0713054 -0.721766 0.390797 -0.247076 10142.4 2078.94 48233.2 3587.3 nan -9.28473 nan nan nan -2059.5 nan nan nan -0.20044 nan nan
1 -40 0.104046 -0.749691 2061.56 0.229444 0.104046 0.493051 0.173459 -0.0713054 -0.749691 0.390797 -0.247076 10142.4 2061.56 48233.2 3587.3 nan -39.2782 nan nan nan -536.162 nan nan nan -0.861451 nan nan
1 -60 0.101427 -0.791993 2108.53 0.230115 0.101427 0.494493 0.173966 -0.0713054 -0.791993 0.390797 -0.247076 10142.4 2108.53 48233.2 3587.3 nan -59.2503 nan nan nan 1449.04 nan nan nan -1.30495 nan nan
1 -50 0.0977515 -0.826731 2118.68 0.231056 0.0977515 0.496515 0.174677 -0.0713054 -0.826731 0.390797 -0.247076 10142.4 2118.68 48233.2 3587.3 nan -49.208 nan nan nan 312.894 nan nan nan -1.07163 nan nan
3 -50 0.175257 -0.274003 3551.26 0.231824 0.0947543 0.498165 0.175257 -0.0713054 -0.826731 0.390797 -0.274003 10142.4 2118.68 48233.2 3551.26 nan nan nan -49.7529 nan nan nan -1111.95 nan nan nan -0.830681
3 -50 0.17129 -0.301052 3516.3 0.232939 0.0952101 0.500561 0.17129 -0.0713054 -0.826731 0.390797 -0.301052 10142.4 2118.68 48233.2 3516.3 nan nan nan -49.726 nan nan nan -1078.58 nan nan nan -0.834435
3 -45 0.16738 -0.325488 3467.08 0.234038 0.0956594 0.502923 0.16738 -0.0713054 -0.826731 0.390797 -0.325488 10142.4 2118.68 48233.2 3467.08 nan nan nan -44.6989 nan nan nan -1518.3 nan nan nan -0.753797
3 -65 0.163857 -0.361093 3490.28 0.235028 0.0960641 0.505051 0.163857 -0.0713054 -0.826731 0.390797 -0.361093 10142.4 2118.68 48233.2 3490.28 nan nan nan -64.6745 nan nan nan 715.714 nan nan nan -1.09838
3 -55 0.159104 -0.391073 3473.91 0.236364 0.0966102 0.507922 0.159104 -0.0713054 -0.826731 0.390797 -0.391073 10142.4 2118.68 48233.2 3473.91 nan nan nan -54.6389 nan nan nan -504.869 nan nan nan -0.924851
3 -40 0.25 -0.0324163 1600 0.25 0.25 0.25 0.25 0 0 0 -0.0324163 1 1 1 1600 nan nan nan -40 nan nan nan 0 nan nan nan -1
3 -50 0.262755 -0.0729104 1629.07 0.245748 0.245748 0.245748 0.262755 0 0 0 -0.0729104 1 1 1 1629.07 nan nan nan -49.9676 nan nan nan 896.759 nan nan nan -1.24919
3 -137 0.255161 -0.182883 2184.04 0.24828 0.24828 0.24828 0.255161 0 0 0 -0.182883 1 1 1 2184.04 nan nan nan -136.927 nan nan nan 17120 nan nan nan -3.3925
3 42 0.237757 -0.153623 2170.92 0.254081 0.254081 0.254081 0.237757 0 0 0 -0.153623 1 1 1 2170.92 nan nan nan 42.1829 nan nan nan -404.64 nan nan nan 0.902623
2 -185 0.252322 -0.0324163 34225 0.252322 0.252322 0.252322 0.243034 0 0 -0.0324163 -0.153623 1 1 34225 2170.92 nan nan -185 nan nan nan 0 nan nan nan -1 nan
2 80 0.342976 -0.0183928 33323.2 0.221728 0.221728 0.342976 0.213567 0 0 -0.0183928 -0.153623 1 1 33323.2 2170.92 nan nan 80.0324 nan nan nan -27819.8 nan nan nan 0.432608 nan
2 -75 0.34473 -0.0317079 32425.2 0.221136 0.221136 0.34473 0.212997 0 0 -0.0317079 -0.153623 1 1 32425.2 2170.92 nan nan -74.9816 nan nan nan -27700.9 nan nan nan -0.410754 nan
2 207 0.340311 0.00556208 32763.5 0.222628 0.222628 0.340311 0.214433 0 0 0.00556208 -0.153623 1 1 32763.5 2170.92 nan nan 207.032 nan nan nan 10436.9 nan nan nan 1.14973 nan
2 -83 0.34927 -0.00930328 31924.8 0.219605 0.219605 0.34927 0.211521 0 0 -0.00930328 -0.153623 1 1 31924.8 2170.92 nan nan -83.0056 nan nan nan -25873.6 nan nan nan -0.458576 nan
2 133 0.344556 0.0148281 31463.4 0.221195 0.221195 0.344556 0.213053 0 0 0.0148281 -0.153623 1 1 31463.4 2170.92 nan nan 133.009 nan nan nan -14233.3 nan nan nan 0.74442 nan
2 185 0.349276 0.0486343 31552.8 0.219602 0.219602 0.349276 0.211519 0 0 0.0486343 -0.153623 1 1 31552.8 2170.92 nan nan 184.985 nan nan nan 2756.09 nan nan nan 1.04288 nan
2 -90 0.357145 0.0322011 30792.8 0.216947 0.216947 0.357145 0.208961 0 0 0.0322011 -0.153623 1 1 30792.8 2170.92 nan nan -90.0486 nan nan nan -23444 nan nan nan -0.506942 nan
2 245 0.35213 0.0774542 31739.9 0.218639 0.218639 0.35213 0.210592 0 0 0.0774542 -0.153623 1 1 31739.9 2170.92 nan nan 244.968 nan nan nan 29216.4 nan nan nan 1.396 nan
2 -167 0.364099 0.0470538 31615.9 0.2146 0.2146 0.364099 0.206701 0 0 0.0470538 -0.153623 1 1 31615.9 2170.92 nan nan -167.077 nan nan nan -3825.02 nan nan nan -0.937811 nan
2 -220 0.356886 0.00693704 32160.6 0.217034 0.217034 0.356886 0.209045 0 0 0.00693704 -0.153623 1 1 32160.6 2170.92 nan nan -220.047 nan nan nan 16804.8 nan nan nan -1.23755 nan
2 -180 0.348614 -0.0256009 32168.5 0.219826 0.219826 0.348614 0.211734 0 0 -0.0256009 -0.153623 1 1 32168.5 2170.92 nan nan -180.007 nan nan nan 241.85 nan nan nan -1.00375 nan
2 355 0.341275 0.0385655 35211.6 0.222303 0.222303 0.341275 0.21412 0 0 0.0385655 -0.153623 1 1 35211.6 2170.92 nan nan 355.026 nan nan nan 93874.7 nan nan nan 1.97945 nan
2 -135 0.360698 0.0152374 34661.3 0.215748 0.215748 0.360698 0.207806 0 0 0.0152374 -0.153623 1 1 34661.3 2170.92 nan nan -135.039 nan nan nan -16976.1 nan nan nan -0.71964 nan
2 -60 0.354478 0.00478777 33654.4 0.217847 0.217847 0.354478 0.209828 0 0 0.00478777 -0.153623 1 1 33654.4 2170.92 nan nan -60.0152 nan nan nan -31059.4 nan nan nan -0.322359 nan
2 -75 0.35051 -0.00846576 32745.8 0.219186 0.219186 0.35051 0.211118 0 0 -0.00846576 -0.153623 1 1 32745.8 2170.92 nan nan -75.0048 nan nan nan -28028.7 nan nan nan -0.408854 nan
2 -250 0.34606 -0.0532485 33710.2 0.220688 0.220688 0.34606 0.212564 0 0 -0.0532485 -0.153623 1 1 33710.2 2170.92 nan nan -249.992 nan nan nan 29749.9 nan nan nan -1.38149 nan
2 685 0.337502 0.0677018 47830.4 0.223576 0.223576 0.337502 0.215346 0 0 0.0677018 -0.153623 1 1 47830.4 2170.92 nan nan 685.053 nan nan nan 435588 nan nan nan 3.73116 nan
2 -165 0.386012 0.0432352 47163.1 0.207205 0.207205 0.386012 0.199578 0 0 0.0432352 -0.153623 1 1 47163.1 2170.92 nan nan -165.068 nan nan nan -20583 nan nan nan -0.754762 nan
2 335 0.379311 0.093233 49271.3 0.209466 0.209466 0.379311 0.201756 0 0 0.093233 -0.153623 1 1 49271.3 2170.92 nan nan 334.957 nan nan nan 65032.9 nan nan nan 1.54237 nan
2 -90 0.394067 0.0800759 47937.2 0.204487 0.204487 0.394067 0.19696 0 0 0.0800759 -0.153623 1 1 47937.2 2170.92 nan nan -90.0932 nan nan nan -41154.5 nan nan nan -0.405878 nan
2 420 0.389096 0.142248 52099.3 0.206164 0.206164 0.389096 0.198575 0 0 0.142248 -0.153623 1 1 52099.3 2170.92 nan nan 419.92 nan nan nan 128396 nan nan nan 1.91792 nan
2 -165 0.409693 0.118794 51294.5 0.199213 0.199213 0.409693 0.191881 0 0 0.118794 -0.153623 1 1 51294.5 2170.92 nan nan -165.142 nan nan nan -24827.3 nan nan nan -0.723506 nan
2 410 0.402948 0.17746 55077.7 0.20149 0.20149 0.402948 0.194073 0 0 0.17746 -0.153623 1 1 55077.7 2170.92 nan nan 409.881 nan nan nan 116708 nan nan nan 1.80977 nan
2 -150 0.422227 0.156717 54023.4 0.194983 0.194983 0.422227 0.187806 0 0 0.156717 -0.153623 1 1 54023.4 2170.92 nan nan -150.177 nan nan nan -32524.5 nan nan nan -0.639907 nan
2 -135 0.415778 0.137867 52864.3 0.19716 0.19716 0.415778 0.189903 0 0 0.137867 -0.153623 1 1 52864.3 2170.92 nan nan -135.157 nan nan nan -35756.1 nan nan nan -0.581496 nan
2 -250 0.409662 0.102601 53178.9 0.199224 0.199224 0.409662 0.191891 0 0 0.102601 -0.153623 1 1 53178.9 2170.92 nan nan -250.138 nan nan nan 9704.62 nan nan nan -1.08792 nan
2 615 0.401579 0.189037 63711.6 0.201952 0.201952 0.401579 0.194518 0 0 0.189037 -0.153623 1 1 63711.6 2170.92 nan nan 614.897 nan nan nan 324920 nan nan nan 2.66645 nan
2 -75 0.436122 0.179381 61829.6 0.190294 0.190294 0.436122 0.18329 0 0 0.179381 -0.153623 1 1 61829.6 2170.92 nan nan -75.189 nan nan nan -58058.2 nan nan nan -0.297883 nan
2 -250 0.4314 0.146766 61854.2 0.191888 0.191888 0.4314 0.184824 0 0 0.146766 -0.153623 1 1 61854.2 2170.92 nan nan -250.179 nan nan nan 760.139 nan nan nan -1.00613 nan
2 -237 0.42345 0.115856 61672.2 0.194571 0.194571 0.42345 0.187409 0 0 0.115856 -0.153623 1 1 61672.2 2170.92 nan nan -237.147 nan nan nan -5615.64 nan nan nan -0.953526 nan
2 -165 0.415695 0.0943029 60556.8 0.197188 0.197188 0.415695 0.18993 0 0 0.0943029 -0.153623 1 1 60556.8 2170.92 nan nan -165.116 nan nan nan -34408.9 nan nan nan -0.664881 nan
2 700 0.40908 0.186501 74473.5 0.19942 0.19942 0.40908 0.19208 0 0 0.186501 -0.153623 1 1 74473.5 2170.92 nan nan 699.906 nan nan nan 429311 nan nan nan 2.84419 nan
2 -120 0.448366 0.172225 72527.5 0.186162 0.186162 0.448366 0.17931 0 0 0.172225 -0.153623 1 1 72527.5 2170.92 nan nan -120.187 nan nan nan -60028.7 nan nan nan -0.440408 nan
2 -83 0.442581 0.162213 70400.7 0.188114 0.188114 0.442581 0.18119 0 0 0.162213 -0.153623 1 1 70400.7 2170.92 nan nan -83.1722 nan nan nan -65609.9 nan nan nan -0.308835 nan
2 -165 0.437618 0.142035 69002.9 0.189789 0.189789 0.437618 0.182803 0 0 0.142035 -0.153623 1 1 69002.9 2170.92 nan nan -165.162 nan nan nan -43122.2 nan nan nan -0.622475 nan
2 960 0.431004 0.260485 96632.1 0.192021 0.192021 0.431004 0.184953 0 0 0.260485 -0.153623 1 1 96632.1 2170.92 nan nan 959.858 nan nan nan 852324 nan nan nan 3.65404 nan
2 -90 0.490847 0.251073 93763.7 0.171826 0.171826 0.490847 0.165501 0 0 0.251073 -0.153623 1 1 93763.7 2170.92 nan nan -90.2605 nan nan nan -88485.1 nan nan nan -0.29036 nan
2 -180 0.485537 0.231991 91777.5 0.173618 0.173618 0.485537 0.167227 0 0 0.231991 -0.153623 1 1 91777.5 2170.92 nan nan -180.251 nan nan nan -61273.3 nan nan nan -0.588655 nan
2 -250 0.478699 0.205215 90832.1 0.175925 0.175925 0.478699 0.16945 0 0 0.205215 -0.153623 1 1 90832.1 2170.92 nan nan -250.232 nan nan nan -29161.4 nan nan nan -0.82599 nan
2 700 0.471029 0.280484 103762 0.178514 0.178514 0.471029 0.171943 0 0 0.280484 -0.153623 1 1 103762 2170.92 nan nan 699.795 nan nan nan 398881 nan nan nan 2.32194 nan
2 -210 0.503018 0.259323 101832 0.167718 0.167718 0.503018 0.161545 0 0 0.259323 -0.153623 1 1 101832 2170.92 nan nan -210.28 nan nan nan -59544.5 nan nan nan -0.652798 nan
2 -165 0.495811 0.242535 99416.5 0.170151 0.170151 0.495811 0.163888 0 0 0.242535 -0.153623 1 1 99416.5 2170.92 nan nan -165.259 nan nan nan -74521.5 nan nan nan -0.517873 nan
2 -235 0.489191 0.21835 97987.6 0.172385 0.172385 0.489191 0.166039 0 0 0.21835 -0.153623 1 1 97987.6 2170.92 nan nan -235.243 nan nan nan -44077.4 nan nan nan -0.746082 nan
2 -60 0.481704 0.212114 94928.8 0.174911 0.174911 0.481704 0.168473 0 0 0.212114 -0.153623 1 1 94928.8 2170.92 nan nan -60.2184 nan nan nan -94361.4 nan nan nan -0.192373 nan
2 -150 0.477017 0.19631 92583 0.176493 0.176493 0.477017 0.169997 0 0 0.19631 -0.153623 1 1 92583 2170.92 nan nan -150.212 nan nan nan -72365.1 nan nan nan -0.487535 nan
2 977 0.470645 0.300375 120512 0.178644 0.178644 0.470645 0.172068 0 0 0.300375 -0.153623 1 1 120512 2170.92 nan nan 976.804 nan nan nan 861562 nan nan nan 3.21027 nan
2 -165 0.523907 0.28494 117491 0.160669 0.160669 0.523907 0.154755 0 0 0.28494 -0.153623 1 1 117491 2170.92 nan nan -165.3 nan nan nan -93187.4 nan nan nan -0.476167 nan
2 -192 0.517272 0.266755 114881 0.162908 0.162908 0.517272 0.156912 0 0 0.266755 -0.153623 1 1 114881 2170.92 nan nan -192.285 nan nan nan -80517.4 nan nan nan -0.560975 nan
2 -90 0.510293 0.258122 111421 0.165263 0.165263 0.510293 0.15918 0 0 0.258122 -0.153623 1 1 111421 2170.92 nan nan -90.2668 nan nan nan -106733 nan nan nan -0.26632 nan
2 -265 0.504862 0.232361 110090 0.167096 0.167096 0.504862 0.160946 0 0 0.232361 -0.153623 1 1 110090 2170.92 nan nan -265.258 nan nan nan -41059 nan nan nan -0.794667 nan
2 -200 0.497149 0.212799 107821 0.169699 0.169699 0.497149 0.163453 0 0 0.212799 -0.153623 1 1 107821 2170.92 nan nan -200.232 nan nan nan -69996.9 nan nan nan -0.603477 nan
2 940 0.490071 0.305576 132956 0.172088 0.172088 0.490071 0.165754 0 0 0.305576 -0.153623 1 1 132956 2170.92 nan nan 939.787 nan nan nan 775379 nan nan nan 2.86206 nan
1 -45 0.156489 -0.0324163 2025 0.156489 0.156489 0.536294 0.150729 0 -0.0324163 0.305576 -0.153623 1 2025 132956 2170.92 nan -45 nan nan nan 0 nan nan nan -1 nan nan
1 -40 0.167292 -0.0612074 2011.14 0.154485 0.167292 0.529425 0.148798 0 -0.0612074 0.305576 -0.153623 1 2011.14 132956 2170.92 nan -39.9676 nan nan nan -427.592 nan nan nan -0.888169 nan nan
1 -135 0.163266 -0.158747 2536.2 0.155232 0.163266 0.531985 0.149518 0 -0.158747 0.305576 -0.153623 1 2536.2 132956 2170.92 nan -134.939 nan nan nan 16197.3 nan nan nan -3.00896 nan nan
1 -45 0.152178 -0.18761 2519.16 0.157289 0.152178 0.539034 0.151499 0 -0.18761 0.305576 -0.153623 1 2519.16 132956 2170.92 nan -44.8413 nan nan nan -525.459 nan nan nan -0.890402 nan nan
1 -50 0.148437 -0.219782 2517.94 0.157983 0.148437 0.541413 0.152168 0 -0.219782 0.305576 -0.153623 1 2517.94 132956 2170.92 nan -49.8124 nan nan nan -37.8892 nan nan nan -0.992451 nan nan
1 -135 0.144412 -0.306852 3025.18 0.158729 0.144412 0.543972 0.152887 0 -0.306852 0.305576 -0.153623 1 3025.18 132956 2170.92 nan -134.78 nan nan nan 15647.8 nan nan nan -2.68599 nan nan
1 -40 0.135415 -0.330245 2978.19 0.160398 0.135415 0.549692 0.154494 0 -0.330245 0.305576 -0.153623 1 2978.19 132956 2170.92 nan -39.6931 nan nan nan -1449.63 nan nan nan -0.721672 nan nan
1 455 0.132574 -0.0597787 9602.37 0.160926 0.132574 0.551499 0.155002 0 -0.0597787 0.305576 -0.153623 1 9602.37 132956 2170.92 nan 455.33 nan nan nan 204347 nan nan nan 8.34354 nan nan
1 -155 0.182822 -0.111034 10069.3 0.151603 0.182822 0.519551 0.146023 0 -0.111034 0.305576 -0.153623 1 10069.3 132956 2170.92 nan -154.94 nan nan nan 14404.1 nan nan nan -1.58116 nan nan
1 -60 0.176157 -0.130381 9859.16 0.15284 0.176157 0.523789 0.147214 0 -0.130381 0.305576 -0.153623 1 9859.16 132956 2170.92 nan -59.889 nan nan nan -6482.61 nan nan nan -0.596825 nan nan
1 -45 0.172983 -0.145029 9604.83 0.153429 0.172983 0.525807 0.147781 0 -0.145029 0.305576 -0.153623 1 9604.83 132956 2170.92 nan -44.8696 nan nan nan -7845.88 nan nan nan -0.45189 nan nan
1 -158 0.170433 -0.197242 10101.2 0.153902 0.170433 0.527428 0.148237 0 -0.197242 0.305576 -0.153623 1 10101.2 132956 2170.92 nan -157.855 nan nan nan 15313.4 nan nan nan -1.6107 nan nan
0 -150 0.155086 -0.0324163 22500 0.155086 0.164049 0.531487 0.149378 -0.0324163 -0.197242 0.305576 -0.153623 22500 10101.2 132956 2170.92 -150 nan nan nan 0 nan nan nan -1 nan nan nan
3 40 0.140347 -0.125687 2152.81 0.206167 0.154131 0.499355 0.140347 -0.0324163 -0.197242 0.305576 -0.125687 22500 10101.2 132956 2152.81 nan nan nan 40.1536 nan nan nan -558.605 nan nan nan 0.861793
3 -135 0.14369 -0.219917 2672.71 0.205365 0.153532 0.497413 0.14369 -0.0324163 -0.197242 0.305576 -0.219917 22500 10101.2 132956 2672.71 nan nan nan -134.874 nan nan nan 16038.3 nan nan nan -2.90687
3 -50 0.13404 -0.25113 2666.4 0.20768 0.155262 0.503019 0.13404 -0.0324163 -0.197242 0.305576 -0.25113 22500 10101.2 132956 2666.4 nan nan nan -49.7801 nan nan nan -194.655 nan nan nan -0.962896
2 -150 0.50511 0.292214 129378 0.208543 0.155907 0.50511 0.13044 -0.0324163 -0.197242 0.292214 -0.25113 22500 10101.2 129378 2666.4 nan nan -150.306 nan nan nan -110364 nan nan nan -0.412213 nan
3 45 0.132149 -0.222723 2646.34 0.211276 0.15795 0.498624 0.132149 -0.0324163 -0.197242 0.292214 -0.222723 22500 10101.2 129378 2646.34 nan nan nan 45.2511 nan nan nan -618.737 nan nan nan 0.876328
3 -48 0.135384 -0.25283 2634.56 0.210489 0.157362 0.496766 0.135384 -0.0324163 -0.197242 0.292214 -0.25283 22500 10101.2 129378 2634.56 nan nan nan -47.7773 nan nan nan -363.677 nan nan nan -0.928749
3 83 0.131864 -0.200251 2773.83 0.211345 0.158002 0.498788 0.131864 -0.0324163 -0.197242 0.292214 -0.200251 22500 10101.2 129378 2773.83 nan nan nan 83.2528 nan nan nan 4296.48 nan nan nan 1.62198
3 53 0.138407 -0.167507 2775.66 0.209752 0.156812 0.495029 0.138407 -0.0324163 -0.197242 0.292214 -0.167507 22500 10101.2 129378 2775.66 nan nan nan 53.2003 nan nan nan 56.4352 nan nan nan 1.01012
3 -60 0.142364 -0.204321 2801.73 0.208789 0.156091 0.492756 0.142364 -0.0324163 -0.197242 0.292214 -0.204321 22500 10101.2 129378 2801.73 nan nan nan -59.8325 nan nan nan 804.266 nan nan nan -1.13567
3 -45 0.138002 -0.231755 2775.96 0.209851 0.156885 0.495261 0.138002 -0.0324163 -0.197242 0.292214 -0.231755 22500 10101.2 129378 2775.96 nan nan nan -44.7957 nan nan nan -795.079 nan nan nan -0.846297
2 -150 0.497159 0.278669 125916 0.210655 0.157486 0.497159 0.134699 -0.0324163 -0.197242 0.278669 -0.231755 22500 10101.2 125916 2775.96 nan nan -150.292 nan nan nan -106790 nan nan nan -0.417836 nan
3 -45 0.136432 -0.259299 2750.94 0.213366 0.159513 0.49069 0.136432 -0.0324163 -0.197242 0.278669 -0.259299 22500 10101.2 125916 2750.94 nan nan nan -44.7682 nan nan nan -771.763 nan nan nan -0.849696
3 -135 0.133149 -0.342575 3250.29 0.214177 0.160119 0.492555 0.133149 -0.0324163 -0.197242 0.278669 -0.342575 22500 10101.2 125916 3250.29 nan nan nan -134.741 nan nan nan 15404.1 nan nan nan -2.56896
3 59 0.125094 -0.308833 3259.08 0.216167 0.161607 0.497132 0.125094 -0.0324163 -0.197242 0.278669 -0.308833 22500 10101.2 125916 3259.08 nan nan nan 59.3426 nan nan nan 271.256 nan nan nan 1.04089
3 82 0.128855 -0.262096 3373.04 0.215238 0.160912 0.494995 0.128855 -0.0324163 -0.197242 0.278669 -0.262096 22500 10101.2 125916 3373.04 nan nan nan 82.3088 nan nan nan 3515.67 nan nan nan 1.44178
3 -135 0.134487 -0.3373 3852.2 0.213846 0.159872 0.491795 0.134487 -0.0324163 -0.197242 0.278669 -0.3373 22500 10101.2 125916 3852.2 nan nan nan -134.738 nan nan nan 14781.3 nan nan nan -2.31995
3 -142 0.127093 -0.411289 4377.86 0.215673 0.161238 0.495996 0.127093 -0.0324163 -0.197242 0.278669 -0.411289 22500 10101.2 125916 4377.86 nan nan nan -141.663 nan nan nan 16216.1 nan nan nan -2.28245
3 79 0.120209 -0.372383 4440.37 0.217374 0.162509 0.499908 0.120209 -0.0324163 -0.197242 0.278669 -0.372383 22500 10101.2 125916 4440.37 nan nan nan 79.4113 nan nan nan 1928.29 nan nan nan 1.20019
0 -150 0.21631 -0.0648256 22499.7 0.21631 0.161714 0.497461 0.124515 -0.0648256 -0.197242 0.278669 -0.372383 22499.7 10101.2 125916 4440.37 -149.968 nan nan nan -9.72384 nan nan nan -0.999784 nan nan nan
0 1440 0.210866 0.246387 88994.8 0.210866 0.162837 0.500916 0.12538 0.246387 -0.197242 0.278669 -0.372383 88994.8 10101.2 125916 4440.37 1440.06 nan nan nan 2.05129e+06 nan nan nan 9.6005 nan nan nan
0 -135 0.347341 0.231691 86702.9 0.347341 0.134676 0.414286 0.103697 0.231691 -0.197242 0.278669 -0.372383 86702.9 10101.2 125916 4440.37 -135.246 nan nan nan -70703.2 nan nan nan -0.45336 nan nan nan
0 -162 0.341799 0.213831 84745.5 0.341799 0.135819 0.417805 0.104577 0.213831 -0.197242 0.278669 -0.372383 84745.5 10101.2 125916 4440.37 -162.232 nan nan nan -60383.8 nan nan nan -0.550959 nan nan nan
0 -150 0.33589 0.197104 82729.8 0.33589 0.137039 0.421555 0.105516 0.197104 -0.197242 0.278669 -0.372383 82729.8 10101.2 125916 4440.37 -150.214 nan nan nan -62181.3 nan nan nan -0.516002 nan nan nan
0 -60 0.330204 0.19032 80165.5 0.330204 0.138212 0.425164 0.106419 0.19032 -0.197242 0.278669 -0.372383 80165.5 10101.2 125916 4440.37 -60.1971 nan nan nan -79106.1 nan nan nan -0.209288 nan nan nan
0 -170 0.326186 0.170834 78505.7 0.326186 0.139041 0.427715 0.107058 0.170834 -0.197242 0.278669 -0.372383 78505.7 10101.2 125916 4440.37 -170.19 nan nan nan -51200.7 nan nan nan -0.601092 nan nan nan
0 -83 0.320282 0.161212 76185.1 0.320282 0.140259 0.431463 0.107996 0.161212 -0.197242 0.278669 -0.372383 76185.1 10101.2 125916 4440.37 -83.1708 nan nan nan -71588.3 nan nan nan -0.296839 nan nan nan
0 -130 0.31589 0.145925 74264.6 0.31589 0.141166 0.434251 0.108694 0.145925 -0.197242 0.278669 -0.372383 74264.6 10101.2 125916 4440.37 -130.161 nan nan nan -59243.1 nan nan nan -0.47157 nan nan nan
0 1516 0.310683 0.32624 146344 0.310683 0.14224 0.437556 0.109521 0.32624 -0.197242 0.278669 -0.372383 146344 10101.2 125916 4440.37 1515.85 nan nan nan 2.22355e+06 nan nan nan 5.56245 nan nan nan
0 -172 0.416691 0.311637 142563 0.416691 0.120365 0.370266 0.0926781 0.311637 -0.197242 0.278669 -0.372383 142563 10101.2 125916 4440.37 -172.326 nan nan nan -116648 nan nan nan -0.450468 nan nan nan
0 -60 0.410078 0.306459 138059 0.410078 0.12173 0.374463 0.0937289 0.306459 -0.197242 0.278669 -0.372383 138059 10101.2 125916 4440.37 -60.3116 nan nan nan -138925 nan nan nan -0.159734 nan nan nan
