0 100 0.25 0.100253 10000 0.25 0.25 0.25 0.25 0.100253 0 0 0 10000 1 1 1 100 nan nan nan 0 nan nan nan 1 nan nan nan
1 100 0.255035 0.100253 10000 0.234895 0.255035 0.255035 0.255035 0.100253 0.100253 0 0 10000 10000 1 1 nan 100 nan nan nan 0 nan nan nan 1 nan nan
2 50 0.260277 0.100253 2500 0.239723 0.239723 0.260277 0.260277 0.100253 0.100253 0.100253 0 10000 10000 2500 1 nan nan 50 nan nan nan 0 nan nan nan 1 nan
3 50 0.259603 0.100253 2500 0.239103 0.239103 0.262191 0.259603 0.100253 0.100253 0.100253 0.100253 10000 10000 2500 2500 nan nan nan 50 nan nan nan 0 nan nan nan 1
0 120 0.238486 0.220456 10438.7 0.238486 0.238486 0.261514 0.261514 0.220456 0.100253 0.100253 0.100253 10438.7 10000 2500 2500 119.9 nan nan nan 4375.95 nan nan nan 1.199 nan nan nan
0 -70 0.260226 0.151553 9886.53 0.260226 0.231678 0.254048 0.254048 0.151553 0.100253 0.100253 0.100253 9886.53 10000 2500 2500 -70.2205 nan nan nan -5507.79 nan nan nan -0.687291 nan nan nan
1 80 0.235468 0.180355 9637.48 0.248123 0.235468 0.258205 0.258205 0.151553 0.180355 0.100253 0.100253 9886.53 9637.48 2500 2500 nan 79.8997 nan nan nan -3616.03 nan nan nan 0.798997 nan nan
2 60 0.253018 0.220356 2609.07 0.243139 0.250825 0.253018 0.253018 0.151553 0.180355 0.220356 0.100253 9886.53 9637.48 2609.07 2500 nan nan 59.8997 nan nan nan 1087.98 nan nan nan 1.19799 nan
2 -10 0.275985 0.200296 2357.98 0.235663 0.243114 0.275985 0.245239 0.151553 0.180355 0.200296 0.100253 9886.53 9637.48 2357.98 2500 nan nan -10.2204 nan nan nan -2504.62 nan nan nan -0.200089 nan
3 40 0.246278 0.180254 2408.97 0.236662 0.244144 0.272915 0.246278 0.151553 0.180355 0.200296 0.180254 9886.53 9637.48 2357.98 2408.97 nan nan nan 39.8997 nan nan nan -908.01 nan nan nan 0.797995
2 55 0.267311 0.313433 2422.64 0.231803 0.239131 0.267311 0.261755 0.151553 0.180355 0.313433 0.180254 9886.53 9637.48 2422.64 2408.97 nan nan 54.7997 nan nan nan 645.03 nan nan nan 1.12852 nan
2 5 0.289793 0.322979 2181.97 0.22469 0.231793 0.289793 0.253724 0.151553 0.180355 0.322979 0.180254 9886.53 9637.48 2181.97 2408.97 nan nan 4.68657 nan nan nan -2400.68 nan nan nan 0.095216 nan
3 45 0.252678 0.271803 2368.85 0.223764 0.230839 0.292718 0.252678 0.151553 0.180355 0.322979 0.271803 9886.53 9637.48 2181.97 2368.85 nan nan nan 44.8197 nan nan nan -400.16 nan nan nan 0.913174
2 45 0.285737 0.418866 2163.33 0.218427 0.225333 0.285737 0.270503 0.151553 0.180355 0.418866 0.271803 9886.53 9637.48 2163.33 2368.85 nan nan 44.677 nan nan nan -185.932 nan nan nan 0.956445 nan
3 45 0.262912 0.363935 2331.93 0.212298 0.21901 0.30578 0.262912 0.151553 0.180355 0.418866 0.363935 9886.53 9637.48 2163.33 2331.93 nan nan nan 44.7282 nan nan nan -368.24 nan nan nan 0.918993
3 55 0.281294 0.477362 2397.42 0.207004 0.213548 0.298154 0.281294 0.151553 0.180355 0.418866 0.477362 9886.53 9637.48 2163.33 2397.42 nan nan nan 54.6361 nan nan nan 653.165 nan nan nan 1.13141
2 0 0.288519 0.417963 1946.47 0.200314 0.206647 0.288519 0.30452 0.151553 0.180355 0.417963 0.477362 9886.53 9637.48 1946.47 2397.42 nan nan -0.418866 nan nan nan -2163.15 nan nan nan -0.00900562 nan
2 45 0.289239 0.519268 1950.59 0.200111 0.206438 0.289239 0.304211 0.151553 0.180355 0.519268 0.477362 9886.53 9637.48 1950.59 2397.42 nan nan 44.582 nan nan nan 41.0923 nan nan nan 1.0105 nan
1 110 0.200268 0.292504 9880.38 0.19413 0.200268 0.310483 0.295119 0.151553 0.292504 0.519268 0.477362 9886.53 9880.38 1950.59 2397.42 nan 109.82 nan nan nan 2422.87 nan nan nan 1.11866 nan nan
3 60 0.28841 0.599235 2512.26 0.189717 0.218447 0.303425 0.28841 0.151553 0.292504 0.519268 0.599235 9886.53 9880.38 1950.59 2512.26 nan nan nan 59.5226 nan nan nan 1145.53 nan nan nan 1.21566
0 90 0.183004 0.242144 9704.69 0.183004 0.210717 0.292688 0.313592 0.242144 0.292504 0.519268 0.599235 9704.69 9880.38 1950.59 2512.26 89.8484 nan nan nan -1813.79 nan nan nan 0.903626 nan nan nan
1 120 0.207053 0.413239 10326.5 0.197207 0.207053 0.2876 0.30814 0.242144 0.413239 0.519268 0.599235 9704.69 10326.5 1950.59 2512.26 nan 119.707 nan nan nan 4449.5 nan nan nan 1.2043 nan nan
2 10 0.280416 0.540789 1764.04 0.192281 0.226858 0.280416 0.300444 0.242144 0.413239 0.540789 0.599235 9704.69 10326.5 1764.04 2512.26 nan nan 9.48073 nan nan nan -1860.7 nan nan nan 0.214664 nan
3 40 0.298282 0.678043 2416.03 0.190898 0.225227 0.285593 0.298282 0.242144 0.413239 0.540789 0.678043 9704.69 10326.5 1764.04 2416.03 nan nan nan 39.4008 nan nan nan -959.839 nan nan nan 0.78609
2 -10 0.278618 0.515629 1598.33 0.186236 0.219726 0.278618 0.315421 0.242144 0.413239 0.515629 0.678043 9704.69 10326.5 1598.33 2416.03 nan nan -10.5408 nan nan nan -1652.94 nan nan nan -0.250968 nan
2 55 0.27433 0.652256 1735.7 0.187343 0.221032 0.27433 0.317296 0.242144 0.413239 0.652256 0.678043 9704.69 10326.5 1735.7 2416.03 nan nan 54.4844 nan nan nan 1370.21 nan nan nan 1.36282 nan
3 55 0.30533 0.788839 2469.65 0.180278 0.212696 0.301695 0.30533 0.242144 0.413239 0.652256 0.788839 9704.69 10326.5 1735.7 2469.65 nan nan nan 54.322 nan nan nan 534.843 nan nan nan 1.10516
2 30 0.291371 0.722877 1648.04 0.174109 0.205418 0.291371 0.329103 0.242144 0.413239 0.722877 0.788839 9704.69 10326.5 1648.04 2469.65 nan nan 29.3477 nan nan nan -874.411 nan nan nan 0.704429 nan
2 -10 0.306582 0.696396 1494.34 0.170371 0.201008 0.306582 0.322038 0.242144 0.413239 0.696396 0.788839 9704.69 10326.5 1494.34 2469.65 nan nan -10.7229 nan nan nan -1533.06 nan nan nan -0.264136 nan
3 50 0.32429 0.888114 2464.85 0.171562 0.202414 0.301734 0.32429 0.242144 0.413239 0.696396 0.888114 9704.69 10326.5 1494.34 2464.85 nan nan nan 49.2112 nan nan nan -47.9136 nan nan nan 0.990252
2 45 0.291847 0.811294 1541.31 0.165941 0.195781 0.291847 0.346432 0.242144 0.413239 0.811294 0.888114 9704.69 10326.5 1541.31 2464.85 nan nan 44.3036 nan nan nan 468.465 nan nan nan 1.14608 nan
3 -190 0.334661 0.502653 5870.79 0.160303 0.189129 0.315907 0.334661 0.242144 0.413239 0.811294 0.502653 9704.69 10326.5 1541.31 5870.79 nan nan nan -190.888 nan nan nan 33973.4 nan nan nan -3.84489
2 45 0.358207 0.924134 1582.55 0.181767 0.214453 0.358207 0.245572 0.242144 0.413239 0.924134 0.502653 9704.69 10326.5 1582.55 5870.79 nan nan 44.1887 nan nan nan 411.332 nan nan nan 1.12555 nan
1 90 0.20573 0.501621 10095.8 0.174373 0.20573 0.384314 0.235583 0.242144 0.501621 0.924134 0.502653 9704.69 10095.8 1582.55 5870.79 nan 89.5868 nan nan nan -2300.67 nan nan nan 0.881593 nan nan
2 40 0.376969 1.02261 1576.97 0.17104 0.22091 0.376969 0.231081 0.242144 0.501621 1.02261 0.502653 9704.69 10095.8 1576.97 5870.79 nan nan 39.0759 nan nan nan -55.6237 nan nan nan 0.982269 nan
3 55 0.222393 0.573958 5579.97 0.16461 0.212604 0.400393 0.222393 0.242144 0.501621 1.02261 0.573958 9704.69 10095.8 1576.97 5579.97 nan nan nan 54.4973 nan nan nan -2900.83 nan nan nan 0.711258
2 25 0.39359 1.08314 1476.51 0.161813 0.208992 0.39359 0.235605 0.242144 0.501621 1.08314 0.573958 9704.69 10095.8 1476.51 5579.97 nan nan 23.9774 nan nan nan -1002.06 nan nan nan 0.603796 nan
2 -15 0.4087 1.04118 1354.42 0.157781 0.203784 0.4087 0.229735 0.242144 0.501621 1.04118 0.573958 9704.69 10095.8 1354.42 5579.97 nan nan -16.0831 nan nan nan -1217.84 nan nan nan -0.418555 nan
3 40 0.23338 0.626872 5176.4 0.160285 0.207018 0.399317 0.23338 0.242144 0.501621 1.04118 0.626872 9704.69 10095.8 1354.42 5176.4 nan nan nan 39.426 nan nan nan -4025.56 nan nan nan 0.527797
2 70 0.39383 1.22903 1695.37 0.158082 0.204173 0.39383 0.243915 0.242144 0.501621 1.22903 0.626872 9704.69 10095.8 1695.37 5176.4 nan nan 68.9588 nan nan nan 3400.9 nan nan nan 1.87376 nan
0 -190 0.146703 0.0485408 12360.1 0.146703 0.189476 0.437466 0.226356 0.0485408 0.501621 1.22903 0.626872 12360.1 10095.8 1695.37 5176.4 -190.242 nan nan nan 26487.4 nan nan nan -1.93115 nan nan nan
1 100 0.195056 0.600897 10076.2 0.12157 0.195056 0.450351 0.233023 0.0485408 0.600897 1.22903 0.626872 12360.1 10076.2 1695.37 5176.4 nan 99.4984 nan nan nan -195.882 nan nan nan 0.990251 nan nan
2 -10 0.441349 1.20169 1538.04 0.119139 0.211147 0.441349 0.228365 0.0485408 0.600897 1.20169 0.626872 12360.1 10076.2 1538.04 5176.4 nan nan -11.229 nan nan nan -1569.28 nan nan nan -0.272716 nan
3 60 0.230754 0.709604 5010.86 0.120386 0.213355 0.435506 0.230754 0.0485408 0.600897 1.20169 0.709604 12360.1 10076.2 1538.04 5010.86 nan nan nan 59.3731 nan nan nan -1651.23 nan nan nan 0.825232
2 60 0.426782 1.352 1730.45 0.117974 0.209082 0.426782 0.246162 0.0485408 0.600897 1.352 0.709604 12360.1 10076.2 1730.45 5010.86 nan nan 58.7983 nan nan nan 1919.2 nan nan nan 1.49927 nan
3 40 0.230694 0.765249 4663.27 0.110561 0.195944 0.4628 0.230694 0.0485408 0.600897 1.352 0.765249 12360.1 10076.2 1730.45 4663.27 nan nan nan 39.2904 nan nan nan -3467.12 nan nan nan 0.555048
0 100 0.109 0.138672 12122.5 0.109 0.193176 0.456263 0.24156 0.138672 0.600897 1.352 0.765249 12122.5 10076.2 1730.45 4663.27 99.9515 nan nan nan -2369.84 nan nan nan 0.899037 nan nan nan
2 40 0.451515 1.44514 1706.71 0.118273 0.191166 0.451515 0.239046 0.138672 0.600897 1.44514 0.765249 12122.5 10076.2 1706.71 4663.27 nan nan 38.648 nan nan nan -236.782 nan nan nan 0.929068 nan
3 45 0.228898 0.830189 4391.93 0.113251 0.18305 0.474801 0.228898 0.138672 0.600897 1.44514 0.830189 12122.5 10076.2 1706.71 4391.93 nan nan nan 44.2348 nan nan nan -2706.55 nan nan nan 0.647767
2 55 0.467201 1.5751 1823.15 0.111439 0.18012 0.467201 0.241241 0.138672 0.600897 1.5751 0.830189 12122.5 10076.2 1823.15 4391.93 nan nan 53.5549 nan nan nan 1161.41 nan nan nan 1.29634 nan
2 30 0.499005 1.64184 1721.37 0.104786 0.169368 0.499005 0.226841 0.138672 0.600897 1.64184 0.830189 12122.5 10076.2 1721.37 4391.93 nan nan 28.4249 nan nan nan -1015.17 nan nan nan 0.665715 nan
3 55 0.219036 0.912135 4245.8 0.101181 0.163541 0.516242 0.219036 0.138672 0.600897 1.64184 0.912135 12122.5 10076.2 1721.37 4245.8 nan nan nan 54.1698 nan nan nan -1457.56 nan nan nan 0.817391
3 65 0.233743 1.01074 4231.91 0.099276 0.160461 0.50652 0.233743 0.138672 0.600897 1.64184 1.01074 12122.5 10076.2 1721.37 4231.91 nan nan nan 64.0879 nan nan nan -138.547 nan nan nan 0.983549
2 15 0.494516 1.67412 1566.69 0.0969233 0.156659 0.494516 0.251902 0.138672 0.600897 1.67412 1.01074 12122.5 10076.2 1566.69 4231.91 nan nan 13.3582 nan nan nan -1542.93 nan nan nan 0.321965 nan
3 70 0.247442 1.11706 4284.81 0.0952075 0.153885 0.503465 0.247442 0.138672 0.600897 1.67412 1.11706 12122.5 10076.2 1566.69 4284.81 nan nan nan 68.9893 nan nan nan 527.606 nan nan nan 1.06051
2 10 0.489966 1.69521 1416.57 0.0926547 0.149759 0.489966 0.26762 0.138672 0.600897 1.69521 1.11706 12122.5 10076.2 1416.57 4284.81 nan nan 8.32588 nan nan nan -1497.37 nan nan nan 0.210348 nan
2 55 0.496132 1.83719 1559.42 0.0915344 0.147948 0.496132 0.264385 0.138672 0.600897 1.83719 1.11706 12122.5 10076.2 1559.42 4284.81 nan nan 53.3048 nan nan nan 1424.83 nan nan nan 1.41627 nan
2 40 0.530736 1.93408 1549.09 0.0852482 0.137788 0.530736 0.246228 0.138672 0.600897 1.93408 1.11706 12122.5 10076.2 1549.09 4284.81 nan nan 38.1628 nan nan nan -103.017 nan nan nan 0.966405 nan
3 50 0.233583 1.19192 4094.8 0.0808703 0.130712 0.554835 0.233583 0.138672 0.600897 1.93408 1.19192 12122.5 10076.2 1549.09 4094.8 nan nan nan 48.8829 nan nan nan -1895.26 nan nan nan 0.746778
3 -205 0.247756 0.868888 7946.55 0.0793748 0.128295 0.544575 0.247756 0.138672 0.600897 1.93408 0.868888 12122.5 10076.2 1549.09 7946.55 nan nan nan -206.192 nan nan nan 38420.3 nan nan nan -3.22222
2 -35 0.589699 1.84 1530.55 0.0859519 0.138925 0.589699 0.185424 0.138672 0.600897 1.84 0.868888 12122.5 10076.2 1530.55 7946.55 nan nan -36.9341 nan nan nan -184.963 nan nan nan -0.938402 nan
3 60 0.195742 0.935388 7500.42 0.0907349 0.146656 0.566867 0.195742 0.138672 0.600897 1.84 0.935388 12122.5 10076.2 1530.55 7500.42 nan nan nan 59.1311 nan nan nan -4450.06 nan nan nan 0.663326
0 -120 0.0894433 0.0292806 12354.2 0.0894433 0.144568 0.558798 0.207191 0.0292806 0.600897 1.84 0.935388 12354.2 10076.2 1530.55 7500.42 -120.139 nan nan nan 2310.75 nan nan nan -1.09115 nan nan nan
1 90 0.145944 0.690182 9867.25 0.0807817 0.145944 0.564113 0.209162 0.0292806 0.690182 1.84 0.935388 12354.2 9867.25 1530.55 7500.42 nan 89.3991 nan nan nan -2083.97 nan nan nan 0.890606 nan nan
2 30 0.556359 1.91216 1456.6 0.0796712 0.157684 0.556359 0.206286 0.0292806 0.690182 1.91216 0.935388 12354.2 9867.25 1456.6 7500.42 nan nan 28.16 nan nan nan -737.56 nan nan nan 0.719796 nan
3 55 0.197841 0.997973 7041.52 0.0764095 0.151228 0.574521 0.197841 0.0292806 0.690182 1.91216 0.997973 12354.2 9867.25 1456.6 7041.52 nan nan nan 54.0646 nan nan nan -4577.44 nan nan nan 0.624267
2 40 0.566687 2.01221 1456.01 0.0753675 0.149166 0.566687 0.20878 0.0292806 0.690182 2.01221 0.997973 12354.2 9867.25 1456.01 7041.52 nan nan 38.0878 nan nan nan -5.91968 nan nan nan 0.997966 nan
3 65 0.197029 1.07444 6746.25 0.0711257 0.140771 0.591075 0.197029 0.0292806 0.690182 2.01221 1.07444 12354.2 9867.25 1456.01 6746.25 nan nan nan 64.002 nan nan nan -2945.26 nan nan nan 0.762712
2 75 0.581563 2.20397 1844.11 0.0699811 0.138506 0.581563 0.20995 0.0292806 0.690182 2.20397 1.07444 12354.2 9867.25 1844.11 6746.25 nan nan 72.9878 nan nan nan 3871.21 nan nan nan 1.91279 nan
3 80 0.188002 1.17077 6694.42 0.0626653 0.124026 0.625307 0.188002 0.0292806 0.690182 2.20397 1.17077 12354.2 9867.25 1844.11 6694.42 nan nan nan 78.9256 nan nan nan -517.002 nan nan nan 0.960919
2 30 0.613567 2.26886 1736.69 0.0614888 0.121698 0.613567 0.203246 0.0292806 0.690182 2.26886 1.17077 12354.2 9867.25 1736.69 6694.42 nan nan 27.796 nan nan nan -1071.49 nan nan nan 0.647276 nan
2 35 0.629381 2.3476 1669.99 0.0589725 0.116717 0.629381 0.194929 0.0292806 0.690182 2.3476 1.17077 12354.2 9867.25 1669.99 6694.42 nan nan 32.7311 nan nan nan -665.363 nan nan nan 0.785416 nan
3 40 0.185192 1.21835 6174.43 0.0560268 0.110887 0.647894 0.185192 0.0292806 0.690182 2.3476 1.21835 12354.2 9867.25 1669.99 6174.43 nan nan nan 38.8292 nan nan nan -5186.71 nan nan nan 0.474572
2 45 0.64136 2.45224 1684.95 0.0554618 0.109769 0.64136 0.19341 0.0292806 0.690182 2.45224 1.21835 12354.2 9867.25 1684.95 6174.43 nan nan 42.6524 nan nan nan 149.242 nan nan nan 1.04373 nan
2 65 0.664981 2.605 1908.24 0.0518089 0.102539 0.664981 0.180671 0.0292806 0.690182 2.605 1.21835 12354.2 9867.25 1908.24 6174.43 nan nan 62.5478 nan nan nan 2227.28 nan nan nan 1.52377 nan
3 80 0.163356 1.31886 6177.65 0.0468435 0.0927119 0.697089 0.163356 0.0292806 0.690182 2.605 1.31886 12354.2 9867.25 1908.24 6177.65 nan nan nan 78.7817 nan nan nan 32.116 nan nan nan 1.0026
2 -20 0.685257 2.55313 1768.16 0.0460484 0.0911383 0.685257 0.177556 0.0292806 0.690182 2.55313 1.31886 12354.2 9867.25 1768.16 6177.65 nan nan -22.605 nan nan nan -1397.25 nan nan nan -0.517474 nan
2 50 0.674624 2.66625 1816.59 0.0476042 0.0942174 0.674624 0.183555 0.0292806 0.690182 2.66625 1.31886 12354.2 9867.25 1816.59 6177.65 nan nan 47.4469 nan nan nan 483.047 nan nan nan 1.12836 nan
3 40 0.169958 1.3682 5708.33 0.0440779 0.0872382 0.698726 0.169958 0.0292806 0.690182 2.66625 1.3682 12354.2 9867.25 1816.59 5708.33 nan nan nan 38.6811 nan nan nan -4681.42 nan nan nan 0.492139
2 -5 0.692082 2.64821 1640.36 0.0436587 0.0864086 0.692082 0.177851 0.0292806 0.690182 2.64821 1.3682 12354.2 9867.25 1640.36 5708.33 nan nan -7.66625 nan nan nan -1757.81 nan nan nan -0.179868 nan
2 10 0.689064 2.66641 1481.33 0.0440866 0.0872555 0.689064 0.179594 0.0292806 0.690182 2.66641 1.3682 12354.2 9867.25 1481.33 5708.33 nan nan 7.35179 nan nan nan -1586.31 nan nan nan 0.181519 nan
2 45 0.693738 2.77668 1512.49 0.0434238 0.0859437 0.693738 0.176894 0.0292806 0.690182 2.77668 1.3682 12354.2 9867.25 1512.49 5708.33 nan nan 42.3336 nan nan nan 310.805 nan nan nan 1.09992 nan
3 65 0.163745 1.45263 5541.97 0.040196 0.0795553 0.716503 0.163745 0.0292806 0.690182 2.77668 1.45263 12354.2 9867.25 1512.49 5541.97 nan nan nan 63.6318 nan nan nan -1659.32 nan nan nan 0.842209
2 80 0.70606 2.97575 1958.71 0.0396102 0.0783958 0.70606 0.175934 0.0292806 0.690182 2.97575 1.45263 12354.2 9867.25 1958.71 5541.97 nan nan 77.2233 nan nan nan 4450.95 nan nan nan 1.98565 nan
2 35 0.74374 3.04829 1865.16 0.0345326 0.0683463 0.74374 0.153381 0.0292806 0.690182 3.04829 1.45263 12354.2 9867.25 1865.16 5541.97 nan nan 32.0243 nan nan nan -933.156 nan nan nan 0.723593 nan
2 40 0.757682 3.13407 1815.06 0.0326538 0.0646278 0.757682 0.145036 0.0292806 0.690182 3.13407 1.45263 12354.2 9867.25 1815.06 5541.97 nan nan 36.9517 nan nan nan -499.728 nan nan nan 0.855612 nan
3 -245 0.135706 1.12074 11075.6 0.0305532 0.0604705 0.77327 0.135706 0.0292806 0.690182 3.13407 1.12074 12354.2 9867.25 1815.06 11075.6 nan nan nan -246.453 nan nan nan 55196.9 nan nan nan -3.31056
2 50 0.808609 3.24435 1853.29 0.0319495 0.063234 0.808609 0.0962079 0.0292806 0.690182 3.24435 1.12074 12354.2 9867.25 1853.29 11075.6 nan nan 46.8659 nan nan nan 381.358 nan nan nan 1.10005 nan
2 45 0.824979 3.34159 1842.29 0.0292167 0.0578252 0.824979 0.0879787 0.0292806 0.690182 3.34159 1.12074 12354.2 9867.25 1842.29 11075.6 nan nan 41.7556 nan nan nan -109.756 nan nan nan 0.969937 nan
2 -15 0.838611 3.29875 1691.32 0.0269411 0.0533214 0.838611 0.0811264 0.0292806 0.690182 3.29875 1.12074 12354.2 9867.25 1691.32 11075.6 nan nan -18.3416 nan nan nan -1505.87 nan nan nan -0.427325 nan
2 55 0.833189 3.42478 1789.74 0.0278462 0.0551128 0.833189 0.0838518 0.0292806 0.690182 3.42478 1.12074 12354.2 9867.25 1789.74 11075.6 nan nan 51.7012 nan nan nan 981.701 nan nan nan 1.25715 nan
2 0 0.849701 3.41667 1611.49 0.0250898 0.0496574 0.849701 0.0755516 0.0292806 0.690182 3.41667 1.12074 12354.2 9867.25 1611.49 11075.6 nan nan -3.42478 nan nan nan -1778.01 nan nan nan -0.0809541 nan
2 15 0.849173 3.4456 1463.38 0.025178 0.0498319 0.849173 0.0758171 0.0292806 0.690182 3.4456 1.12074 12354.2 9867.25 1463.38 11075.6 nan nan 11.5833 nan nan nan -1477.31 nan nan nan 0.288549 nan
2 50 0.853277 3.5676 1533.95 0.0244929 0.0484759 0.853277 0.073754 0.0292806 0.690182 3.5676 1.12074 12354.2 9867.25 1533.95 11075.6 nan nan 46.5544 nan nan nan 703.931 nan nan nan 1.21698 nan
2 60 0.86771 3.71205 1699.44 0.0220835 0.0437073 0.86771 0.0664988 0.0292806 0.690182 3.71205 1.12074 12354.2 9867.25 1699.44 11075.6 nan nan 56.4324 nan nan nan 1650.66 nan nan nan 1.44086 nan
3 60 0.0587939 1.17683 10312.8 0.0195248 0.0386431 0.883038 0.0587939 0.0292806 0.690182 3.71205 1.17683 12354.2 9867.25 1699.44 10312.8 nan nan nan 58.8793 nan nan nan -7608.86 nan nan nan 0.559472
2 40 0.879681 3.8003 1661.08 0.0194506 0.0384962 0.879681 0.0623721 0.0292806 0.690182 3.8003 1.17683 12354.2 9867.25 1661.08 10312.8 nan nan 36.2879 nan nan nan -382.621 nan nan nan 0.880258 nan
2 45 0.888798 3.90164 1664.72 0.0179767 0.0355792 0.888798 0.0576459 0.0292806 0.690182 3.90164 1.17683 12354.2 9867.25 1664.72 10312.8 nan nan 41.1997 nan nan nan 36.3379 nan nan nan 1.01088 nan
3 65 0.0526583 1.23984 9687.3 0.0164213 0.0325008 0.89842 0.0526583 0.0292806 0.690182 3.90164 1.23984 12354.2 9867.25 1664.72 9687.3 nan nan nan 63.8232 nan nan nan -6239.42 nan nan nan 0.628477
2 55 0.895064 4.0272 1759.59 0.01636 0.0323794 0.895064 0.0561966 0.0292806 0.690182 4.0272 1.23984 12354.2 9867.25 1759.59 9687.3 nan nan 51.0984 nan nan nan 946.322 nan nan nan 1.25238 nan
0 100 0.25 0.100253 10000 0.25 0.25 0.25 0.25 0.100253 0 0 0 10000 1 1 1 100 nan nan nan 0 nan nan nan 1 nan nan nan
1 250 0.255035 0.100253 62500 0.234895 0.255035 0.255035 0.255035 0.100253 0.100253 0 0 10000 62500 1 1 nan 250 nan nan nan 0 nan nan nan 1 nan nan
2 250 0.276277 0.100253 62500 0.254461 0.192985 0.276277 0.276277 0.100253 0.100253 0.100253 0 10000 62500 62500 1 nan nan 250 nan nan nan 0 nan nan nan 1 nan
3 100 0.30138 0.100253 10000 0.277581 0.21052 0.21052 0.30138 0.100253 0.100253 0.100253 0.100253 10000 62500 62500 10000 nan nan nan 100 nan nan nan 0 nan nan nan 1
0 -130 0.284348 -0.0301764 10694.4 0.284348 0.215652 0.215652 0.284348 -0.0301764 0.100253 0.100253 0.100253 10694.4 62500 62500 10000 -130.1 nan nan nan 6926.08 nan nan nan -1.301 nan nan nan
1 220 0.223783 0.188435 61082 0.257364 0.223783 0.223783 0.29507 -0.0301764 0.188435 0.100253 0.100253 10694.4 61082 62500 10000 nan 219.9 nan nan nan -14144.1 nan nan nan 0.879599 nan nan
2 220 0.218983 0.188435 61082 0.251844 0.240432 0.218983 0.288741 -0.0301764 0.188435 0.188435 0.100253 10694.4 61082 61082 10000 nan nan 219.9 nan nan nan -14144.1 nan nan nan 0.879599 nan
3 117 0.282678 0.217449 10367.5 0.246555 0.235383 0.235383 0.282678 -0.0301764 0.188435 0.188435 0.217449 10694.4 61082 61082 10367.5 nan nan nan 116.9 nan nan nan 3665.55 nan nan nan 1.169
0 265 0.238429 0.226754 16664.1 0.238429 0.227625 0.227625 0.306321 0.226754 0.188435 0.188435 0.217449 16664.1 61082 61082 10367.5 265.03 nan nan nan 59546.6 nan nan nan 2.56282 nan nan nan
1 80 0.215637 0.22081 55597 0.27854 0.215637 0.215637 0.290187 0.226754 0.22081 0.188435 0.217449 16664.1 55597 61082 10367.5 nan 79.8116 nan nan nan -54712.1 nan nan nan 0.322931 nan nan
2 265 0.21312 0.295854 61988.6 0.275289 0.22479 0.21312 0.286801 0.226754 0.22081 0.295854 0.217449 16664.1 55597 61988.6 10367.5 nan nan 264.812 nan nan nan 9043.15 nan nan nan 1.07147 nan
3 30 0.280251 0.246772 9417.04 0.269002 0.219657 0.231089 0.280251 0.226754 0.22081 0.295854 0.246772 16664.1 55597 61988.6 9417.04 nan nan nan 29.7826 nan nan nan -9480.48 nan nan nan 0.2925
0 -145 0.266104 0.113968 17107.9 0.266104 0.21729 0.228599 0.288008 0.113968 0.22081 0.295854 0.246772 17107.9 55597 61988.6 9417.04 -145.227 nan nan nan 4426.72 nan nan nan -1.12501 nan nan nan
1 280 0.223809 0.339766 57870.6 0.244084 0.223809 0.235458 0.296649 0.113968 0.339766 0.295854 0.246772 17107.9 57870.6 61988.6 9417.04 nan 279.779 nan nan nan 22679.4 nan nan nan 1.18656 nan nan
2 108 0.229477 0.339222 56937 0.237884 0.243526 0.229477 0.289113 0.113968 0.339766 0.339222 0.246772 17107.9 57870.6 56937 9417.04 nan nan 107.704 nan nan nan -50388.4 nan nan nan 0.43259 nan
3 280 0.284899 0.535784 16318.9 0.234417 0.239976 0.240708 0.284899 0.113968 0.339766 0.339222 0.535784 17107.9 57870.6 56937 16318.9 nan nan nan 279.753 nan nan nan 68844.8 nan nan nan 2.88282
1 110 0.223329 0.385467 53274.5 0.218156 0.223329 0.224011 0.334504 0.113968 0.385467 0.339222 0.535784 17107.9 53274.5 56937 16318.9 nan 109.66 nan nan nan -45845.3 nan nan nan 0.455848 nan nan
2 108 0.220769 0.384455 52390.9 0.214999 0.234568 0.220769 0.329664 0.113968 0.385467 0.384455 0.535784 17107.9 53274.5 52390.9 16318.9 nan nan 107.661 nan nan nan -45346.2 nan nan nan 0.451191 nan
3 -15 0.324986 0.523592 14707.1 0.211948 0.23124 0.231826 0.324986 0.113968 0.385467 0.384455 0.523592 17107.9 53274.5 52390.9 14707.1 nan nan nan -15.5358 nan nan nan -16077.6 nan nan nan -0.121615
1 -775 0.231259 0.0486796 108208 0.211966 0.231259 0.231846 0.324929 0.113968 0.0486796 0.384455 0.523592 17107.9 108208 52390.9 14707.1 nan -775.385 nan nan nan 547948 nan nan nan -3.35937 nan nan
1 80 0.15201 0.0730461 98000.6 0.233817 0.15201 0.255746 0.358426 0.113968 0.0730461 0.384455 0.523592 17107.9 98000.6 52390.9 14707.1 nan 79.9513 nan nan nan -101816 nan nan nan 0.24305 nan nan
2 -673 0.25362 0.0895161 92598 0.231874 0.159059 0.25362 0.355447 0.113968 0.0730461 0.0895161 0.523592 17107.9 98000.6 92598 14707.1 nan nan -673.384 nan nan nan 401056 nan nan nan -2.94195 nan
3 90 0.390296 0.59756 14035.3 0.254608 0.174654 0.180442 0.390296 0.113968 0.0730461 0.0895161 0.59756 17107.9 98000.6 92598 14035.3 nan nan nan 89.4764 nan nan nan -6701.08 nan nan nan 0.737811
3 -520 0.409282 0.157016 39799 0.246679 0.169215 0.174823 0.409282 0.113968 0.0730461 0.0895161 0.157016 17107.9 98000.6 92598 39799 nan nan nan -520.598 nan nan nan 256987 nan nan nan -4.39431
0 235 0.301707 0.294003 20923.9 0.301707 0.206963 0.213822 0.277509 0.294003 0.0730461 0.0895161 0.157016 20923.9 98000.6 92598 39799 234.886 nan nan nan 38063.6 nan nan nan 1.7958 nan nan nan
1 280 0.197031 0.162691 96031.5 0.335216 0.197031 0.203561 0.264192 0.294003 0.162691 0.0895161 0.157016 20923.9 96031.5 92598 39799 nan 279.927 nan nan nan -19641.5 nan nan nan 0.894191 nan nan
2 235 0.199621 0.166909 88847 0.328727 0.212574 0.199621 0.259078 0.294003 0.162691 0.166909 0.157016 20923.9 96031.5 88847 39799 nan nan 234.91 nan nan nan -37415 nan nan nan 0.771972 nan
1 -1060 0.208702 -0.180284 199083 0.322739 0.208702 0.2142 0.254359 0.294003 -0.180284 0.166909 0.157016 20923.9 199083 88847 39799 nan -1060.16 nan nan nan 1.02791e+06 nan nan nan -3.4211 nan nan
0 100 0.356029 0.363106 19822.8 0.356029 0.127081 0.236294 0.280596 0.363106 -0.180284 0.166909 0.157016 19822.8 199083 88847 39799 99.706 nan nan nan -10982.6 nan nan nan 0.689287 nan nan nan
2 90 0.229814 0.197123 80748.9 0.373688 0.123596 0.229814 0.272901 0.363106 -0.180284 0.197123 0.157016 19822.8 199083 80748.9 39799 nan nan 89.8331 nan nan nan -80777 nan nan nan 0.30138 nan
0 -15 0.368819 0.352167 17859.2 0.368819 0.121986 0.23985 0.269345 0.352167 -0.180284 0.197123 0.157016 17859.2 199083 80748.9 39799 -15.3631 nan nan nan -19586.8 nan nan nan -0.109118 nan nan nan
2 117 0.23965 0.238331 74021.3 0.369344 0.121885 0.23965 0.269121 0.352167 -0.180284 0.238331 0.157016 17859.2 199083 74021.3 39799 nan nan 116.803 nan nan nan -67105.9 nan nan nan 0.411041 nan
0 120 0.36363 0.441925 17503.9 0.36363 0.119999 0.251413 0.264958 0.441925 -0.180284 0.238331 0.157016 17503.9 199083 74021.3 39799 119.648 nan nan nan -3543.59 nan nan nan 0.895311 nan nan nan
2 -470 0.242881 0.0650556 88768.8 0.385226 0.115927 0.242881 0.255966 0.441925 -0.180284 0.0650556 0.157016 17503.9 199083 88768.8 39799 nan nan -470.238 nan nan nan 147103 nan nan nan -1.72838 nan
0 -190 0.404715 0.297616 19385.1 0.404715 0.121791 0.204578 0.268916 0.297616 -0.180284 0.0650556 0.157016 19385.1 199083 88768.8 39799 -190.442 nan nan nan 18764.2 nan nan nan -1.43944 nan nan nan
2 265 0.217366 0.154203 86906.3 0.367504 0.129404 0.217366 0.285725 0.297616 -0.180284 0.154203 0.157016 19385.1 199083 86906.3 39799 nan nan 264.935 nan nan nan -18578.3 nan nan nan 0.88922 nan
2 250 0.233949 0.239168 84451.7 0.359717 0.126662 0.233949 0.279671 0.297616 -0.180284 0.239168 0.157016 19385.1 199083 84451.7 39799 nan nan 249.846 nan nan nan -24483.3 nan nan nan 0.847513 nan
0 -90 0.351725 0.232597 18259.1 0.351725 0.123848 0.25097 0.273457 0.232597 -0.180284 0.239168 0.157016 18259.1 199083 84451.7 39799 -90.2976 nan nan nan -11231.4 nan nan nan -0.648548 nan nan nan
2 285 0.255997 0.337405 84114.6 0.338739 0.126329 0.255997 0.278935 0.232597 -0.180284 0.337405 0.157016 18259.1 199083 84114.6 39799 nan nan 284.761 nan nan nan -3363 nan nan nan 0.979887 nan
3 280 0.271674 0.297646 43660 0.329921 0.12304 0.275365 0.271674 0.232597 -0.180284 0.337405 0.297646 18259.1 199083 84114.6 43660 nan nan nan 279.843 nan nan nan 38513.1 nan nan nan 1.40274
0 265 0.318574 0.429033 23456.5 0.318574 0.118809 0.265894 0.296724 0.429033 -0.180284 0.337405 0.297646 23456.5 199083 84114.6 43660 264.767 nan nan nan 51842.7 nan nan nan 1.95941 nan nan nan
2 90 0.25168 0.368399 76487.8 0.354999 0.112458 0.25168 0.280863 0.429033 -0.180284 0.368399 0.297646 23456.5 199083 76487.8 43660 nan nan 89.6626 nan nan nan -76075.2 nan nan nan 0.309155 nan
0 -130 0.349944 0.343657 22810.4 0.349944 0.110856 0.262336 0.276864 0.343657 -0.180284 0.368399 0.297646 22810.4 199083 76487.8 43660 -130.429 nan nan nan -6444.77 nan nan nan -0.851614 nan nan nan
2 -606 0.26972 0.148593 105681 0.331647 0.113977 0.26972 0.284656 0.343657 -0.180284 0.148593 0.297646 22810.4 199083 105681 43660 nan nan -606.368 nan nan nan 291195 nan nan nan -2.1925 nan
0 285 0.357281 0.532609 28647 0.357281 0.122786 0.213274 0.306659 0.532609 -0.180284 0.148593 0.297646 28647 199083 105681 43660 284.656 nan nan nan 58218.8 nan nan nan 1.88475 nan nan nan
3 -250 0.289287 0.177554 45563.7 0.39369 0.115831 0.201193 0.289287 0.532609 -0.180284 0.148593 0.177554 28647 199083 105681 45563.7 nan nan nan -250.298 nan nan nan 18988.9 nan nan nan -1.19788
0 -50 0.407909 0.502677 26031.1 0.407909 0.120014 0.208459 0.263618 0.502677 -0.180284 0.148593 0.177554 26031.1 199083 105681 45563.7 -50.5326 nan nan nan -26093.5 nan nan nan -0.29856 nan nan nan
2 84 0.209762 0.174452 95791 0.404208 0.120764 0.209762 0.265265 0.502677 -0.180284 0.174452 0.177554 26031.1 199083 95791 45563.7 nan nan 83.8514 nan nan nan -98649.9 nan nan nan 0.257936 nan
0 -50 0.399507 0.471296 23677.1 0.399507 0.119359 0.218954 0.26218 0.471296 -0.180284 0.174452 0.177554 23677.1 199083 95791 45563.7 -50.5027 nan nan nan -23480.5 nan nan nan -0.313017 nan nan nan
2 99 0.220492 0.206464 87166.8 0.395289 0.120198 0.220492 0.264021 0.471296 -0.180284 0.206464 0.177554 23677.1 199083 87166.8 45563.7 nan nan 98.8255 nan nan nan -86024.5 nan nan nan 0.319306 nan
3 -362 0.260572 0.00745224 54146.3 0.390124 0.118627 0.230676 0.260572 0.471296 -0.180284 0.206464 0.00745224 23677.1 199083 87166.8 54146.3 nan nan nan -362.178 nan nan nan 85608.9 nan nan nan -1.69673
0 70 0.409975 0.516596 21788 0.409975 0.124663 0.242413 0.222949 0.516596 -0.180284 0.206464 0.00745224 21788 199083 87166.8 54146.3 69.5287 nan nan nan -18842.8 nan nan nan 0.451856 nan nan nan
2 117 0.236736 0.246123 79795.6 0.423794 0.121744 0.236736 0.217727 0.516596 -0.180284 0.246123 0.00745224 21788 199083 79795.6 54146.3 nan nan 116.794 nan nan nan -73526.1 nan nan nan 0.395588 nan
0 100 0.41735 0.584164 20595.9 0.41735 0.119892 0.248341 0.214416 0.584164 -0.180284 0.246123 0.00745224 20595.9 199083 79795.6 54146.3 99.4834 nan nan nan -11891.1 nan nan nan 0.673972 nan nan nan
2 134 0.240511 0.293592 73589.4 0.435721 0.116112 0.240511 0.207656 0.584164 -0.180284 0.293592 0.00745224 20595.9 199083 73589.4 54146.3 nan nan 133.754 nan nan nan -61905.5 nan nan nan 0.473497 nan
0 -135 0.428456 0.48945 20374.1 0.428456 0.114176 0.253175 0.204193 0.48945 -0.180284 0.293592 0.00745224 20374.1 199083 73589.4 54146.3 -135.584 nan nan nan -2212.83 nan nan nan -0.944754 nan nan nan
2 -448 0.26322 0.127919 86359.4 0.40578 0.118706 0.26322 0.212294 0.48945 -0.180284 0.127919 0.00745224 20374.1 199083 86359.4 54146.3 nan nan -448.294 nan nan nan 127378 nan nan nan -1.65255 nan
0 -140 0.426817 0.390776 20310.2 0.426817 0.12486 0.225023 0.2233 0.390776 -0.180284 0.127919 0.00745224 20310.2 199083 86359.4 54146.3 -140.489 nan nan nan -636.771 nan nan nan -0.984249 nan nan nan
2 117 0.234386 0.167789 79071 0.402968 0.130055 0.234386 0.232591 0.390776 -0.180284 0.167789 0.00745224 20310.2 199083 79071 54146.3 nan nan 116.872 nan nan nan -72700.3 nan nan nan 0.3977 nan
0 55 0.396896 0.429191 18573 0.396896 0.128095 0.245923 0.229086 0.429191 -0.180284 0.167789 0.00745224 18573 199083 79071 54146.3 54.6092 nan nan nan -17328.1 nan nan nan 0.383185 nan nan nan
0 -175 0.4089 0.300141 19796.4 0.4089 0.125546 0.241028 0.224526 0.300141 -0.180284 0.167789 0.00745224 19796.4 199083 79071 54146.3 -175.429 nan nan nan 12202.4 nan nan nan -1.28724 nan nan nan
2 125 0.254362 0.212295 72706.1 0.3762 0.132491 0.254362 0.236947 0.300141 -0.180284 0.212295 0.00745224 19796.4 199083 72706.1 54146.3 nan nan 124.832 nan nan nan -63487.9 nan nan nan 0.443934 nan
0 0 0.369802 0.299927 17811.7 0.369802 0.130237 0.267043 0.232917 0.299927 -0.180284 0.212295 0.00745224 17811.7 199083 72706.1 54146.3 -0.300141 nan nan nan -19796.3 nan nan nan -0.00213321 nan nan nan
2 210 0.265744 0.290295 69829.3 0.372868 0.129604 0.265744 0.231784 0.299927 -0.180284 0.290295 0.00745224 17811.7 199083 69829.3 54146.3 nan nan 209.788 nan nan nan -28695.2 nan nan nan 0.778027 nan
0 110 0.363977 0.382332 17232.5 0.363977 0.126514 0.283252 0.226258 0.382332 -0.180284 0.290295 0.00745224 17232.5 199083 69829.3 54146.3 109.7 nan nan nan -5777.61 nan nan nan 0.821966 nan nan nan
2 152 0.27424 0.347851 65136.1 0.384213 0.122488 0.27424 0.219059 0.382332 -0.180284 0.347851 0.00745224 17232.5 199083 65136.1 54146.3 nan nan 151.71 nan nan nan -46813.5 nan nan nan 0.574109 nan
0 95 0.376264 0.454591 16402.4 0.376264 0.119954 0.289255 0.214527 0.454591 -0.180284 0.347851 0.00745224 16402.4 199083 65136.1 54146.3 94.6177 nan nan nan -8279.99 nan nan nan 0.720772 nan nan nan
2 -553 0.28067 0.130488 89302.9 0.394777 0.116394 0.28067 0.20816 0.454591 -0.180284 0.130488 0.00745224 16402.4 199083 89302.9 54146.3 nan nan -553.348 nan nan nan 241058 nan nan nan -2.16814 nan
0 75 0.425535 0.512945 15315.1 0.425535 0.125463 0.224625 0.224378 0.512945 -0.180284 0.130488 0.00745224 15315.1 199083 89302.9 54146.3 74.5454 nan nan nan -10845.4 nan nan nan 0.582059 nan nan nan
2 300 0.218257 0.231088 89364.9 0.44182 0.121906 0.218257 0.218017 0.512945 -0.180284 0.231088 0.00745224 15315.1 199083 89364.9 54146.3 nan nan 299.87 nan nan nan 618.831 nan nan nan 1.00346 nan
0 -60 0.431864 0.463923 14146.8 0.431864 0.119159 0.235872 0.213105 0.463923 -0.180284 0.231088 0.00745224 14146.8 199083 89364.9 54146.3 -60.5129 nan nan nan -11653.3 nan nan nan -0.488977 nan nan nan
2 108 0.23995 0.26723 81570.2 0.422042 0.121219 0.23995 0.216789 0.463923 -0.180284 0.26723 0.00745224 14146.8 199083 81570.2 54146.3 nan nan 107.769 nan nan nan -77750.8 nan nan nan 0.360504 nan
0 -45 0.415796 0.425603 12935.8 0.415796 0.119425 0.251199 0.21358 0.425603 -0.180284 0.26723 0.00745224 12935.8 199083 81570.2 54146.3 -45.4639 nan nan nan -12079.9 nan nan nan -0.382241 nan nan nan
2 125 0.254192 0.311013 74952.3 0.408836 0.120848 0.254192 0.216125 0.425603 -0.180284 0.311013 0.00745224 12935.8 199083 74952.3 54146.3 nan nan 124.733 nan nan nan -66011.9 nan nan nan 0.436732 nan
0 60 0.40191 0.478115 11994.8 0.40191 0.118801 0.266826 0.212464 0.478115 -0.180284 0.311013 0.00745224 11994.8 199083 74952.3 54146.3 59.5744 nan nan nan -9386.69 nan nan nan 0.523797 nan nan nan
2 -448 0.260325 0.146847 87587.2 0.416482 0.115906 0.260325 0.207287 0.478115 -0.180284 0.146847 0.00745224 11994.8 199083 87587.2 54146.3 nan nan -448.311 nan nan nan 126030 nan nan nan -1.63752 nan
0 170 0.437602 0.633292 13673.3 0.437602 0.121784 0.222816 0.217799 0.633292 -0.180284 0.146847 0.00745224 13673.3 199083 87587.2 54146.3 169.522 nan nan nan 16742.9 nan nan nan 1.54785 nan nan nan
2 154 0.208918 0.198964 81179.4 0.47268 0.114188 0.208918 0.204214 0.633292 -0.180284 0.198964 0.00745224 13673.3 199083 81179.4 54146.3 nan nan 153.853 nan nan nan -63916.4 nan nan nan 0.51986 nan
0 60 0.465374 0.68419 12655.8 0.465374 0.112423 0.221145 0.201057 0.68419 -0.180284 0.198964 0.00745224 12655.8 199083 81179.4 54146.3 59.3667 nan nan nan -10148.9 nan nan nan 0.507699 nan nan nan
2 295 0.215055 0.302694 81753.7 0.480098 0.109327 0.215055 0.19552 0.68419 -0.180284 0.302694 0.00745224 12655.8 199083 81753.7 54146.3 nan nan 294.801 nan nan nan 5728.24 nan nan nan 1.03468 nan
0 -70 0.469275 0.6212 11887.9 0.469275 0.106862 0.232751 0.191113 0.6212 -0.180284 0.302694 0.00745224 11887.9 199083 81753.7 54146.3 -70.6842 nan nan nan -7659.57 nan nan nan -0.628314 nan nan nan
2 143 0.23892 0.352728 75599 0.455206 0.109695 0.23892 0.196179 0.6212 -0.180284 0.352728 0.00745224 11887.9 199083 75599 54146.3 nan nan 142.697 nan nan nan -61391.2 nan nan nan 0.499071 nan
0 35 0.447425 0.652811 10814.6 0.447425 0.10782 0.25193 0.192825 0.652811 -0.180284 0.352728 0.00745224 10814.6 199083 75599 54146.3 34.3788 nan nan nan -10706 nan nan nan 0.31531 nan nan nan
2 108 0.247311 0.391978 69181.7 0.457557 0.105843 0.247311 0.189289 0.652811 -0.180284 0.391978 0.00745224 10814.6 199083 69181.7 54146.3 nan nan 107.647 nan nan nan -64011.1 nan nan nan 0.391512 nan
0 -20 0.450521 0.632901 9773.18 0.450521 0.104215 0.258886 0.186378 0.632901 -0.180284 0.391978 0.00745224 9773.18 199083 69181.7 54146.3 -20.6528 nan nan nan -10388.1 nan nan nan -0.198597 nan nan nan
2 117 0.260104 0.436423 63609.2 0.447936 0.104705 0.260104 0.187255 0.632901 -0.180284 0.436423 0.00745224 9773.18 199083 63609.2 54146.3 nan nan 116.608 nan nan nan -55584.3 nan nan nan 0.443336 nan
0 -80 0.44032 0.551131 9445.2 0.44032 0.102925 0.272685 0.184071 0.551131 -0.180284 0.436423 0.00745224 9445.2 199083 63609.2 54146.3 -80.6329 nan nan nan -3271.52 nan nan nan -0.815632 nan nan nan
2 -576 0.282083 0.20729 90544.2 0.421029 0.106472 0.282083 0.190415 0.551131 -0.180284 0.20729 0.00745224 9445.2 199083 90544.2 54146.3 nan nan -576.436 nan nan nan 268670 nan nan nan -2.28555 nan
0 -10 0.456165 0.540247 8509.45 0.456165 0.115358 0.222171 0.206306 0.540247 -0.180284 0.20729 0.00745224 8509.45 199083 90544.2 54146.3 -10.5511 nan nan nan -9333.88 nan nan nan -0.108566 nan nan nan
2 325 0.222351 0.315501 92042.6 0.455725 0.115451 0.222351 0.206473 0.540247 -0.180284 0.315501 0.00745224 8509.45 199083 92042.6 54146.3 nan nan 324.793 nan nan nan 14946.1 nan nan nan 1.07938 nan
0 80 0.444921 0.626603 8289.34 0.444921 0.112714 0.240785 0.201579 0.626603 -0.180284 0.315501 0.00745224 8289.34 199083 92042.6 54146.3 79.4598 nan nan nan -2195.6 nan nan nan 0.861383 nan nan nan
2 310 0.231256 0.417836 92429.7 0.466888 0.108254 0.231256 0.193602 0.626603 -0.180284 0.417836 0.00745224 8289.34 199083 92429.7 54146.3 nan nan 309.684 nan nan nan 3861.91 nan nan nan 1.02076 nan
0 10 0.45567 0.636924 7467.12 0.45567 0.105653 0.249727 0.18895 0.636924 -0.180284 0.417836 0.00745224 7467.12 199083 92429.7 54146.3 9.3734 nan nan nan -8201.48 nan nan nan 0.102953 nan nan nan
2 143 0.247578 0.464853 85201.5 0.460353 0.104744 0.247578 0.187325 0.636924 -0.180284 0.464853 0.00745224 7467.12 199083 85201.5 54146.3 nan nan 142.582 nan nan nan -72100.1 nan nan nan 0.468985 nan
0 255 0.452308 0.932028 13204.9 0.452308 0.102913 0.260728 0.184051 0.932028 -0.180284 0.464853 0.00745224 13204.9 199083 85201.5 54146.3 254.363 nan nan nan 57233.5 nan nan nan 2.94359 nan nan nan
2 -708 0.23193 0.221525 126979 0.5128 0.0915467 0.23193 0.163723 0.932028 -0.180284 0.221525 0.00745224 13204.9 199083 126979 54146.3 nan nan -708.465 nan nan nan 416721 nan nan nan -2.42714 nan
0 50 0.551673 0.974837 12122.5 0.551673 0.0984865 0.173706 0.176134 0.974837 -0.180284 0.221525 0.00745224 12122.5 199083 126979 54146.3 49.068 nan nan nan -10797.3 nan nan nan 0.427002 nan nan nan
2 153 0.168768 0.264508 116589 0.564418 0.0956869 0.168768 0.171127 0.974837 -0.180284 0.264508 0.00745224 12122.5 199083 116589 54146.3 nan nan 152.778 nan nan nan -103638 nan nan nan 0.428742 nan
0 60 0.557551 1.02858 11256.4 0.557551 0.0945228 0.178881 0.169045 1.02858 -0.180284 0.264508 0.00745224 11256.4 199083 116589 54146.3 59.0252 nan nan nan -8638.51 nan nan nan 0.536095 nan nan nan
2 134 0.172807 0.303774 106694 0.572574 0.0913135 0.172807 0.163306 1.02858 -0.180284 0.303774 0.00745224 11256.4 199083 106694 54146.3 nan nan 133.735 nan nan nan -98703.8 nan nan nan 0.391668 nan
0 -100 0.25 -0.100253 10000 0.25 0.25 0.25 0.25 -0.100253 0 0 0 10000 1 1 1 -100 nan nan nan 0 nan nan nan -1 nan nan nan
1 -50 0.266404 -0.100253 2500 0.200788 0.266404 0.266404 0.266404 -0.100253 -0.100253 0 0 10000 2500 1 1 nan -50 nan nan nan 0 nan nan nan -1 nan nan
2 -90 0.279316 -0.100253 8100 0.21052 0.230848 0.279316 0.279316 -0.100253 -0.100253 -0.100253 0 10000 2500 8100 1 nan nan -90 nan nan nan 0 nan nan nan -1 nan
3 -50 0.298696 -0.100253 2500 0.225126 0.246864 0.229315 0.298696 -0.100253 -0.100253 -0.100253 -0.100253 10000 2500 8100 2500 nan nan nan -50 nan nan nan 0 nan nan nan -1
0 -120 0.237432 -0.220456 10438.7 0.237432 0.260359 0.24185 0.260359 -0.220456 -0.100253 -0.100253 -0.100253 10438.7 2500 8100 2500 -119.9 nan nan nan 4375.95 nan nan nan -1.199 nan nan nan
1 -60 0.267785 -0.220356 2609.07 0.215682 0.267785 0.248748 0.267785 -0.220456 -0.220356 -0.100253 -0.100253 10438.7 2609.07 8100 2500 nan -59.8997 nan nan nan 1087.98 nan nan nan -1.19799 nan nan
2 40 0.256647 -0.0555844 7449.16 0.22253 0.244534 0.256647 0.276288 -0.220456 -0.220356 -0.0555844 -0.100253 10438.7 2609.07 7449.16 2500 nan nan 40.1003 nan nan nan -6491.97 nan nan nan 0.445558 nan
3 -40 0.272593 -0.180254 2408.97 0.219554 0.241263 0.26659 0.272593 -0.220456 -0.220356 -0.0555844 -0.180254 10438.7 2609.07 7449.16 2408.97 nan nan nan -39.8997 nan nan nan -908.01 nan nan nan -0.797995
1 -40 0.24632 -0.298431 2506.15 0.224156 0.24632 0.272178 0.257345 -0.220456 -0.298431 -0.0555844 -0.180254 10438.7 2506.15 7449.16 2408.97 nan -39.7796 nan nan nan -1026.65 nan nan nan -0.778785 nan nan
3 -45 0.262081 -0.271803 2368.85 0.228282 0.232449 0.277188 0.262081 -0.220456 -0.298431 -0.0555844 -0.271803 10438.7 2506.15 7449.16 2368.85 nan nan nan -44.8197 nan nan nan -400.16 nan nan nan -0.913174
1 -30 0.23786 -0.357911 2343.34 0.233595 0.23786 0.283639 0.244906 -0.220456 -0.357911 -0.0555844 -0.271803 10438.7 2343.34 7449.16 2368.85 nan -29.7016 nan nan nan -1623.96 nan nan nan -0.593302 nan nan
3 -45 0.248144 -0.363935 2331.93 0.236684 0.227781 0.28739 0.248144 -0.220456 -0.357911 -0.0555844 -0.363935 10438.7 2343.34 7449.16 2331.93 nan nan nan -44.7282 nan nan nan -368.24 nan nan nan -0.918993
1 -5 0.232829 -0.367525 2110.57 0.24193 0.232829 0.293759 0.231481 -0.220456 -0.367525 -0.0555844 -0.363935 10438.7 2110.57 7449.16 2331.93 nan -4.64209 nan nan nan -2321.79 nan nan nan -0.0958949 nan nan
3 -55 0.231754 -0.477362 2397.42 0.242215 0.231926 0.294105 0.231754 -0.220456 -0.367525 -0.0555844 -0.477362 10438.7 2110.57 7449.16 2397.42 nan nan nan -54.6361 nan nan nan 653.165 nan nan nan -1.13141
1 -45 0.237899 -0.464923 2098.69 0.248453 0.237899 0.30168 0.211968 -0.220456 -0.464923 -0.0555844 -0.477362 10438.7 2098.69 7449.16 2397.42 nan -44.6325 nan nan nan -118.516 nan nan nan -0.971518 nan nan
3 -60 0.216742 -0.599235 2512.26 0.254049 0.220734 0.308475 0.216742 -0.220456 -0.464923 -0.0555844 -0.599235 10438.7 2098.69 7449.16 2512.26 nan nan nan -59.5226 nan nan nan 1145.53 nan nan nan -1.21566
1 -50 0.226459 -0.573324 2134.29 0.260637 0.226459 0.316475 0.196429 -0.220456 -0.573324 -0.0555844 -0.599235 10438.7 2134.29 7449.16 2512.26 nan -49.5351 nan nan nan 355.031 nan nan nan -1.08128 nan nan
3 -40 0.201138 -0.678043 2416.03 0.266885 0.207916 0.324061 0.201138 -0.220456 -0.573324 -0.0555844 -0.678043 10438.7 2134.29 7449.16 2416.03 nan nan nan -39.4008 nan nan nan -959.839 nan nan nan -0.78609
1 30 0.211063 -0.506979 2014.03 0.270924 0.211063 0.328966 0.189046 -0.220456 -0.506979 -0.0555844 -0.678043 10438.7 2014.03 7449.16 2416.03 nan 30.5733 nan nan nan -1199.56 nan nan nan 0.661784 nan nan
3 195 0.186248 -0.278937 6012.49 0.266913 0.222744 0.324095 0.186248 -0.220456 -0.506979 -0.0555844 -0.278937 10438.7 2014.03 7449.16 6012.49 nan nan nan 195.678 nan nan nan 35873.9 nan nan nan 3.98099
1 -35 0.206781 -0.584033 1931.39 0.247785 0.206781 0.300869 0.244566 -0.220456 -0.584033 -0.0555844 -0.278937 10438.7 1931.39 7449.16 6012.49 nan -34.493 nan nan nan -824.258 nan nan nan -0.768597 nan nan
3 -50 0.248292 -0.343223 5657.57 0.25156 0.194696 0.305452 0.248292 -0.220456 -0.584033 -0.0555844 -0.343223 10438.7 1931.39 7449.16 5657.57 nan nan nan -49.7211 nan nan nan -3540.31 nan nan nan -0.641229
1 35 0.197553 -0.502859 1864.71 0.255251 0.197553 0.309934 0.237263 -0.220456 -0.502859 -0.0555844 -0.343223 10438.7 1864.71 7449.16 5657.57 nan 35.584 nan nan nan -665.169 nan nan nan 0.809692 nan nan
3 -60 0.233295 -0.422736 5447.17 0.250982 0.210972 0.304751 0.233295 -0.220456 -0.502859 -0.0555844 -0.422736 10438.7 1864.71 7449.16 5447.17 nan nan nan -59.6568 nan nan nan -2098.64 nan nan nan -0.793131
1 15 0.21468 -0.466867 1701.86 0.255393 0.21468 0.310106 0.219821 -0.220456 -0.466867 -0.0555844 -0.422736 10438.7 1701.86 7449.16 5447.17 nan 15.5029 nan nan nan -1624.37 nan nan nan 0.35901 nan nan
3 -55 0.217934 -0.496871 5199.7 0.2532 0.221422 0.307444 0.217934 -0.220456 -0.466867 -0.0555844 -0.496871 10438.7 1701.86 7449.16 5199.7 nan nan nan -54.5773 nan nan nan -2468.5 nan nan nan -0.73948
0 1170 0.25704 0.927808 146680 0.25704 0.22478 0.312106 0.206074 0.927808 -0.466867 -0.0555844 -0.496871 146680 1701.86 7449.16 5199.7 1170.22 nan nan nan 1.35898e+06 nan nan nan 11.4537 nan nan nan
2 -120 0.254604 -0.194908 8144.67 0.393922 0.183367 0.254604 0.168107 0.927808 -0.466867 -0.194908 -0.496871 146680 1701.86 8144.67 5199.7 nan nan -119.944 nan nan nan 6937.5 nan nan nan -1.38972 nan
0 -90 0.408089 0.904006 132804 0.408089 0.189961 0.227797 0.174153 0.904006 -0.466867 -0.194908 -0.496871 132804 1701.86 8144.67 5199.7 -90.9278 nan nan nan -138412 nan nan nan -0.237417 nan nan nan
1 -40 0.189152 -0.562939 1687.92 0.41061 0.189152 0.226827 0.173411 0.904006 -0.562939 -0.194908 -0.496871 132804 1687.92 8144.67 5199.7 nan -39.5331 nan nan nan -138.99 nan nan nan -0.958295 nan nan
3 -65 0.176459 -0.58655 5095.53 0.417827 0.1749 0.230814 0.176459 0.904006 -0.562939 -0.194908 -0.58655 132804 1687.92 8144.67 5095.53 nan nan nan -64.5031 nan nan nan -1039.05 nan nan nan -0.894523
1 -55 0.177549 -0.695775 1815.79 0.424155 0.177549 0.23431 0.163986 0.904006 -0.695775 -0.194908 -0.58655 132804 1815.79 8144.67 5095.53 nan -54.4371 nan nan nan 1275.47 nan nan nan -1.32501 nan nan
3 -60 0.167764 -0.669992 4938.58 0.433929 0.158599 0.239709 0.167764 0.904006 -0.695775 -0.194908 -0.669992 132804 1815.79 8144.67 4938.58 nan nan nan -59.4135 nan nan nan -1565.57 nan nan nan -0.832319
0 -110 0.439695 0.873497 120723 0.439695 0.160706 0.242894 0.156705 0.873497 -0.695775 -0.194908 -0.669992 120723 1815.79 8144.67 4938.58 -110.904 nan nan nan -120504 nan nan nan -0.304328 nan nan nan
2 120 0.242811 -0.0613876 8776.48 0.439886 0.160651 0.242811 0.156651 0.873497 -0.695775 -0.0613876 -0.669992 120723 1815.79 8776.48 4938.58 nan nan 120.195 nan nan nan 6302.15 nan nan nan 1.33183 nan
0 -100 0.425862 0.844391 109640 0.425862 0.155529 0.266952 0.151657 0.844391 -0.695775 -0.0613876 -0.669992 109640 1815.79 8776.48 4938.58 -100.873 nan nan nan -110548 nan nan nan -0.290323 nan nan nan
2 -100 0.266838 -0.168335 8897.91 0.426107 0.155463 0.266838 0.151592 0.844391 -0.695775 -0.168335 -0.669992 109640 1815.79 8897.91 4938.58 nan nan -99.9386 nan nan nan 1211.25 nan nan nan -1.06678 nan
0 -80 0.438089 0.819914 99303.8 0.438089 0.159834 0.246222 0.155854 0.819914 -0.695775 -0.168335 -0.669992 99303.8 1815.79 8897.91 4938.58 -80.8444 nan nan nan -103105 nan nan nan -0.244154 nan nan nan
2 190 0.245682 0.0337767 11631.4 0.439323 0.159483 0.245682 0.155512 0.819914 -0.695775 0.0337767 -0.669992 99303.8 1815.79 11631.4 4938.58 nan nan 190.168 nan nan nan 27266.1 nan nan nan 2.01602 nan
0 -120 0.419351 0.781476 90811.7 0.419351 0.152233 0.279974 0.148442 0.781476 -0.695775 0.0337767 -0.669992 90811.7 1815.79 11631.4 4938.58 -120.82 nan nan nan -84706.4 nan nan nan -0.383403 nan nan nan
0 -110 0.416178 0.744622 82937.9 0.416178 0.153065 0.281503 0.149253 0.744622 -0.695775 0.0337767 -0.669992 82937.9 1815.79 11631.4 4938.58 -110.781 nan nan nan -78539.2 nan nan nan -0.367617 nan nan nan
2 160 0.282934 0.182476 13030.7 0.413211 0.153843 0.282934 0.150012 0.744622 -0.695775 0.182476 -0.669992 82937.9 1815.79 13030.7 4938.58 nan nan 159.966 nan nan nan 13957.8 nan nan nan 1.48324 nan
1 -50 0.147703 -0.811772 1877.46 0.39672 0.147703 0.311552 0.144025 0.744622 -0.811772 0.182476 -0.669992 82937.9 1877.46 13030.7 4938.58 nan -49.3042 nan nan nan 615.112 nan nan nan -1.15705 nan nan
3 -50 0.146419 -0.740366 4687.43 0.403315 0.133536 0.316731 0.146419 0.744622 -0.811772 0.182476 -0.740366 82937.9 1877.46 13030.7 4687.43 nan nan nan -49.33 nan nan nan -2505.13 nan nan nan -0.701957
0 -90 0.40718 0.713032 75448.7 0.40718 0.134816 0.319766 0.138238 0.713032 -0.811772 0.182476 -0.740366 75448.7 1877.46 13030.7 4687.43 -90.7446 nan nan nan -74703.4 nan nan nan -0.315097 nan nan nan
2 -80 0.320684 0.112057 12368.9 0.405479 0.135202 0.320684 0.138634 0.713032 -0.811772 0.112057 -0.740366 75448.7 1877.46 12368.9 4687.43 nan nan -80.1825 nan nan nan -6601.49 nan nan nan -0.702417 nan
0 1330 0.413832 1.1982 245032 0.413832 0.137987 0.306691 0.14149 1.1982 -0.811772 0.112057 -0.740366 245032 1877.46 12368.9 4687.43 1329.29 nan nan nan 1.69156e+06 nan nan nan 4.83941 nan nan nan
1 -60 0.133449 -0.948717 2040.45 0.433111 0.133449 0.296603 0.136837 1.1982 -0.948717 0.112057 -0.740366 245032 2040.45 12368.9 4687.43 nan -59.1882 nan nan nan 1625.79 nan nan nan -1.366 nan nan
0 -135 0.440814 1.17061 222327 0.440814 0.118038 0.301878 0.13927 1.17061 -0.948717 0.112057 -0.740366 222327 2040.45 12368.9 4687.43 -136.198 nan nan nan -226482 nan nan nan -0.275144 nan nan nan
3 -50 0.138304 -0.812497 4460.77 0.444693 0.117219 0.299784 0.138304 1.17061 -0.948717 0.112057 -0.812497 222327 2040.45 12368.9 4460.77 nan nan nan -49.2596 nan nan nan -2260.92 nan nan nan -0.719488
0 -95 0.448834 1.15017 200965 0.448834 0.118311 0.302576 0.130279 1.15017 -0.948717 0.112057 -0.812497 200965 2040.45 12368.9 4460.77 -96.1706 nan nan nan -213078 nan nan nan -0.203961 nan nan nan
3 -45 0.12897 -0.878824 4209.31 0.454374 0.117122 0.299535 0.12897 1.15017 -0.948717 0.112057 -0.878824 200965 2040.45 12368.9 4209.31 nan nan nan -44.1875 nan nan nan -2508.23 nan nan nan -0.661599
0 -105 0.457969 1.12643 181947 0.457969 0.118048 0.301905 0.122077 1.12643 -0.948717 0.112057 -0.878824 181947 2040.45 12368.9 4209.31 -106.15 nan nan nan -189697 nan nan nan -0.236788 nan nan nan
3 -65 0.121163 -0.977906 4199.51 0.462028 0.117165 0.299645 0.121163 1.12643 -0.948717 0.112057 -0.977906 181947 2040.45 12368.9 4199.51 nan nan nan -64.1212 nan nan nan -97.7847 nan nan nan -0.988316
0 -125 0.467362 1.09678 165301 0.467362 0.118517 0.303104 0.111016 1.09678 -0.948717 0.112057 -0.977906 165301 2040.45 12368.9 4199.51 -126.126 nan nan nan -166039 nan nan nan -0.295688 nan nan nan
3 -55 0.110643 -1.06148 4071.07 0.469153 0.118119 0.302085 0.110643 1.09678 -0.948717 0.112057 -1.06148 165301 2040.45 12368.9 4071.07 nan nan nan -54.0221 nan nan nan -1281.12 nan nan nan -0.833628
0 -115 0.473262 1.06816 150081 0.473262 0.119154 0.304731 0.102853 1.06816 -0.948717 0.112057 -1.06148 150081 2040.45 12368.9 4071.07 -116.097 nan nan nan -151823 nan nan nan -0.28555 nan nan nan
3 -60 0.102526 -1.15409 4011.19 0.474936 0.118775 0.303763 0.102526 1.06816 -0.948717 0.112057 -1.15409 150081 2040.45 12368.9 4011.19 nan nan nan -58.9385 nan nan nan -597.321 nan nan nan -0.92373
0 -95 0.479243 1.0433 135960 0.479243 0.119852 0.306518 0.0943872 1.0433 -0.948717 0.112057 -1.15409 135960 2040.45 12368.9 4011.19 -96.0682 nan nan nan -140852 nan nan nan -0.24798 nan nan nan
3 210 0.0939543 -0.819844 8078.94 0.481632 0.119302 0.305112 0.0939543 1.0433 -0.948717 0.112057 -0.819844 135960 2040.45 12368.9 8078.94 nan nan nan 211.154 nan nan nan 40574.9 nan nan nan 3.33398
0 -135 0.467141 1.00631 124185 0.467141 0.115713 0.295932 0.121214 1.00631 -0.948717 0.112057 -0.819844 124185 2040.45 12368.9 8078.94 -136.043 nan nan nan -117452 nan nan nan -0.368954 nan nan nan
3 -60 0.121604 -0.885852 7620.12 0.465427 0.116085 0.296884 0.121604 1.00631 -0.948717 0.112057 -0.885852 124185 2040.45 12368.9 7620.12 nan nan nan -59.1802 nan nan nan -4576.65 nan nan nan -0.658414
0 -125 0.468813 0.97046 113327 0.468813 0.11693 0.299044 0.115213 0.97046 -0.948717 0.112057 -0.885852 113327 2040.45 12368.9 7620.12 -126.006 nan nan nan -108307 nan nan nan -0.357567 nan nan nan
3 -70 0.11558 -0.965227 7335.06 0.467121 0.117302 0.299996 0.11558 0.97046 -0.948717 0.112057 -0.965227 113327 2040.45 12368.9 7335.06 nan nan nan -69.1141 nan nan nan -2843.35 nan nan nan -0.791747
0 -105 0.471123 0.938902 103091 0.471123 0.118307 0.302567 0.108003 0.938902 -0.948717 0.112057 -0.965227 103091 2040.45 12368.9 7335.06 -105.97 nan nan nan -102097 nan nan nan -0.314788 nan nan nan
3 -50 0.108149 -1.02263 6840.75 0.470409 0.118467 0.302975 0.108149 0.938902 -0.948717 0.112057 -1.02263 103091 2040.45 12368.9 6840.75 nan nan nan -49.0348 nan nan nan -4930.65 nan nan nan -0.572535
0 1510 0.473 1.41009 321059 0.473 0.11912 0.304644 0.103236 1.41009 -0.948717 0.112057 -1.02263 321059 2040.45 12368.9 6840.75 1509.06 nan nan nan 2.17417e+06 nan nan nan 4.69998 nan nan nan
3 -65 0.102331 -1.10017 6565.29 0.477618 0.118076 0.301975 0.102331 1.41009 -0.948717 0.112057 -1.10017 321059 2040.45 12368.9 6565.29 nan nan nan -63.9774 nan nan nan -2747.64 nan nan nan -0.773525
0 -150 0.48115 1.3833 291170 0.48115 0.118949 0.304209 0.0956923 1.3833 -0.948717 0.112057 -1.10017 291170 2040.45 12368.9 6565.29 -151.41 nan nan nan -298134 nan nan nan -0.267216 nan nan nan
3 -55 0.094632 -1.16686 6198.35 0.486899 0.117631 0.300838 0.094632 1.3833 -0.948717 0.112057 -1.16686 291170 2040.45 12368.9 6198.35 nan nan nan -53.8998 nan nan nan -3660.1 nan nan nan -0.665213
0 -120 0.489705 1.36075 263456 0.489705 0.118309 0.302571 0.0894148 1.36075 -0.948717 0.112057 -1.16686 263456 2040.45 12368.9 6198.35 -121.383 nan nan nan -276436 nan nan nan -0.22495 nan nan nan
3 -55 0.0882772 -1.23541 5867.48 0.496197 0.116804 0.298722 0.0882772 1.36075 -0.948717 0.112057 -1.23541 263456 2040.45 12368.9 5867.48 nan nan nan -53.8331 nan nan nan -3300.35 nan nan nan -0.683772
0 -120 0.498954 1.33704 238521 0.498954 0.117453 0.300381 0.0832126 1.33704 -0.948717 0.112057 -1.23541 238521 2040.45 12368.9 5867.48 -121.361 nan nan nan -248728 nan nan nan -0.236442 nan nan nan
3 -65 0.0822913 -1.31887 5686.87 0.504501 0.116152 0.297056 0.0822913 1.33704 -0.948717 0.112057 -1.31887 238521 2040.45 12368.9 5686.87 nan nan nan -63.7646 nan nan nan -1801.56 nan nan nan -0.832441
0 -110 0.507762 1.31419 215851 0.507762 0.116903 0.298976 0.0763589 1.31419 -0.948717 0.112057 -1.31887 215851 2040.45 12368.9 5686.87 -111.337 nan nan nan -226125 nan nan nan -0.227969 nan nan nan
3 -50 0.0755448 -1.38359 5354.33 0.51301 0.115657 0.295788 0.0755448 1.31419 -0.948717 0.112057 -1.38359 215851 2040.45 12368.9 5354.33 nan nan nan -48.6811 nan nan nan -3317.02 nan nan nan -0.645541
0 -130 0.515299 1.28585 195940 0.515299 0.116173 0.297108 0.0714206 1.28585 -0.948717 0.112057 -1.38359 195940 2040.45 12368.9 5354.33 -131.314 nan nan nan -198608 nan nan nan -0.282641 nan nan nan
3 -70 0.0709745 -1.4776 5289.56 0.518326 0.115447 0.295252 0.0709745 1.28585 -0.948717 0.112057 -1.4776 195940 2040.45 12368.9 5289.56 nan nan nan -68.6164 nan nan nan -646.119 nan nan nan -0.937725
0 -140 0.521621 1.25385 178298 0.521621 0.116181 0.297129 0.0650701 1.25385 -0.948717 0.112057 -1.4776 178298 2040.45 12368.9 5289.56 -141.286 nan nan nan -175978 nan nan nan -0.319181 nan nan nan
3 200 0.0648798 -1.19987 8828.85 0.523019 0.115841 0.29626 0.0648798 1.25385 -0.948717 0.112057 -1.19987 178298 2040.45 12368.9 8828.85 nan nan nan 201.478 nan nan nan 35303.7 nan nan nan 2.77024
0 -120 0.514033 1.22507 161897 0.514033 0.113851 0.29117 0.0809464 1.22507 -0.948717 0.112057 -1.19987 161897 2040.45 12368.9 8828.85 -121.254 nan nan nan -163595 nan nan nan -0.287159 nan nan nan
3 -65 0.0806186 -1.26794 8351.81 0.516001 0.11339 0.289991 0.0806186 1.22507 -0.948717 0.112057 -1.26794 161897 2040.45 12368.9 8351.81 nan nan nan -63.8001 nan nan nan -4758.4 nan nan nan -0.678999
0 -150 0.518566 1.18739 147959 0.518566 0.113954 0.291432 0.0760478 1.18739 -0.948717 0.112057 -1.26794 147959 2040.45 12368.9 8351.81 -151.225 nan nan nan -139028 nan nan nan -0.375842 nan nan nan
3 -75 0.0762462 -1.34883 8059.53 0.51731 0.114251 0.292193 0.0762462 1.18739 -0.948717 0.112057 -1.34883 147959 2040.45 12368.9 8059.53 nan nan nan -73.7321 nan nan nan -2915.39 nan nan nan -0.8068
0 -130 0.520284 1.1532 134851 0.520284 0.114907 0.293872 0.0709367 1.1532 -0.948717 0.112057 -1.34883 134851 2040.45 12368.9 8059.53 -131.187 nan nan nan -130749 nan nan nan -0.341053 nan nan nan
3 -55 0.0710124 -1.40874 7540.11 0.519772 0.11503 0.294186 0.0710124 1.1532 -0.948717 0.112057 -1.40874 134851 2040.45 12368.9 7540.11 nan nan nan -53.6512 nan nan nan -5181.08 nan nan nan -0.597619
0 -145 0.521736 1.11329 123473 0.521736 0.115465 0.295298 0.0675007 1.11329 -0.948717 0.112057 -1.40874 123473 2040.45 12368.9 7540.11 -146.153 nan nan nan -113490 nan nan nan -0.397999 nan nan nan
3 195 0.067878 -1.18198 10651.6 0.519063 0.11611 0.296949 0.067878 1.11329 -0.948717 0.112057 -1.18198 123473 2040.45 12368.9 10651.6 nan nan nan 196.409 nan nan nan 31036.3 nan nan nan 2.26189
0 -135 0.511521 1.07446 112952 0.511521 0.114423 0.292634 0.0814225 1.07446 -0.948717 0.112057 -1.18198 112952 2040.45 12368.9 10651.6 -136.113 nan nan nan -104946 nan nan nan -0.38736 nan nan nan
3 -60 0.0818648 -1.23911 9930.57 0.508867 0.115045 0.294223 0.0818648 1.07446 -0.948717 0.112057 -1.23911 112952 2040.45 12368.9 9930.57 nan nan nan -58.818 nan nan nan -7192.03 nan nan nan -0.569906
0 1680 0.51093 1.57528 384220 0.51093 0.115511 0.295416 0.0781425 1.57528 -0.948717 0.112057 -1.23911 384220 2040.45 12368.9 9930.57 1678.93 nan nan nan 2.70584e+06 nan nan nan 4.99556 nan nan nan
3 -60 0.0790342 -1.29823 9281.16 0.505349 0.116829 0.298787 0.0790342 1.57528 -0.948717 0.112057 -1.29823 384220 2040.45 12368.9 9281.16 nan nan nan -58.7609 nan nan nan -6477.73 nan nan nan -0.589659
1 10 0.117308 -0.924418 1847.91 0.507419 0.117308 0.300012 0.075261 1.57528 -0.924418 0.112057 -1.29823 384220 1847.91 12368.9 9281.16 nan 10.9487 nan nan nan -1920.58 nan nan nan 0.242382 nan nan
3 -70 0.0750082 -1.36972 8823.88 0.505715 0.120273 0.299004 0.0750082 1.57528 -0.924418 0.112057 -1.36972 384220 1847.91 12368.9 8823.88 nan nan nan -68.7018 nan nan nan -4561.23 nan nan nan -0.713127
1 0 0.120861 -0.922262 1662.73 0.508187 0.120861 0.300466 0.0704859 1.57528 -0.922262 0.112057 -1.36972 384220 1662.73 12368.9 8823.88 nan 0.924418 nan nan nan -1847.05 nan nan nan 0.0215044 nan nan
2 230 0.300239 0.319285 16427.1 0.507804 0.121525 0.300239 0.0704327 1.57528 -0.922262 0.319285 -1.36972 384220 1662.73 16427.1 8823.88 nan nan 229.888 nan nan nan 40479.6 nan nan nan 2.06705 nan
1 -45 0.114888 -1.03063 1690.82 0.480071 0.114888 0.338455 0.0665861 1.57528 -1.03063 0.319285 -1.36972 384220 1690.82 16427.1 8823.88 nan -44.0777 nan nan nan 280.112 nan nan nan -1.08096 nan nan
2 -100 0.342519 0.240815 15789.2 0.485835 0.10426 0.342519 0.0673856 1.57528 -1.03063 0.240815 -1.36972 384220 1690.82 15789.2 8823.88 nan nan -100.319 nan nan nan -6363.14 nan nan nan -0.782716 nan
1 -55 0.106866 -1.16221 1813.31 0.497975 0.106866 0.32609 0.0690695 1.57528 -1.16221 0.240815 -1.36972 384220 1813.31 15789.2 8823.88 nan -53.9694 nan nan nan 1221.88 nan nan nan -1.3125 nan nan
3 -55 0.0700096 -1.42696 8227.61 0.504753 0.0947092 0.330528 0.0700096 1.57528 -1.16221 0.240815 -1.42696 384220 1813.31 15789.2 8227.61 nan nan nan -53.6303 nan nan nan -5947.68 nan nan nan -0.570926
0 -150 0.25 -0.100253 22500 0.25 0.25 0.25 0.25 -0.100253 0 0 0 22500 1 1 1 -150 nan nan nan 0 nan nan nan -1 nan nan nan
1 -45 0.271199 -0.100253 2025 0.186403 0.271199 0.271199 0.271199 -0.100253 -0.100253 0 0 22500 2025 1 1 nan -45 nan nan nan 0 nan nan nan -1 nan nan
2 -185 0.283974 -0.100253 34225 0.195183 0.23687 0.283974 0.283974 -0.100253 -0.100253 -0.100253 0 22500 2025 34225 1 nan nan -185 nan nan nan 0 nan nan nan -1 nan
3 -40 0.315873 -0.100253 1600 0.217108 0.263478 0.203542 0.315873 -0.100253 -0.100253 -0.100253 -0.100253 22500 2025 34225 1600 nan nan nan -40 nan nan nan 0 nan nan nan -1
0 -150 0.228524 -0.200439 22497 0.228524 0.277332 0.214244 0.2799 -0.200439 -0.100253 -0.100253 -0.100253 22497 2025 34225 1600 -149.9 nan nan nan -30.0658 nan nan nan -0.999332 nan nan nan
1 -40 0.283507 -0.189143 1981.59 0.211346 0.283507 0.219015 0.286132 -0.200439 -0.189143 -0.100253 -0.100253 22497 1981.59 34225 1600 nan -39.8997 nan nan nan -433.01 nan nan nan -0.886661 nan nan
2 80 0.224373 -0.056846 31437.1 0.216517 0.265978 0.224373 0.293133 -0.200439 -0.189143 -0.056846 -0.100253 22497 1981.59 31437.1 1600 nan nan 80.1003 nan nan nan -27808.9 nan nan nan 0.432974 nan
3 -50 0.289285 -0.225318 1689.22 0.213674 0.262486 0.234555 0.289285 -0.200439 -0.189143 -0.056846 -0.225318 22497 1981.59 31437.1 1689.22 nan nan nan -49.8997 nan nan nan 889.985 nan nan nan -1.24749
1 -135 0.271873 -0.492753 3604.92 0.221315 0.271873 0.242942 0.263869 -0.200439 -0.492753 -0.056846 -0.225318 22497 3604.92 31437.1 1689.22 nan -134.811 nan nan nan 16192.4 nan nan nan -3.02843 nan nan
3 -137 0.285837 -0.558944 3395.34 0.23974 0.211255 0.263168 0.285837 -0.200439 -0.492753 -0.056846 -0.558944 22497 3604.92 31437.1 3395.34 nan nan nan -136.775 nan nan nan 17018.1 nan nan nan -3.32784
0 1440 0.262719 0.762188 228184 0.262719 0.231504 0.288392 0.217385 0.762188 -0.492753 -0.056846 -0.558944 228184 3604.92 31437.1 3395.34 1440.2 nan nan nan 2.05168e+06 nan nan nan 9.60198 nan nan nan
2 -75 0.259047 -0.0992209 28848.5 0.337739 0.207948 0.259047 0.195266 0.762188 -0.492753 -0.0992209 -0.558944 228184 3604.92 28848.5 3395.34 nan nan -74.9432 nan nan nan -25820.6 nan nan nan -0.422679 nan
1 -45 0.209479 -0.567069 3442.11 0.340227 0.209479 0.25359 0.196704 0.762188 -0.567069 -0.0992209 -0.558944 228184 3442.11 28848.5 3395.34 nan -44.5072 nan nan nan -1624.03 nan nan nan -0.741281 nan nan
3 42 0.1996 -0.485721 3236.53 0.345236 0.197839 0.257324 0.1996 0.762188 -0.567069 -0.0992209 -0.485721 228184 3442.11 28848.5 3236.53 nan nan nan 42.5589 nan nan nan -1584.07 nan nan nan 0.730381
0 -135 0.339896 0.733696 207156 0.339896 0.194779 0.253344 0.21198 0.733696 -0.567069 -0.0992209 -0.485721 207156 3442.11 28848.5 3236.53 -135.762 nan nan nan -209753 nan nan nan -0.284208 nan nan nan
3 40 0.211037 -0.414377 3076.38 0.342834 0.193912 0.252217 0.211037 0.733696 -0.567069 -0.0992209 -0.414377 207156 3442.11 28848.5 3076.38 nan nan nan 40.4857 nan nan nan -1597.44 nan nan nan 0.711643
0 -162 0.337368 0.697851 189043 0.337368 0.19082 0.248195 0.223617 0.697851 -0.567069 -0.0992209 -0.414377 189043 3442.11 28848.5 3076.38 -162.734 nan nan nan -180673 nan nan nan -0.357544 nan nan nan
3 -135 0.22349 -0.657639 4583.88 0.337743 0.190712 0.248055 0.22349 0.697851 -0.567069 -0.0992209 -0.657639 189043 3442.11 28848.5 4583.88 nan nan nan -134.586 nan nan nan 15036.9 nan nan nan -2.42649
0 -150 0.356332 0.663103 172367 0.356332 0.201209 0.261708 0.180751 0.663103 -0.567069 -0.0992209 -0.657639 172367 3442.11 28848.5 4583.88 -150.698 nan nan nan -166333 nan nan nan -0.346599 nan nan nan
1 -50 0.201107 -0.651538 3342.01 0.356658 0.201107 0.261575 0.180659 0.663103 -0.651538 -0.0992209 -0.657639 172367 3342.01 28848.5 4583.88 nan -49.4329 nan nan nan -998.495 nan nan nan -0.842566 nan nan
0 -60 0.362456 0.648455 155456 0.362456 0.18812 0.265828 0.183596 0.648455 -0.651538 -0.0992209 -0.657639 155456 3342.01 28848.5 4583.88 -60.6631 nan nan nan -168687 nan nan nan -0.146116 nan nan nan
3 -50 0.182003 -0.730703 4368.41 0.36799 0.186487 0.26352 0.182003 0.648455 -0.651538 -0.0992209 -0.730703 155456 3342.01 28848.5 4368.41 nan nan nan -49.3424 nan nan nan -2149.21 nan nan nan -0.728792
0 -170 0.37258 0.605064 142790 0.37258 0.188814 0.266808 0.171799 0.605064 -0.651538 -0.0992209 -0.730703 142790 3342.01 28848.5 4368.41 -170.648 nan nan nan -126335 nan nan nan -0.432811 nan nan nan
3 45 0.172639 -0.661337 4140.13 0.369511 0.189737 0.268113 0.172639 0.605064 -0.651538 -0.0992209 -0.661337 142790 3342.01 28848.5 4140.13 nan nan nan 45.7307 nan nan nan -2277.12 nan nan nan 0.691904
0 -83 0.36477 0.582883 129176 0.36477 0.187302 0.264672 0.183255 0.582883 -0.651538 -0.0992209 -0.661337 129176 3342.01 28848.5 4140.13 -83.6051 nan nan nan -135801 nan nan nan -0.22125 nan nan nan
2 207 0.263525 0.0230194 30256.2 0.367523 0.186491 0.263525 0.182461 0.582883 -0.651538 0.0230194 -0.661337 129176 3342.01 30256.2 4140.13 nan nan 207.099 nan nan nan 14041.6 nan nan nan 1.21932 nan
0 -130 0.356118 0.546459 117935 0.356118 0.180704 0.28638 0.176799 0.546459 -0.651538 0.0230194 -0.661337 117935 3342.01 30256.2 4140.13 -130.583 nan nan nan -112124 nan nan nan -0.363325 nan nan nan
2 -83 0.287087 -0.0248313 27913.9 0.354528 0.18115 0.287087 0.177236 0.546459 -0.651538 -0.0248313 -0.661337 117935 3342.01 27913.9 4140.13 nan nan -83.023 nan nan nan -23363.4 nan nan nan -0.4773 nan
0 1516 0.358083 0.988862 336353 0.358083 0.182966 0.279939 0.179013 0.988862 -0.651538 -0.0248313 -0.661337 336353 3342.01 27913.9 4140.13 1515.45 nan nan nan 2.17866e+06 nan nan nan 4.41287 nan nan nan
1 -135 0.182551 -0.884522 4816.48 0.359537 0.182551 0.279305 0.178607 0.988862 -0.884522 -0.0248313 -0.661337 336353 4816.48 27913.9 4140.13 nan -134.348 nan nan nan 14707.5 nan nan nan -2.32396 nan nan
0 -172 0.374908 0.958959 305633 0.374908 0.147605 0.291245 0.186242 0.958959 -0.884522 -0.0248313 -0.661337 305633 4816.48 27913.9 4140.13 -172.989 nan nan nan -306428 nan nan nan -0.298278 nan nan nan
1 -40 0.146491 -0.941027 4487 0.379628 0.146491 0.289046 0.184836 0.958959 -0.941027 -0.0248313 -0.661337 305633 4487 27913.9 4140.13 nan -39.1155 nan nan nan -3286.46 nan nan nan -0.563617 nan nan
0 -60 0.38247 0.947904 275365 0.38247 0.140102 0.291209 0.18622 0.947904 -0.941027 -0.0248313 -0.661337 275365 4487 27913.9 4140.13 -60.959 nan nan nan -301917 nan nan nan -0.110265 nan nan nan
1 455 0.137909 -0.258644 24878 0.392134 0.137909 0.286652 0.183305 0.947904 -0.258644 -0.0248313 -0.661337 275365 24878 27913.9 4140.13 nan 455.941 nan nan nan 203395 nan nan nan 6.80661 nan nan
0 -158 0.358794 0.917537 250291 0.358794 0.211206 0.26228 0.16772 0.917537 -0.258644 -0.0248313 -0.661337 250291 24878 27913.9 4140.13 -158.948 nan nan nan -250100 nan nan nan -0.302901 nan nan nan
1 -155 0.210087 -0.356999 24784.4 0.36219 0.210087 0.260891 0.166832 0.917537 -0.356999 -0.0248313 -0.661337 250291 24784.4 27913.9 4140.13 nan -154.741 nan nan nan -933.095 nan nan nan -0.981067 nan nan
0 -83 0.369421 0.900721 225905 0.369421 0.194316 0.2661 0.170163 0.900721 -0.356999 -0.0248313 -0.661337 225905 24784.4 27913.9 4140.13 -83.9175 nan nan nan -243249 nan nan nan -0.167737 nan nan nan
1 -60 0.192207 -0.39498 22656.4 0.376264 0.192207 0.263212 0.168316 0.900721 -0.39498 -0.0248313 -0.661337 225905 22656.4 27913.9 4140.13 nan -59.643 nan nan nan -21227.1 nan nan nan -0.378852 nan nan
0 -153 0.378076 0.868259 205632 0.378076 0.188318 0.264479 0.169127 0.868259 -0.39498 -0.0248313 -0.661337 205632 22656.4 27913.9 4140.13 -153.901 nan nan nan -202219 nan nan nan -0.323801 nan nan nan
1 -45 0.187764 -0.424689 20584.4 0.379907 0.187764 0.263701 0.168629 0.868259 -0.424689 -0.0248313 -0.661337 205632 20584.4 27913.9 4140.13 nan -44.605 nan nan nan -20666.7 nan nan nan -0.296339 nan nan
0 -90 0.381093 0.84817 185844 0.381093 0.185228 0.264524 0.169155 0.84817 -0.424689 -0.0248313 -0.661337 185844 20584.4 27913.9 4140.13 -90.8683 nan nan nan -197375 nan nan nan -0.200386 nan nan nan
1 -158 0.183731 -0.534796 21010.1 0.386094 0.183731 0.262387 0.167788 0.84817 -0.534796 -0.0248313 -0.661337 185844 21010.1 27913.9 4140.13 nan -157.575 nan nan nan 4245.53 nan nan nan -1.09829 nan nan
0 -174 0.393814 0.807508 170278 0.393814 0.16741 0.267633 0.171143 0.807508 -0.534796 -0.0248313 -0.661337 170278 21010.1 27913.9 4140.13 -174.848 nan nan nan -155272 nan nan nan -0.405589 nan nan nan
1 -50 0.167848 -0.569009 19149.1 0.392228 0.167848 0.268334 0.171591 0.807508 -0.569009 -0.0248313 -0.661337 170278 19149.1 27913.9 4140.13 nan -49.4652 nan nan nan -18563.3 nan nan nan -0.34126 nan nan
0 -180 0.393672 0.763581 156484 0.393672 0.164783 0.269322 0.172223 0.763581 -0.569009 -0.0248313 -0.661337 156484 19149.1 27913.9 4140.13 -180.808 nan nan nan -137586 nan nan nan -0.438165 nan nan nan
1 -45 0.16559 -0.601198 17427.2 0.390701 0.16559 0.270641 0.173067 0.763581 -0.601198 -0.0248313 -0.661337 156484 17427.2 27913.9 4140.13 nan -44.431 nan nan nan -17174.9 nan nan nan -0.321079 nan nan
0 -158 0.392015 0.723345 143323 0.392015 0.162784 0.271552 0.173649 0.723345 -0.601198 -0.0248313 -0.661337 143323 17427.2 27913.9 4140.13 -158.764 nan nan nan -131278 nan nan nan -0.401343 nan nan nan
1 -168 0.163351 -0.728324 18489.4 0.389897 0.163351 0.272498 0.174254 0.723345 -0.728324 -0.0248313 -0.661337 143323 18489.4 27913.9 4140.13 nan -167.399 nan nan nan 10595.1 nan nan nan -1.26806 nan nan
0 1685 0.398077 1.16936 413351 0.398077 0.145799 0.278214 0.17791 1.16936 -0.728324 -0.0248313 -0.661337 413351 18489.4 27913.9 4140.13 1684.28 nan nan nan 2.69346e+06 nan nan nan 4.44893 nan nan nan
1 -41 0.148187 -0.758016 16798.4 0.38822 0.148187 0.28277 0.180823 1.16936 -0.758016 -0.0248313 -0.661337 413351 16798.4 27913.9 4140.13 nan -40.2717 nan nan nan -16867.6 nan nan nan -0.296168 nan nan
0 -83 0.389246 1.15624 372622 0.389246 0.145935 0.283518 0.181301 1.15624 -0.758016 -0.0248313 -0.661337 372622 16798.4 27913.9 4140.13 -84.1694 nan nan nan -406267 nan nan nan -0.130917 nan nan nan
1 -45 0.143264 -0.792237 15310.5 0.400424 0.143264 0.278329 0.177983 1.15624 -0.792237 -0.0248313 -0.661337 372622 15310.5 27913.9 4140.13 nan -44.242 nan nan nan -14841 nan nan nan -0.341351 nan nan
0 -180 0.401755 1.12649 338555 0.401755 0.140416 0.279254 0.178574 1.12649 -0.792237 -0.0248313 -0.661337 338555 15310.5 27913.9 4140.13 -181.156 nan nan nan -339804 nan nan nan -0.296769 nan nan nan
3 -48 0.176926 -0.735095 3949.73 0.407277 0.13912 0.276676 0.176926 1.12649 -0.792237 -0.0248313 -0.735095 338555 15310.5 27913.9 3949.73 nan nan nan -47.3387 nan nan nan -1899.18 nan nan nan -0.735714
0 -180 0.412276 1.09528 307903 0.412276 0.140828 0.280072 0.166823 1.09528 -0.792237 -0.0248313 -0.735095 307903 15310.5 27913.9 3949.73 -181.126 nan nan nan -305749 nan nan nan -0.311291 nan nan nan
2 133 0.277932 0.0549901 26889.5 0.416767 0.139752 0.277932 0.165549 1.09528 -0.792237 0.0549901 -0.735095 307903 15310.5 26889.5 3949.73 nan nan 133.025 nan nan nan -10218.3 nan nan nan 0.7962 nan
0 -165 0.406675 1.06527 279801 0.406675 0.136368 0.295418 0.16154 1.06527 -0.792237 0.0549901 -0.735095 279801 15310.5 26889.5 3949.73 -166.095 nan nan nan -280315 nan nan nan -0.29933 nan nan nan
2 185 0.293277 0.16806 27622.9 0.410975 0.13538 0.293277 0.160369 1.06527 -0.792237 0.16806 -0.735095 279801 15310.5 27622.9 3949.73 nan nan 184.945 nan nan nan 7315.13 nan nan nan 1.12785 nan
0 -60 0.397551 1.0537 252124 0.397551 0.130958 0.316361 0.155131 1.0537 -0.792237 0.16806 -0.735095 252124 15310.5 27622.9 3949.73 -61.0653 nan nan nan -276072 nan nan nan -0.115444 nan nan nan
2 -90 0.311575 0.113671 25668.7 0.406665 0.128976 0.311575 0.152784 1.0537 -0.792237 0.113671 -0.735095 252124 15310.5 25668.7 3949.73 nan nan -90.1681 nan nan nan -19492.6 nan nan nan -0.542523 nan
0 -210 0.412113 1.01156 231313 0.412113 0.130704 0.302352 0.15483 1.01156 -0.792237 0.113671 -0.735095 231313 15310.5 25668.7 3949.73 -211.054 nan nan nan -207580 nan nan nan -0.420326 nan nan nan
3 83 0.155029 -0.601521 4256.69 0.411359 0.130872 0.30274 0.155029 1.01156 -0.792237 0.113671 -0.601521 231313 15310.5 25668.7 4256.69 nan nan nan 83.7351 nan nan nan 3061.84 nan nan nan 1.33237
0 -83 0.402751 0.994045 208831 0.402751 0.128133 0.296405 0.172711 0.994045 -0.792237 0.113671 -0.601521 208831 15310.5 25668.7 4256.69 -84.0116 nan nan nan -224255 nan nan nan -0.174678 nan nan nan
2 245 0.293212 0.266907 29107.4 0.409184 0.126753 0.293212 0.170851 0.994045 -0.792237 0.266907 -0.601521 208831 15310.5 29107.4 4256.69 nan nan 244.886 nan nan nan 34300.6 nan nan nan 1.52849 nan
0 -199 0.392665 0.95017 191905 0.392665 0.121636 0.321746 0.163953 0.95017 -0.792237 0.266907 -0.601521 191905 15310.5 29107.4 4256.69 -199.994 nan nan nan -168833 nan nan nan -0.437643 nan nan nan
2 -167 0.322883 0.168617 28994.2 0.390518 0.122066 0.322883 0.164533 0.95017 -0.792237 0.168617 -0.601521 191905 15310.5 28994.2 4256.69 nan nan -167.267 nan nan nan -1129.22 nan nan nan -0.980411 nan
0 -195 0.402616 0.905327 176515 0.402616 0.125847 0.301908 0.16963 0.905327 -0.792237 0.168617 -0.601521 176515 15310.5 28994.2 4256.69 -195.95 nan nan nan -153508 nan nan nan -0.447304 nan nan nan
2 -220 0.303338 0.0389899 30947.2 0.399785 0.126443 0.303338 0.170434 0.905327 -0.792237 0.0389899 -0.601521 176515 15310.5 30947.2 4256.69 nan nan -220.169 nan nan nan 19480 nan nan nan -1.293 nan
0 -83 0.416284 0.885305 159525 0.416284 0.131662 0.274586 0.177468 0.885305 -0.792237 0.0389899 -0.601521 159525 15310.5 30947.2 4256.69 -83.9053 nan nan nan -169475 nan nan nan -0.199709 nan nan nan
3 53 0.176121 -0.519157 4117.98 0.420713 0.130663 0.272503 0.176121 0.885305 -0.792237 0.0389899 -0.519157 159525 15310.5 30947.2 4117.98 nan nan nan 53.6015 nan nan nan -1383.56 nan nan nan 0.821564
0 -203 0.414292 0.834129 147699 0.414292 0.128669 0.268344 0.188695 0.834129 -0.792237 0.0389899 -0.519157 147699 15310.5 30947.2 4117.98 -203.885 nan nan nan -117956 nan nan nan -0.510472 nan nan nan
2 -180 0.270935 -0.0636115 31094.2 0.408636 0.129912 0.270935 0.190518 0.834129 -0.792237 -0.0636115 -0.519157 147699 15310.5 31094.2 4117.98 nan nan -180.039 nan nan nan 1466.88 nan nan nan -1.02343 nan
0 1979 0.419806 1.35015 525196 0.419806 0.133463 0.251006 0.195725 1.35015 -0.792237 -0.0636115 -0.519157 525196 15310.5 31094.2 4117.98 1978.17 nan nan nan 3.76544e+06 nan nan nan 5.14723 nan nan nan
3 -60 0.204797 -0.612082 4059.83 0.392916 0.139648 0.262639 0.204797 1.35015 -0.792237 -0.0636115 -0.612082 525196 15310.5 31094.2 4059.83 nan nan nan -59.4808 nan nan nan -580.009 nan nan nan -0.926905
0 -218 0.400125 1.31981 477367 0.400125 0.14221 0.267458 0.190207 1.31981 -0.792237 -0.0636115 -0.612082 477367 15310.5 31094.2 4059.83 -219.35 nan nan nan -477082 nan nan nan -0.302675 nan nan nan
2 355 0.264029 0.138255 40615.8 0.407816 0.140387 0.264029 0.187768 1.31981 -0.792237 0.138255 -0.612082 477367 15310.5 40615.8 4059.83 nan nan 355.064 nan nan nan 94976 nan nan nan 2.01357 nan
0 -188 0.390481 1.29234 433103 0.390481 0.13442 0.295312 0.179787 1.29234 -0.792237 0.138255 -0.612082 433103 15310.5 40615.8 4059.83 -189.32 nan nan nan -441525 nan nan nan -0.274012 nan nan nan
2 -135 0.291491 0.0710302 38374.8 0.398368 0.13268 0.291491 0.17746 1.29234 -0.792237 0.0710302 -0.612082 433103 15310.5 38374.8 4059.83 nan nan -135.138 nan nan nan -22353.5 nan nan nan -0.670549 nan
0 -207 0.404888 1.26061 394033 0.404888 0.134852 0.279895 0.180365 1.26061 -0.792237 0.0710302 -0.612082 394033 15310.5 38374.8 4059.83 -208.292 nan nan nan -389717 nan nan nan -0.316503 nan nan nan
2 -60 0.277137 0.0402877 34889.4 0.410753 0.133523 0.277137 0.178587 1.26061 -0.792237 0.0402877 -0.612082 394033 15310.5 34889.4 4059.83 nan nan -60.071 nan nan nan -34766.3 nan nan nan -0.306649 nan
0 -233 0.412337 1.2232 360031 0.412337 0.134038 0.27435 0.179275 1.2232 -0.792237 0.0402877 -0.612082 360031 15310.5 34889.4 4059.83 -234.261 nan nan nan -339155 nan nan nan -0.373193 nan nan nan
3 -45 0.178266 -0.681923 3850.35 0.415646 0.133283 0.272805 0.178266 1.2232 -0.792237 0.0402877 -0.681923 360031 15310.5 34889.4 3850.35 nan nan nan -44.3879 nan nan nan -2089.54 nan nan nan -0.696644
0 -83 0.420488 1.20912 324648 0.420488 0.134835 0.275983 0.168694 1.20912 -0.792237 0.0402877 -0.681923 324648 15310.5 34889.4 3850.35 -84.2232 nan nan nan -352938 nan nan nan -0.140366 nan nan nan
2 -75 0.27113 1.17909e-05 31956.2 0.430679 0.132464 0.27113 0.165727 1.20912 -0.792237 1.17909e-05 -0.681923 324648 15310.5 31956.2 3850.35 nan nan -75.0403 nan nan nan -29258.4 nan nan nan -0.401742 nan
0 -209 0.433637 1.17214 296531 0.433637 0.133374 0.266123 0.166866 1.17214 -0.792237 1.17909e-05 -0.681923 296531 15310.5 31956.2 3850.35 -210.209 nan nan nan -280460 nan nan nan -0.368931 nan nan nan
3 -45 0.166176 -0.753525 3661.25 0.435979 0.132822 0.265023 0.166176 1.17214 -0.792237 1.17909e-05 -0.753525 296531 15310.5 31956.2 3661.25 nan nan nan -44.3181 nan nan nan -1886.26 nan nan nan -0.714218
0 -188 0.440847 1.13731 270391 0.440847 0.134305 0.267982 0.156866 1.13731 -0.792237 1.17909e-05 -0.753525 270391 15310.5 31956.2 3661.25 -189.172 nan nan nan -260745 nan nan nan -0.347394 nan nan nan
3 -135 0.156143 -0.975951 5100.97 0.443423 0.133687 0.266747 0.156143 1.13731 -0.792237 1.17909e-05 -0.975951 270391 15310.5 31956.2 5100.97 nan nan nan -134.246 nan nan nan 14360.9 nan nan nan -2.21865
0 -240 0.458854 1.09082 249113 0.458854 0.138339 0.27603 0.126778 1.09082 -0.792237 1.17909e-05 -0.975951 249113 15310.5 31956.2 5100.97 -241.137 nan nan nan -212244 nan nan nan -0.463733 nan nan nan
2 -250 0.277042 -0.140192 35018.3 0.456868 0.138846 0.277042 0.127243 1.09082 -0.792237 -0.140192 -0.975951 249113 15310.5 35018.3 5100.97 nan nan -250 nan nan nan 30543.8 nan nan nan -1.3985 nan
0 -60 0.475869 1.07855 224513 0.475869 0.144621 0.246975 0.132535 1.07855 -0.792237 -0.140192 -0.975951 224513 15310.5 35018.3 5100.97 -61.0908 nan nan nan -245381 nan nan nan -0.122399 nan nan nan
0 2041 0.484441 1.51016 619185 0.484441 0.142256 0.242936 0.130367 1.51016 -0.792237 -0.140192 -0.975951 619185 15310.5 35018.3 5100.97 2039.92 nan nan nan 3.93677e+06 nan nan nan 4.3052 nan nan nan
0 -83 0.44824 1.49939 557826 0.44824 0.152244 0.259994 0.139521 1.49939 -0.792237 -0.140192 -0.975951 557826 15310.5 35018.3 5100.97 -84.5102 nan nan nan -612043 nan nan nan -0.107399 nan nan nan
0 -210 0.463864 1.471 506387 0.463864 0.147934 0.252632 0.135571 1.471 -0.792237 -0.140192 -0.975951 506387 15310.5 35018.3 5100.97 -211.499 nan nan nan -513094 nan nan nan -0.283178 nan nan nan
0 -270 0.472985 1.43275 463008 0.472985 0.145417 0.248334 0.133264 1.43275 -0.792237 -0.140192 -0.975951 463008 15310.5 35018.3 5100.97 -271.471 nan nan nan -432690 nan nan nan -0.381489 nan nan nan
0 -83 0.477774 1.42032 417305 0.477774 0.144095 0.246078 0.132053 1.42032 -0.792237 -0.140192 -0.975951 417305 15310.5 35018.3 5100.97 -84.4328 nan nan nan -455880 nan nan nan -0.124084 nan nan nan
0 -225 0.49053 1.38518 380609 0.49053 0.140575 0.240066 0.128828 1.38518 -0.792237 -0.140192 -0.975951 380609 15310.5 35018.3 5100.97 -226.42 nan nan nan -366039 nan nan nan -0.3505 nan nan nan
0 -250 0.495137 1.34433 348787 0.495137 0.139304 0.237896 0.127663 1.34433 -0.792237 -0.140192 -0.975951 348787 15310.5 35018.3 5100.97 -251.385 nan nan nan -317414 nan nan nan -0.407474 nan nan nan
0 -210 0.49707 1.30845 318298 0.49707 0.138771 0.236985 0.127174 1.30845 -0.792237 -0.140192 -0.975951 318298 15310.5 35018.3 5100.97 -211.344 nan nan nan -304120 nan nan nan -0.357858 nan nan nan
0 -263 0.500269 1.26148 293391 0.500269 0.137888 0.235477 0.126365 1.26148 -0.792237 -0.140192 -0.975951 293391 15310.5 35018.3 5100.97 -264.308 nan nan nan -248439 nan nan nan -0.468483 nan nan nan
