0 100 0.25 0.0397649 10000 0.25 0.25 0.25 0.25 0.0397649 0 0 0 10000 1 1 1 100 nan nan nan 0 nan nan nan 1 nan nan nan
1 100 0.244364 0.0397649 10000 0.266909 0.244364 0.244364 0.244364 0.0397649 0.0397649 0 0 10000 10000 1 1 nan 100 nan nan nan 0 nan nan nan 1 nan nan
2 50 0.238976 0.0397649 2500 0.261024 0.261024 0.238976 0.238976 0.0397649 0.0397649 0.0397649 0 10000 10000 2500 1 nan nan 50 nan nan nan 0 nan nan nan 1 nan
3 50 0.235274 0.0397649 2500 0.256981 0.256981 0.250764 0.235274 0.0397649 0.0397649 0.0397649 0.0397649 10000 10000 2500 2500 nan nan nan 50 nan nan nan 0 nan nan nan 1
0 120 0.253061 0.087467 10174.6 0.253061 0.253061 0.246939 0.246939 0.087467 0.0397649 0.0397649 0.0397649 10174.6 10000 2500 2500 119.96 nan nan nan 4390.46 nan nan nan 1.1996 nan nan nan
1 80 0.249942 0.071561 9856.59 0.262265 0.249942 0.243896 0.243896 0.087467 0.071561 0.0397649 0.0397649 10174.6 9856.59 2500 2500 nan 79.9602 nan nan nan -3606.36 nan nan nan 0.799602 nan nan
2 60 0.241964 0.0874512 2543.55 0.260188 0.255883 0.241964 0.241964 0.087467 0.071561 0.0874512 0.0397649 10174.6 9856.59 2543.55 2500 nan nan 59.9602 nan nan nan 1095.23 nan nan nan 1.1992 nan
3 40 0.239125 0.0715452 2464.09 0.257135 0.252881 0.250858 0.239125 0.087467 0.071561 0.0874512 0.0715452 10174.6 9856.59 2543.55 2464.09 nan nan nan 39.9602 nan nan nan -903.18 nan nan nan 0.799205
0 -70 0.255176 0.0598369 9965.33 0.255176 0.250954 0.248947 0.244923 0.0598369 0.071561 0.0874512 0.0715452 9965.33 9856.59 2543.55 2464.09 -70.0875 nan nan nan -5262.33 nan nan nan -0.694835 nan nan nan
1 110 0.252744 0.115591 9945.18 0.249865 0.252744 0.250722 0.24667 0.0598369 0.115591 0.0874512 0.0715452 9965.33 9945.18 2543.55 2464.09 nan 109.928 nan nan nan 2227.67 nan nan nan 1.10725 nan nan
1 120 0.261192 0.163394 10121.2 0.24704 0.261192 0.247887 0.243881 0.0598369 0.163394 0.0874512 0.0715452 9965.33 10121.2 2543.55 2464.09 nan 119.884 nan nan nan 4427.1 nan nan nan 1.20214 nan nan
1 90 0.270606 0.198903 10039.7 0.243892 0.270606 0.244729 0.240773 0.0598369 0.198903 0.0874512 0.0715452 9965.33 10039.7 2543.55 2464.09 nan 89.8366 nan nan nan -2050.6 nan nan nan 0.89297 nan nan
1 100 0.277632 0.23851 10036.5 0.241543 0.277632 0.242371 0.238454 0.0598369 0.23851 0.0874512 0.0715452 9965.33 10036.5 2543.55 2464.09 nan 99.8011 nan nan nan -79.4184 nan nan nan 0.996037 nan nan
1 90 0.285643 0.274139 9957.81 0.238864 0.285643 0.239684 0.23581 0.0598369 0.274139 0.0874512 0.0715452 9965.33 9957.81 2543.55 2464.09 nan 89.7615 nan nan nan -1979.39 nan nan nan 0.89598 nan nan
1 120 0.292928 0.321848 10131.8 0.236428 0.292928 0.237239 0.233405 0.0598369 0.321848 0.0874512 0.0715452 9965.33 10131.8 2543.55 2464.09 nan 119.726 nan nan nan 4376.47 nan nan nan 1.19979 nan nan
1 -1140 0.302996 -0.12864 61436.6 0.233062 0.302996 0.233861 0.230081 0.0598369 -0.12864 0.0874512 0.0715452 9965.33 61436.6 2543.55 2464.09 nan -1140.32 nan nan nan 1.2902e+06 nan nan nan -11.3288 nan nan
2 -10 0.25854 0.0794976 2446.45 0.257656 0.229442 0.25854 0.254362 0.0598369 -0.12864 0.0794976 0.0715452 9965.33 61436.6 2446.45 2464.09 nan nan -10.0875 nan nan nan -2441.8 nan nan nan -0.200014 nan
2 55 0.256928 0.123651 2469.11 0.258217 0.229941 0.256928 0.254915 0.0598369 -0.12864 0.123651 0.0715452 9965.33 61436.6 2469.11 2464.09 nan nan 54.9205 nan nan nan 569.808 nan nan nan 1.11037 nan
2 5 0.265469 0.127554 2371.87 0.255249 0.227298 0.265469 0.251985 0.0598369 -0.12864 0.127554 0.0715452 9965.33 61436.6 2371.87 2464.09 nan nan 4.87635 nan nan nan -2445.33 nan nan nan 0.0981351 nan
2 45 0.266136 0.164192 2357.62 0.255017 0.227091 0.266136 0.251756 0.0598369 -0.12864 0.164192 0.0715452 9965.33 61436.6 2357.62 2464.09 nan nan 44.8724 nan nan nan -358.337 nan nan nan 0.92137 nan
2 0 0.273339 0.164057 2263.87 0.252514 0.224863 0.273339 0.249285 0.0598369 -0.12864 0.164057 0.0715452 9965.33 61436.6 2263.87 2464.09 nan nan -0.164192 nan nan nan -2357.6 nan nan nan -0.00338153 nan
2 45 0.273217 0.201529 2253.79 0.252556 0.2249 0.273217 0.249327 0.0598369 -0.12864 0.201529 0.0715452 9965.33 61436.6 2253.79 2464.09 nan nan 44.8359 nan nan nan -253.613 nan nan nan 0.942324 nan
2 10 0.28071 0.209736 2167.99 0.249952 0.222581 0.28071 0.246756 0.0598369 -0.12864 0.209736 0.0715452 9965.33 61436.6 2167.99 2464.09 nan nan 9.79847 nan nan nan -2157.78 nan nan nan 0.206396 nan
2 -10 0.28228 0.201017 2085.92 0.249407 0.222096 0.28228 0.246218 0.0598369 -0.12864 0.201017 0.0715452 9965.33 61436.6 2085.92 2464.09 nan nan -10.2097 nan nan nan -2063.75 nan nan nan -0.219274 nan
3 45 0.246853 0.107536 2446.37 0.25005 0.222669 0.280429 0.246853 0.0598369 -0.12864 0.201017 0.107536 9965.33 61436.6 2085.92 2446.37 nan nan nan 44.9285 nan nan nan -445.519 nan nan nan 0.905094
3 45 0.253588 0.143628 2429.23 0.247814 0.220677 0.277921 0.253588 0.0598369 -0.12864 0.201017 0.143628 9965.33 61436.6 2085.92 2429.23 nan nan nan 44.8925 nan nan nan -431.036 nan nan nan 0.907638
3 55 0.260464 0.187886 2452.29 0.245531 0.218644 0.275361 0.260464 0.0598369 -0.12864 0.201017 0.187886 9965.33 61436.6 2085.92 2452.29 nan nan nan 54.8564 nan nan nan 579.992 nan nan nan 1.11299
3 60 0.269101 0.235915 2497.04 0.242663 0.216091 0.272145 0.269101 0.0598369 -0.12864 0.201017 0.235915 9965.33 61436.6 2085.92 2497.04 nan nan nan 59.8121 nan nan nan 1125.2 nan nan nan 1.20782
3 40 0.278696 0.267558 2460.62 0.239478 0.213254 0.268572 0.278696 0.0598369 -0.12864 0.201017 0.267558 9965.33 61436.6 2085.92 2460.62 nan nan nan 39.7641 nan nan nan -915.853 nan nan nan 0.795754
3 55 0.285065 0.311434 2481.89 0.237363 0.211371 0.266201 0.285065 0.0598369 -0.12864 0.201017 0.311434 9965.33 61436.6 2085.92 2481.89 nan nan nan 54.7324 nan nan nan 535.023 nan nan nan 1.10337
3 50 0.294113 0.351095 2481.38 0.234359 0.208696 0.262832 0.294113 0.0598369 -0.12864 0.201017 0.351095 9965.33 61436.6 2085.92 2481.38 nan nan nan 49.6886 nan nan nan -12.9384 nan nan nan 0.99739
3 -190 0.302413 0.199142 3823.53 0.231604 0.206242 0.259741 0.302413 0.0598369 -0.12864 0.201017 0.199142 9965.33 61436.6 2085.92 3823.53 nan nan nan -190.351 nan nan nan 33752.2 nan nan nan -3.82128
3 55 0.272515 0.234384 3790.91 0.24153 0.215081 0.270874 0.272515 0.0598369 -0.12864 0.201017 0.234384 9965.33 61436.6 2085.92 3790.91 nan nan nan 54.8009 nan nan nan -820.395 nan nan nan 0.886248
3 40 0.279531 0.260066 3703.04 0.239201 0.213007 0.268261 0.279531 0.0598369 -0.12864 0.201017 0.260066 9965.33 61436.6 2085.92 3703.04 nan nan nan 39.7656 nan nan nan -2209.6 nan nan nan 0.645857
3 60 0.284661 0.299104 3697.71 0.237497 0.21149 0.266351 0.284661 0.0598369 -0.12864 0.201017 0.299104 9965.33 61436.6 2085.92 3697.71 nan nan nan 59.7399 nan nan nan -134.182 nan nan nan 0.981715
3 40 0.292672 0.325066 3613.34 0.234838 0.209122 0.263368 0.292672 0.0598369 -0.12864 0.201017 0.325066 9965.33 61436.6 2085.92 3613.34 nan nan nan 39.7009 nan nan nan -2121.54 nan nan nan 0.652881
0 90 0.233068 0.0956637 9890.73 0.233068 0.207546 0.261383 0.298004 0.0956637 -0.12864 0.201017 0.325066 9890.73 61436.6 2085.92 3613.34 89.9402 nan nan nan -1876.1 nan nan nan 0.900965 nan nan nan
0 -190 0.239499 0.0196559 10934.4 0.239499 0.205805 0.259191 0.295505 0.0196559 -0.12864 0.201017 0.325066 10934.4 61436.6 2085.92 3613.34 -190.096 nan nan nan 26245.6 nan nan nan -1.91143 nan nan nan
0 100 0.226369 0.0576764 10897.1 0.226369 0.209358 0.263666 0.300607 0.0576764 -0.12864 0.201017 0.325066 10897.1 61436.6 2085.92 3613.34 99.9803 nan nan nan -938.313 nan nan nan 0.956131 nan nan nan
0 -120 0.233081 0.0119428 11036.9 0.233081 0.207542 0.261378 0.297999 0.0119428 -0.12864 0.201017 0.325066 11036.9 61436.6 2085.92 3613.34 -120.058 nan nan nan 3516.78 nan nan nan -1.1501 nan nan nan
0 120 0.225063 0.0573594 11170.5 0.225063 0.209712 0.264111 0.301114 0.0573594 -0.12864 0.201017 0.325066 11170.5 61436.6 2085.92 3613.34 119.988 nan nan nan 3360.22 nan nan nan 1.14213 nan nan nan
0 -140 0.233138 0.00466443 11506.4 0.233138 0.207527 0.261359 0.297977 0.00466443 -0.12864 0.201017 0.325066 11506.4 61436.6 2085.92 3613.34 -140.057 nan nan nan 8445.53 nan nan nan -1.32516 nan nan nan
0 -260 0.223984 -0.0917211 13737 0.223984 0.210004 0.264479 0.301534 -0.0917211 -0.12864 0.201017 0.325066 13737 61436.6 2085.92 3613.34 -260.005 nan nan nan 56096.1 nan nan nan -2.42388 nan nan nan
1 80 0.2142 -0.115785 59248.9 0.208479 0.2142 0.269763 0.307558 -0.0917211 -0.115785 0.201017 0.325066 13737 59248.9 2085.92 3613.34 nan 80.1286 nan nan nan -55016 nan nan nan 0.323277 nan nan
1 110 0.216002 -0.0977955 57375 0.208001 0.216002 0.269144 0.306853 -0.0917211 -0.0977955 0.201017 0.325066 13737 57375 2085.92 3613.34 nan 110.116 nan nan nan -47123.4 nan nan nan 0.452386 nan nan
1 100 0.218739 -0.0811781 55491.9 0.207275 0.218739 0.268205 0.305782 -0.0917211 -0.0811781 0.201017 0.325066 13737 55491.9 2085.92 3613.34 nan 100.098 nan nan nan -47355.5 nan nan nan 0.417891 nan nan
1 90 0.221257 -0.065972 53608 0.206607 0.221257 0.26734 0.304796 -0.0917211 -0.065972 0.201017 0.325066 13737 53608 2085.92 3613.34 nan 90.0812 nan nan nan -47377.3 nan nan nan 0.382401 nan nan
1 -1370 0.223545 -0.301252 126104 0.206 0.223545 0.266555 0.3039 -0.0917211 -0.301252 0.201017 0.325066 13737 126104 2085.92 3613.34 nan -1369.93 nan nan nan 1.82311e+06 nan nan nan -5.91677 nan nan
1 120 0.19468 -0.287781 121665 0.213658 0.19468 0.276464 0.315198 -0.0917211 -0.287781 0.201017 0.325066 13737 121665 2085.92 3613.34 nan 120.301 nan nan nan -111631 nan nan nan 0.338771 nan nan
1 130 0.196313 -0.272927 117502 0.213225 0.196313 0.275904 0.314559 -0.0917211 -0.272927 0.201017 0.325066 13737 117502 2085.92 3613.34 nan 130.288 nan nan nan -104690 nan nan nan 0.373526 nan nan
1 110 0.198198 -0.260135 113313 0.212724 0.198198 0.275256 0.313821 -0.0917211 -0.260135 0.201017 0.325066 13737 113313 2085.92 3613.34 nan 110.273 nan nan nan -105342 nan nan nan 0.321697 nan nan
1 90 0.199756 -0.249473 109131 0.212311 0.199756 0.274722 0.313212 -0.0917211 -0.249473 0.201017 0.325066 13737 109131 2085.92 3613.34 nan 90.2601 nan nan nan -105166 nan nan nan 0.268137 nan nan
1 100 0.200972 -0.237406 105191 0.211988 0.200972 0.274304 0.312735 -0.0917211 -0.237406 0.201017 0.325066 13737 105191 2085.92 3613.34 nan 100.249 nan nan nan -99081.1 nan nan nan 0.303465 nan nan
0 110 0.211599 -0.0543696 13672.7 0.211599 0.20244 0.2738 0.312161 -0.0543696 -0.237406 0.201017 0.325066 13672.7 105191 2085.92 3613.34 110.092 nan nan nan -1616.84 nan nan nan 0.939309 nan nan nan
2 55 0.271621 0.248728 2122.39 0.217874 0.200829 0.271621 0.309676 -0.0543696 -0.237406 0.248728 0.325066 13672.7 105191 2122.39 3613.34 nan nan 54.799 nan nan nan 917.007 nan nan nan 1.19984 nan
2 30 0.281201 0.274408 2073.19 0.215008 0.198187 0.281201 0.305603 -0.0543696 -0.237406 0.274408 0.325066 13672.7 105191 2073.19 3613.34 nan nan 29.7513 nan nan nan -1237.25 nan nan nan 0.645793 nan
2 -10 0.286367 0.265435 1994.94 0.213463 0.196763 0.286367 0.303406 -0.0543696 -0.237406 0.265435 0.325066 13672.7 105191 1994.94 3613.34 nan nan -10.2744 nan nan nan -1967.62 nan nan nan -0.225651 nan
2 45 0.284451 0.305262 1995.19 0.214036 0.197292 0.284451 0.304221 -0.0543696 -0.237406 0.305262 0.325066 13672.7 105191 1995.19 3613.34 nan nan 44.7346 nan nan nan 6.23655 nan nan nan 1.00156 nan
2 45 0.292626 0.345051 1995.29 0.211591 0.195037 0.292626 0.300745 -0.0543696 -0.237406 0.345051 0.325066 13672.7 105191 1995.29 3613.34 nan nan 44.6947 nan nan nan 2.42685 nan nan nan 1.00061 nan
2 40 0.30093 0.380353 1978.48 0.209107 0.192748 0.30093 0.297215 -0.0543696 -0.237406 0.380353 0.325066 13672.7 105191 1978.48 3613.34 nan nan 39.6549 nan nan nan -422.774 nan nan nan 0.887758 nan
3 45 0.294044 0.354619 3549.02 0.206876 0.190691 0.308389 0.294044 -0.0543696 -0.237406 0.380353 0.354619 13672.7 105191 1978.48 3549.02 nan nan nan 44.6749 nan nan nan -1617.49 nan nan nan 0.743206
2 25 0.305717 0.402362 1923.91 0.205084 0.189039 0.305717 0.30016 -0.0543696 -0.237406 0.402362 0.354619 13672.7 105191 1923.91 3549.02 nan nan 24.6196 nan nan nan -1372.35 nan nan nan 0.553498 nan
2 -15 0.310343 0.388399 1856.84 0.203717 0.187779 0.310343 0.29816 -0.0543696 -0.237406 0.388399 0.354619 13672.7 105191 1856.84 3549.02 nan nan -15.4024 nan nan nan -1686.67 nan nan nan -0.351152 nan
2 70 0.307282 0.452637 1975.69 0.204621 0.188613 0.307282 0.299484 -0.0543696 -0.237406 0.452637 0.354619 13672.7 105191 1975.69 3549.02 nan nan 69.6116 nan nan nan 2988.94 nan nan nan 1.61545 nan
2 -10 0.321268 0.443286 1901.47 0.20049 0.184805 0.321268 0.293437 -0.0543696 -0.237406 0.443286 0.354619 13672.7 105191 1901.47 3549.02 nan nan -10.4526 nan nan nan -1866.43 nan nan nan -0.235162 nan
2 60 0.319142 0.497597 1966.91 0.201118 0.185384 0.319142 0.294356 -0.0543696 -0.237406 0.497597 0.354619 13672.7 105191 1966.91 3549.02 nan nan 59.5567 nan nan nan 1645.53 nan nan nan 1.3658 nan
2 40 0.331138 0.533016 1950.74 0.197574 0.182117 0.331138 0.28917 -0.0543696 -0.237406 0.533016 0.354619 13672.7 105191 1950.74 3549.02 nan nan 39.5024 nan nan nan -406.467 nan nan nan 0.8907 nan
2 55 0.339009 0.582054 1991.14 0.195249 0.179974 0.339009 0.285767 -0.0543696 -0.237406 0.582054 0.354619 13672.7 105191 1991.14 3549.02 nan nan 54.467 nan nan nan 1015.91 nan nan nan 1.2332 nan
2 30 0.350134 0.608269 1946.38 0.191963 0.176945 0.350134 0.280958 -0.0543696 -0.237406 0.608269 0.354619 13672.7 105191 1946.38 3549.02 nan nan 29.4179 nan nan nan -1125.73 nan nan nan 0.659267 nan
2 15 0.356065 0.621241 1877.22 0.190211 0.17533 0.356065 0.278393 -0.0543696 -0.237406 0.621241 0.354619 13672.7 105191 1877.22 3549.02 nan nan 14.3917 nan nan nan -1739.25 nan nan nan 0.326212 nan
2 10 0.358956 0.629849 1806.07 0.189357 0.174543 0.358956 0.277143 -0.0543696 -0.237406 0.629849 0.354619 13672.7 105191 1806.07 3549.02 nan nan 9.37876 nan nan nan -1789.25 nan nan nan 0.216465 nan
2 55 0.360846 0.680722 1851.8 0.188799 0.174029 0.360846 0.276327 -0.0543696 -0.237406 0.680722 0.354619 13672.7 105191 1851.8 3549.02 nan nan 54.3702 nan nan nan 1150.05 nan nan nan 1.27936 nan
2 40 0.372721 0.717056 1839.64 0.185291 0.170795 0.372721 0.271192 -0.0543696 -0.237406 0.717056 0.354619 13672.7 105191 1839.64 3549.02 nan nan 39.3193 nan nan nan -305.792 nan nan nan 0.913711 nan
2 -35 0.381238 0.683942 1817.21 0.182775 0.168476 0.381238 0.26751 -0.0543696 -0.237406 0.683942 0.354619 13672.7 105191 1817.21 3549.02 nan nan -35.7171 nan nan nan -563.929 nan nan nan -0.83274 nan
2 30 0.373428 0.711289 1779.13 0.185082 0.170603 0.373428 0.270887 -0.0543696 -0.237406 0.711289 0.354619 13672.7 105191 1779.13 3549.02 nan nan 29.3161 nan nan nan -957.782 nan nan nan 0.687706 nan
2 40 0.379797 0.748328 1769.76 0.183201 0.168869 0.379797 0.268133 -0.0543696 -0.237406 0.748328 0.354619 13672.7 105191 1769.76 3549.02 nan nan 39.2887 nan nan nan -235.524 nan nan nan 0.93146 nan
2 75 0.388546 0.818514 1918.62 0.180617 0.166486 0.388546 0.264351 -0.0543696 -0.237406 0.818514 0.354619 13672.7 105191 1918.62 3549.02 nan nan 74.2517 nan nan nan 3743.55 nan nan nan 1.76502 nan
2 30 0.40555 0.845006 1876.19 0.175594 0.161857 0.40555 0.256999 -0.0543696 -0.237406 0.845006 0.354619 13672.7 105191 1876.19 3549.02 nan nan 29.1815 nan nan nan -1067.06 nan nan nan 0.666212 nan
2 35 0.411895 0.876361 1847.97 0.17372 0.160129 0.411895 0.254256 -0.0543696 -0.237406 0.876361 0.354619 13672.7 105191 1847.97 3549.02 nan nan 34.155 nan nan nan -709.628 nan nan nan 0.788525 nan
2 45 0.419471 0.917177 1851.91 0.171482 0.158066 0.419471 0.250981 -0.0543696 -0.237406 0.917177 0.354619 13672.7 105191 1851.91 3549.02 nan nan 44.1236 nan nan nan 98.9223 nan nan nan 1.02642 nan
1 120 0.15535 -0.222664 101583 0.168535 0.15535 0.429448 0.246668 -0.0543696 -0.222664 0.917177 0.354619 13672.7 101583 1851.91 3549.02 nan 120.237 nan nan nan -90734 nan nan nan 0.370724 nan nan
1 -1630 0.15693 -0.426001 203166 0.16822 0.15693 0.428644 0.246206 -0.0543696 -0.426001 0.917177 0.354619 13672.7 203166 1851.91 3549.02 nan -1629.78 nan nan nan 2.55459e+06 nan nan nan -5.11349 nan nan
1 110 0.139442 -0.416259 195572 0.171709 0.139442 0.437536 0.251313 -0.0543696 -0.416259 0.917177 0.354619 13672.7 195572 1851.91 3549.02 nan 110.426 nan nan nan -190972 nan nan nan 0.244989 nan nan
2 65 0.437195 0.976392 1941.56 0.171575 0.140113 0.437195 0.251118 -0.0543696 -0.416259 0.976392 0.354619 13672.7 195572 1941.56 3549.02 nan nan 64.0828 nan nan nan 2254.7 nan nan nan 1.48913 nan
2 -20 0.45194 0.957462 1881.86 0.16708 0.136442 0.45194 0.244538 -0.0543696 -0.416259 0.957462 0.354619 13672.7 195572 1881.86 3549.02 nan nan -20.9764 nan nan nan -1501.56 nan nan nan -0.476052 nan
2 50 0.447173 1.00242 1902.67 0.168533 0.137629 0.447173 0.246665 -0.0543696 -0.416259 1.00242 0.354619 13672.7 195572 1902.67 3549.02 nan nan 49.0425 nan nan nan 523.315 nan nan nan 1.13052 nan
1 140 0.134848 -0.403633 188579 0.165129 0.134848 0.45834 0.241683 -0.0543696 -0.403633 1.00242 0.354619 13672.7 188579 1902.67 3549.02 nan 140.416 nan nan nan -175855 nan nan nan 0.317515 nan nan
0 -220 0.164934 -0.129167 15052.7 0.164934 0.135869 0.457799 0.241398 -0.129167 -0.403633 1.00242 0.354619 15052.7 188579 1902.67 3549.02 -219.946 nan nan nan 34703.4 nan nan nan -1.881 nan nan nan
0 90 0.155258 -0.0999554 14777.2 0.155258 0.137443 0.463104 0.244195 -0.0999554 -0.403633 1.00242 0.354619 14777.2 188579 1902.67 3549.02 90.1292 nan nan nan -6929.44 nan nan nan 0.734612 nan nan nan
0 -150 0.159054 -0.14899 15083.1 0.159054 0.136826 0.461023 0.243098 -0.14899 -0.403633 1.00242 0.354619 15083.1 188579 1902.67 3549.02 -149.9 nan nan nan 7692.87 nan nan nan -1.23312 nan nan nan
0 -80 0.152684 -0.174845 14736.8 0.152684 0.137862 0.464515 0.244939 -0.174845 -0.403633 1.00242 0.354619 14736.8 188579 1902.67 3549.02 -79.851 nan nan nan -8706.88 nan nan nan -0.650183 nan nan nan
0 110 0.149281 -0.138755 14633.5 0.149281 0.138416 0.466381 0.245923 -0.138755 -0.403633 1.00242 0.354619 14633.5 188579 1902.67 3549.02 110.175 nan nan nan -2598.34 nan nan nan 0.90757 nan nan nan
0 -210 0.153895 -0.207741 15802.9 0.153895 0.137665 0.463851 0.244589 -0.207741 -0.403633 1.00242 0.354619 15802.9 188579 1902.67 3549.02 -209.861 nan nan nan 29408.2 nan nan nan -1.73483 nan nan nan
1 130 0.139045 -0.391692 181757 0.145414 0.139045 0.468501 0.247041 -0.207741 -0.391692 1.00242 0.354619 15802.9 181757 1902.67 3549.02 nan 130.404 nan nan nan -171574 nan nan nan 0.300291 nan nan
3 55 0.246763 0.391095 3526.64 0.14525 0.140012 0.467974 0.246763 -0.207741 -0.391692 1.00242 0.391095 15802.9 181757 1902.67 3526.64 nan nan nan 54.6454 nan nan nan -562.906 nan nan nan 0.917274
2 -5 0.463734 0.996945 1828.44 0.143934 0.138744 0.463734 0.253588 -0.207741 -0.391692 0.996945 0.391095 15802.9 181757 1828.44 3526.64 nan nan -6.00242 nan nan nan -1866.64 nan nan nan -0.137608 nan
2 10 0.462269 1.00532 1758.95 0.144327 0.139123 0.462269 0.254281 -0.207741 -0.391692 1.00532 0.391095 15802.9 181757 1758.95 3526.64 nan nan 9.00306 nan nan nan -1747.38 nan nan nan 0.210547 nan
2 45 0.464251 1.04703 1765.98 0.143795 0.13861 0.464251 0.253343 -0.207741 -0.391692 1.04703 0.391095 15802.9 181757 1765.98 3526.64 nan nan 43.9947 nan nan nan 176.578 nan nan nan 1.04899 nan
2 80 0.47465 1.12174 1943.63 0.141004 0.13592 0.47465 0.248426 -0.207741 -0.391692 1.12174 0.391095 15802.9 181757 1943.63 3526.64 nan nan 78.953 nan nan nan 4467.6 nan nan nan 1.87878 nan
2 35 0.493559 1.1523 1911.98 0.135929 0.131028 0.493559 0.239485 -0.207741 -0.391692 1.1523 0.391095 15802.9 181757 1911.98 3526.64 nan nan 33.8783 nan nan nan -795.893 nan nan nan 0.768448 nan
0 100 0.25 0.0397649 10000 0.25 0.25 0.25 0.25 0.0397649 0 0 0 10000 1 1 1 100 nan nan nan 0 nan nan nan 1 nan nan nan
1 250 0.244364 0.0397649 62500 0.266909 0.244364 0.244364 0.244364 0.0397649 0.0397649 0 0 10000 62500 1 1 nan 250 nan nan nan 0 nan nan nan 1 nan nan
0 -130 0.255932 -0.0119453 10274.8 0.255932 0.27544 0.234314 0.234314 -0.0119453 0.0397649 0 0 10274.8 62500 1 1 -130.04 nan nan nan 6910.34 nan nan nan -1.3004 nan nan nan
0 265 0.246333 0.0920177 12659 0.246333 0.278994 0.237337 0.237337 0.0920177 0.0397649 0 0 12659 62500 1 1 265.012 nan nan nan 59956.5 nan nan nan 2.61444 nan nan nan
0 -145 0.267207 0.0407382 12992.7 0.267207 0.271267 0.230763 0.230763 0.0407382 0.0397649 0 0 12992.7 62500 1 1 -145.092 nan nan nan 8392.74 nan nan nan -1.28957 nan nan nan
0 235 0.257424 0.122706 14671.3 0.257424 0.274888 0.233844 0.233844 0.122706 0.0397649 0 0 14671.3 62500 1 1 234.959 nan nan nan 42213.2 nan nan nan 2.06131 nan nan nan
0 100 0.274097 0.155495 14484.6 0.274097 0.268716 0.228594 0.228594 0.155495 0.0397649 0 0 14484.6 62500 1 1 99.8773 nan nan nan -4695.82 nan nan nan 0.82458 nan nan nan
0 -15 0.280592 0.150488 13917.7 0.280592 0.266311 0.226548 0.226548 0.150488 0.0397649 0 0 13917.7 62500 1 1 -15.1555 nan nan nan -14254.9 nan nan nan -0.125927 nan nan nan
0 120 0.279348 0.190885 13935.5 0.279348 0.266772 0.22694 0.22694 0.190885 0.0397649 0 0 13935.5 62500 1 1 119.85 nan nan nan 446.185 nan nan nan 1.0159 nan nan nan
0 -190 0.28756 0.126819 14819.7 0.28756 0.263732 0.224354 0.224354 0.126819 0.0397649 0 0 14819.7 62500 1 1 -190.191 nan nan nan 22237.1 nan nan nan -1.61112 nan nan nan
0 -90 0.274976 0.0973791 14553.4 0.274976 0.268391 0.228317 0.228317 0.0973791 0.0397649 0 0 14553.4 62500 1 1 -90.1268 nan nan nan -6696.88 nan nan nan -0.740345 nan nan nan
1 220 0.270588 0.0747517 61938.6 0.26904 0.270588 0.230186 0.230186 0.0973791 0.0747517 0 0 14553.4 61938.6 1 1 nan 219.96 nan nan nan -14117.5 nan nan nan 0.879841 nan nan
1 80 0.277438 0.087522 59729.7 0.266513 0.277438 0.228024 0.228024 0.0973791 0.087522 0 0 14553.4 59729.7 1 1 nan 79.9252 nan nan nan -55550.6 nan nan nan 0.321147 nan nan
1 280 0.279564 0.133066 60470.1 0.265729 0.279564 0.227354 0.227354 0.0973791 0.133066 0 0 14553.4 60470.1 1 1 nan 279.912 nan nan nan 18621.3 nan nan nan 1.14532 nan nan
1 110 0.28898 0.150832 58545.5 0.262256 0.28898 0.224382 0.224382 0.0973791 0.150832 0 0 14553.4 58545.5 1 1 nan 109.867 nan nan nan -48399.4 nan nan nan 0.446783 nan nan
1 -775 0.292244 0.0234408 80110.6 0.261052 0.292244 0.223352 0.223352 0.0973791 0.0234408 0 0 14553.4 80110.6 1 1 nan -775.151 nan nan nan 542313 nan nan nan -3.20361 nan nan
1 80 0.27056 0.0346769 77179.3 0.26905 0.27056 0.230195 0.230195 0.0973791 0.0346769 0 0 14553.4 77179.3 1 1 nan 79.9766 nan nan nan -73714.3 nan nan nan 0.282565 nan nan
1 280 0.272276 0.0747501 77227.1 0.268417 0.272276 0.229654 0.229654 0.0973791 0.0747501 0 0 14553.4 77227.1 1 1 nan 279.965 nan nan nan 1201.26 nan nan nan 1.00775 nan nan
1 -1060 0.280296 -0.076938 118842 0.265459 0.280296 0.227122 0.227122 0.0973791 -0.076938 0 0 14553.4 118842 1 1 nan -1060.07 nan nan nan 1.04653e+06 nan nan nan -3.81462 nan nan
1 285 0.256937 -0.0440546 117348 0.274075 0.256937 0.234494 0.234494 0.0973791 -0.0440546 0 0 14553.4 117348 1 1 nan 285.077 nan nan nan -37573.4 nan nan nan 0.826945 nan nan
2 250 0.232562 0.0397649 62500 0.271817 0.263059 0.232562 0.232562 0.0973791 -0.0440546 0.0397649 0 14553.4 117348 62500 1 nan nan 250 nan nan nan 0 nan nan nan 1 nan
2 220 0.26266 0.0747517 61938.6 0.261156 0.252742 0.26266 0.223441 0.0973791 -0.0440546 0.0747517 0 14553.4 117348 61938.6 1 nan nan 219.96 nan nan nan -14117.5 nan nan nan 0.879841 nan
2 265 0.269383 0.117081 62266.6 0.258775 0.250438 0.269383 0.221404 0.0973791 -0.0440546 0.117081 0 14553.4 117348 62266.6 1 nan nan 264.925 nan nan nan 8246.77 nan nan nan 1.06449 nan
2 108 0.27786 0.134273 60253.3 0.255773 0.247532 0.27786 0.218835 0.0973791 -0.0440546 0.134273 0 14553.4 117348 60253.3 1 nan nan 107.883 nan nan nan -50627.8 nan nan nan 0.43234 nan
2 108 0.28092 0.151747 58320 0.254689 0.246483 0.28092 0.217908 0.0973791 -0.0440546 0.151747 0 14553.4 117348 58320 1 nan nan 107.866 nan nan nan -48618.3 nan nan nan 0.439433 nan
2 -673 0.284068 0.0409052 74019.7 0.253574 0.245404 0.284068 0.216954 0.0973791 -0.0440546 0.0409052 0 14553.4 117348 74019.7 1 nan nan -673.152 nan nan nan 394813 nan nan nan -2.78743 nan
2 235 0.26498 0.0752466 73271.6 0.260335 0.251947 0.26498 0.222738 0.0973791 -0.0440546 0.0752466 0 14553.4 117348 73271.6 1 nan nan 234.959 nan nan nan -18814 nan nan nan 0.863612 nan
2 90 0.271589 0.0884569 70679.5 0.257994 0.249682 0.271589 0.220736 0.0973791 -0.0440546 0.0884569 0 14553.4 117348 70679.5 1 nan nan 89.9248 nan nan nan -65185.1 nan nan nan 0.332209 nan
2 117 0.273739 0.105944 68412.5 0.257232 0.248945 0.273739 0.220084 0.0973791 -0.0440546 0.105944 0 14553.4 117348 68412.5 1 nan nan 116.912 nan nan nan -57011.2 nan nan nan 0.439755 nan
2 -470 0.276808 0.034473 74480.1 0.256145 0.247893 0.276808 0.219154 0.0973791 -0.0440546 0.034473 0 14553.4 117348 74480.1 1 nan nan -470.106 nan nan nan 152587 nan nan nan -1.79733 nan
2 265 0.263809 0.0730803 74310.2 0.260749 0.252348 0.263809 0.223093 0.0973791 -0.0440546 0.0730803 0 14553.4 117348 74310.2 1 nan nan 264.966 nan nan nan -4273.37 nan nan nan 0.970888 nan
2 250 0.271345 0.109538 73839.1 0.25808 0.249765 0.271345 0.220809 0.0973791 -0.0440546 0.109538 0 14553.4 117348 73839.1 1 nan nan 249.927 nan nan nan -11846.7 nan nan nan 0.91683 nan
2 285 0.278528 0.151228 74130.3 0.255536 0.247303 0.278528 0.218633 0.0973791 -0.0440546 0.151228 0 14553.4 117348 74130.3 1 nan nan 284.89 nan nan nan 7323.49 nan nan nan 1.04842 nan
3 100 0.216054 0.0397649 10000 0.252523 0.244387 0.287036 0.216054 0.0973791 -0.0440546 0.151228 0.0397649 14553.4 117348 74130.3 10000 nan nan nan 100 nan nan nan 0 nan nan nan 1
3 117 0.231376 0.086274 10146.3 0.247587 0.23961 0.281427 0.231376 0.0973791 -0.0440546 0.151228 0.086274 14553.4 117348 74130.3 10146.3 nan nan nan 116.96 nan nan nan 3679.7 nan nan nan 1.1696
3 30 0.239815 0.0980831 9778.44 0.244869 0.236979 0.278337 0.239815 0.0973791 -0.0440546 0.151228 0.0980831 14553.4 117348 74130.3 9778.44 nan nan nan 29.9137 nan nan nan -9251.49 nan nan nan 0.296972
3 280 0.241809 0.21064 12505 0.244227 0.236358 0.277607 0.241809 0.0973791 -0.0440546 0.151228 0.21064 14553.4 117348 74130.3 12505 nan nan nan 279.902 nan nan nan 68566.6 nan nan nan 2.83055
3 -15 0.26427 0.205231 12016.9 0.236992 0.229356 0.269383 0.26427 0.0973791 -0.0440546 0.151228 0.205231 14553.4 117348 74130.3 12016.9 nan nan nan -15.2106 nan nan nan -12273.6 nan nan nan -0.136021
3 90 0.26301 0.237804 11859.7 0.237397 0.229749 0.269844 0.26301 0.0973791 -0.0440546 0.151228 0.237804 14553.4 117348 74130.3 11859.7 nan nan nan 89.7948 nan nan nan -3953.82 nan nan nan 0.819133
3 -520 0.269303 0.0478424 22150.4 0.23537 0.227787 0.26754 0.269303 0.0973791 -0.0440546 0.151228 0.0478424 14553.4 117348 74130.3 22150.4 nan nan nan -520.238 nan nan nan 258788 nan nan nan -4.77711
3 280 0.237114 0.122641 24386.1 0.245739 0.237822 0.279326 0.237114 0.0973791 -0.0440546 0.151228 0.122641 14553.4 117348 74130.3 24386.1 nan nan nan 279.952 nan nan nan 56222.8 nan nan nan 1.88102
3 -250 0.251584 0.0589494 25904.1 0.241078 0.233311 0.274027 0.251584 0.0973791 -0.0440546 0.151228 0.0589494 14553.4 117348 74130.3 25904.1 nan nan nan -250.123 nan nan nan 38175.3 nan nan nan -1.6017
3 -362 0.24021 -0.0305036 30086.7 0.244742 0.236856 0.278192 0.24021 0.0973791 -0.0440546 0.151228 -0.0305036 14553.4 117348 74130.3 30086.7 nan nan nan -362.059 nan nan nan 105183 nan nan nan -2.24955
3 108 0.225333 -0.00573746 29354.4 0.249534 0.241494 0.283639 0.225333 0.0973791 -0.0440546 0.151228 -0.00573746 14553.4 117348 74130.3 29354.4 nan nan nan 108.031 nan nan nan -18416.1 nan nan nan 0.622815
3 -177 0.229501 -0.0468167 29432.8 0.248191 0.240195 0.282113 0.229501 0.0973791 -0.0440546 0.151228 -0.0468167 14553.4 117348 74130.3 29432.8 nan nan nan -176.994 nan nan nan 1972.61 nan nan nan -1.03305
0 265 0.250499 0.184697 16765.1 0.250499 0.242428 0.284736 0.222337 0.184697 -0.0440546 0.151228 -0.0468167 16765.1 117348 74130.3 29432.8 264.903 nan nan nan 55620 nan nan nan 2.19586 nan nan nan
0 -130 0.268096 0.144716 16772.4 0.268096 0.236736 0.278051 0.217117 0.144716 -0.0440546 0.151228 -0.0468167 16772.4 117348 74130.3 29432.8 -130.185 nan nan nan 182.913 nan nan nan -1.00544 nan nan nan
0 285 0.260326 0.232179 19332.1 0.260326 0.239249 0.281002 0.219422 0.232179 -0.0440546 0.151228 -0.0468167 19332.1 117348 74130.3 29432.8 284.855 nan nan nan 64370.1 nan nan nan 2.19951 nan nan nan
0 -50 0.278454 0.217813 18663.7 0.278454 0.233386 0.274116 0.214045 0.217813 -0.0440546 0.151228 -0.0468167 18663.7 117348 74130.3 29432.8 -50.2322 nan nan nan -16808.8 nan nan nan -0.361279 nan nan nan
0 -50 0.27534 0.203196 18021.8 0.27534 0.234393 0.275299 0.214968 0.203196 -0.0440546 0.151228 -0.0468167 18021.8 117348 74130.3 29432.8 -50.2178 nan nan nan -16141.9 nan nan nan -0.367586 nan nan nan
0 70 0.272203 0.223871 17498.9 0.272203 0.235408 0.27649 0.215899 0.223871 -0.0440546 0.151228 -0.0468167 17498.9 117348 74130.3 29432.8 69.7968 nan nan nan -13150.2 nan nan nan 0.51992 nan nan nan
0 100 0.276126 0.253864 17198.9 0.276126 0.234139 0.275 0.214735 0.253864 -0.0440546 0.151228 -0.0468167 17198.9 117348 74130.3 29432.8 99.7761 nan nan nan -7543.61 nan nan nan 0.754261 nan nan nan
0 -135 0.282048 0.212853 17242.4 0.282048 0.232223 0.27275 0.212978 0.212853 -0.0440546 0.151228 -0.0468167 17242.4 117348 74130.3 29432.8 -135.254 nan nan nan 1094.69 nan nan nan -1.03133 nan nan nan
0 -140 0.273835 0.170392 17338.6 0.273835 0.23488 0.275871 0.215415 0.170392 -0.0440546 0.151228 -0.0468167 17338.6 117348 74130.3 29432.8 -140.213 nan nan nan 2417.2 nan nan nan -1.0678 nan nan nan
0 55 0.265508 0.18695 16768.6 0.265508 0.237573 0.279034 0.217885 0.18695 -0.0440546 0.151228 -0.0468167 16768.6 117348 74130.3 29432.8 54.8296 nan nan nan -14332.3 nan nan nan 0.416398 nan nan nan
0 -175 0.268539 0.133154 17322.2 0.268539 0.236593 0.277882 0.216986 0.133154 -0.0440546 0.151228 -0.0468167 17322.2 117348 74130.3 29432.8 -175.187 nan nan nan 13921.8 nan nan nan -1.35286 nan nan nan
0 0 0.258304 0.133113 16633.4 0.258304 0.239903 0.281771 0.220022 0.133113 -0.0440546 0.151228 -0.0468167 16633.4 117348 74130.3 29432.8 -0.133154 nan nan nan -17322.2 nan nan nan -0.0010117 nan nan nan
0 110 0.258048 0.166988 16452 0.258048 0.239986 0.281868 0.220098 0.166988 -0.0440546 0.151228 -0.0468167 16452 117348 74130.3 29432.8 109.867 nan nan nan -4562.7 nan nan nan 0.851875 nan nan nan
0 95 0.264519 0.196388 16155.4 0.264519 0.237893 0.279409 0.218178 0.196388 -0.0440546 0.151228 -0.0468167 16155.4 117348 74130.3 29432.8 94.833 nan nan nan -7458.69 nan nan nan 0.73935 nan nan nan
0 75 0.270166 0.219791 15735.5 0.270166 0.236066 0.277264 0.216503 0.219791 -0.0440546 0.151228 -0.0468167 15735.5 117348 74130.3 29432.8 74.8036 nan nan nan -10559.8 nan nan nan 0.588523 nan nan nan
1 110 0.234618 -0.0312806 113163 0.274643 0.234618 0.275563 0.215175 0.219791 -0.0312806 0.151228 -0.0468167 15735.5 113163 74130.3 29432.8 nan 110.044 nan nan nan -105239 nan nan nan 0.321239 nan nan
1 250 0.236375 -0.00172491 111149 0.274013 0.236375 0.274931 0.214681 0.219791 -0.00172491 0.151228 -0.0468167 15735.5 111149 74130.3 29432.8 nan 250.031 nan nan nan -50647.8 nan nan nan 0.743261 nan nan
1 90 0.241481 0.00900997 107052 0.272181 0.241481 0.273093 0.213246 0.219791 0.00900997 0.151228 -0.0468167 15735.5 107052 74130.3 29432.8 nan 90.0017 nan nan nan -103049 nan nan nan 0.269959 nan nan
1 -905 0.242894 -0.100981 135364 0.271674 0.242894 0.272584 0.212848 0.219791 -0.100981 0.151228 -0.0468167 15735.5 135364 74130.3 29432.8 nan -905.009 nan nan nan 711990 nan nan nan -2.76603 nan nan
1 280 0.22672 -0.0707072 133101 0.277477 0.22672 0.278407 0.217395 0.219791 -0.0707072 0.151228 -0.0468167 15735.5 133101 74130.3 29432.8 nan 280.101 nan nan nan -56907.3 nan nan nan 0.761313 nan nan
1 295 0.231802 -0.0385458 131270 0.275654 0.231802 0.276577 0.215967 0.219791 -0.0385458 0.151228 -0.0468167 15735.5 131270 74130.3 29432.8 nan 295.071 nan nan nan -46034.2 nan nan nan 0.80879 nan nan
1 90 0.237355 -0.0286638 126373 0.273661 0.237355 0.274578 0.214405 0.219791 -0.0286638 0.151228 -0.0468167 15735.5 126373 74130.3 29432.8 nan 90.0385 nan nan nan -123163 nan nan nan 0.248511 nan nan
1 -1215 0.238541 -0.16457 180047 0.273236 0.238541 0.274151 0.214072 0.219791 -0.16457 0.151228 -0.0468167 15735.5 180047 74130.3 29432.8 nan -1214.97 nan nan nan 1.34978e+06 nan nan nan -3.41774 nan nan
1 350 0.220477 -0.131754 177763 0.279718 0.220477 0.280655 0.219151 0.219791 -0.131754 0.151228 -0.0468167 15735.5 177763 74130.3 29432.8 nan 350.165 nan nan nan -57431.6 nan nan nan 0.825239 nan nan
1 305 0.225937 -0.102976 174397 0.277758 0.225937 0.278689 0.217616 0.219791 -0.102976 0.151228 -0.0468167 15735.5 174397 74130.3 29432.8 nan 305.132 nan nan nan -84657.6 nan nan nan 0.723714 nan nan
2 90 0.276988 0.164351 71503.5 0.276063 0.230661 0.276988 0.216288 0.219791 -0.102976 0.164351 -0.0468167 15735.5 174397 71503.5 29432.8 nan nan 89.8488 nan nan nan -66057.5 nan nan nan 0.33 nan
2 -606 0.279144 0.0742088 83271.2 0.27524 0.229973 0.279144 0.215643 0.219791 -0.102976 0.0742088 -0.0468167 15735.5 174397 83271.2 29432.8 nan nan -606.164 nan nan nan 295932 nan nan nan -2.26687 nan
2 84 0.263377 0.0857738 80240 0.28126 0.235003 0.263377 0.220359 0.219791 -0.102976 0.0857738 -0.0468167 15735.5 174397 80240 29432.8 nan nan 83.9258 nan nan nan -76227.7 nan nan nan 0.290836 nan
2 99 0.265121 0.0996594 77438.4 0.280594 0.234447 0.265121 0.219838 0.219791 -0.102976 0.0996594 -0.0468167 15735.5 174397 77438.4 29432.8 nan nan 98.9142 nan nan nan -70456 nan nan nan 0.349191 nan
2 117 0.267356 0.116364 74902.4 0.279741 0.233734 0.267356 0.219169 0.219791 -0.102976 0.116364 -0.0468167 15735.5 174397 74902.4 29432.8 nan nan 116.9 nan nan nan -63772.7 nan nan nan 0.420086 nan
2 134 0.270197 0.135817 72636.7 0.278656 0.232827 0.270197 0.218319 0.219791 -0.102976 0.135817 -0.0468167 15735.5 174397 72636.7 29432.8 nan nan 133.884 nan nan nan -56977.6 nan nan nan 0.489192 nan
2 -448 0.273644 0.0696969 77734.2 0.27734 0.231728 0.273644 0.217288 0.219791 -0.102976 0.0696969 -0.0468167 15735.5 174397 77734.2 29432.8 nan nan -448.136 nan nan nan 128189 nan nan nan -1.66277 nan
2 117 0.261579 0.086374 75186.8 0.281947 0.235577 0.261579 0.220897 0.219791 -0.102976 0.086374 -0.0468167 15735.5 174397 75186.8 29432.8 nan nan 116.93 nan nan nan -64061.5 nan nan nan 0.419393 nan
2 125 0.264374 0.104489 72817.4 0.28088 0.234685 0.264374 0.220061 0.219791 -0.102976 0.104489 -0.0468167 15735.5 174397 72817.4 29432.8 nan nan 124.914 nan nan nan -59583.3 nan nan nan 0.455553 nan
2 210 0.267494 0.135419 71673.7 0.279689 0.23369 0.267494 0.219128 0.219791 -0.102976 0.135419 -0.0468167 15735.5 174397 71673.7 29432.8 nan nan 209.896 nan nan nan -28761.3 nan nan nan 0.777831 nan
2 152 0.273391 0.157976 69740.7 0.277437 0.231809 0.273391 0.217364 0.219791 -0.102976 0.157976 -0.0468167 15735.5 174397 69740.7 29432.8 nan nan 151.865 nan nan nan -48610.9 nan nan nan 0.567253 nan
2 -553 0.277537 0.0746837 79134.9 0.275854 0.230486 0.277537 0.216123 0.219791 -0.102976 0.0746837 -0.0468167 15735.5 174397 79134.9 29432.8 nan nan -553.158 nan nan nan 236243 nan nan nan -2.09462 nan
3 -425 0.220538 -0.145314 35443.4 0.281488 0.235194 0.26278 0.220538 0.219791 -0.102976 0.0746837 -0.145314 15735.5 174397 79134.9 35443.4 nan nan nan -424.953 nan nan nan 151152 nan nan nan -2.477
3 295 0.205405 -0.082974 37497.9 0.286953 0.23976 0.267882 0.205405 0.219791 -0.102976 0.0746837 -0.082974 15735.5 174397 79134.9 37497.9 nan nan nan 295.145 nan nan nan 51667.4 nan nan nan 1.56772
3 5 0.216212 -0.0819302 36007.8 0.28305 0.236499 0.264238 0.216212 0.219791 -0.102976 0.0746837 -0.0819302 15735.5 174397 79134.9 36007.8 nan nan nan 5.08297 nan nan nan -37472.1 nan nan nan 0.0262491
3 295 0.216067 -0.0200938 38038.5 0.283103 0.236543 0.264288 0.216067 0.219791 -0.102976 0.0746837 -0.0200938 15735.5 174397 79134.9 38038.5 nan nan nan 295.082 nan nan nan 51065.5 nan nan nan 1.55505
0 -60 0.27909 0.200701 15254 0.27909 0.23319 0.260542 0.227178 0.200701 -0.102976 0.0746837 -0.0200938 15254 174397 79134.9 38038.5 -60.2198 nan nan nan -12109.1 nan nan nan -0.480064 nan nan nan
0 -45 0.275077 0.186148 14728.6 0.275077 0.234488 0.261992 0.228443 0.186148 -0.102976 0.0746837 -0.0200938 14728.6 174397 79134.9 38038.5 -45.2007 nan nan nan -13210.9 nan nan nan -0.365977 nan nan nan
0 60 0.271976 0.205747 14285.2 0.271976 0.235491 0.263113 0.22942 0.205747 -0.102976 0.0746837 -0.0200938 14285.2 174397 79134.9 38038.5 59.8139 nan nan nan -11150.9 nan nan nan 0.492856 nan nan nan
0 170 0.275694 0.262238 14863.6 0.275694 0.234289 0.261769 0.228248 0.262238 -0.102976 0.0746837 -0.0200938 14863.6 174397 79134.9 38038.5 169.794 nan nan nan 14544.9 nan nan nan 1.42062 nan nan nan
0 60 0.287356 0.281722 14414.5 0.287356 0.230516 0.257554 0.224573 0.281722 -0.102976 0.0746837 -0.0200938 14414.5 174397 79134.9 38038.5 59.7378 nan nan nan -11295 nan nan nan 0.48999 nan nan nan
0 -70 0.291175 0.258444 14037.7 0.291175 0.229281 0.256174 0.22337 0.258444 -0.102976 0.0746837 -0.0200938 14037.7 174397 79134.9 38038.5 -70.2817 nan nan nan -9474.94 nan nan nan -0.585387 nan nan nan
0 35 0.286236 0.270104 13527.5 0.286236 0.230879 0.257959 0.224926 0.270104 -0.102976 0.0746837 -0.0200938 13527.5 174397 79134.9 38038.5 34.7416 nan nan nan -12830.7 nan nan nan 0.293225 nan nan nan
0 -20 0.288406 0.263174 13005.9 0.288406 0.230177 0.257175 0.224242 0.263174 -0.102976 0.0746837 -0.0200938 13005.9 174397 79134.9 38038.5 -20.2701 nan nan nan -13116.6 nan nan nan -0.17428 nan nan nan
0 -80 0.286759 0.235188 12744.9 0.286759 0.23071 0.25777 0.224761 0.235188 -0.102976 0.0746837 -0.0200938 12744.9 174397 79134.9 38038.5 -80.2632 nan nan nan -6563.72 nan nan nan -0.703795 nan nan nan
0 -10 0.280956 0.231582 12242.3 0.280956 0.232587 0.259868 0.22659 0.231582 -0.102976 0.0746837 -0.0200938 12242.3 174397 79134.9 38038.5 -10.2352 nan nan nan -12640.1 nan nan nan -0.0906625 nan nan nan
0 80 0.280006 0.260251 12008.5 0.280006 0.232894 0.260211 0.226889 0.260251 -0.102976 0.0746837 -0.0200938 12008.5 174397 79134.9 38038.5 79.7684 nan nan nan -5879.26 nan nan nan 0.720942 nan nan nan
0 10 0.285715 0.263785 11534.7 0.285715 0.231047 0.258147 0.22509 0.263785 -0.102976 0.0746837 -0.0200938 11534.7 174397 79134.9 38038.5 9.73975 nan nan nan -11913.6 nan nan nan 0.08888 nan nan nan
0 255 0.286219 0.358101 13656.4 0.286219 0.230884 0.257965 0.224931 0.358101 -0.102976 0.0746837 -0.0200938 13656.4 174397 79134.9 38038.5 254.736 nan nan nan 53355.8 nan nan nan 2.37185 nan nan nan
1 -1120 0.22421 -0.209613 217334 0.306854 0.22421 0.250508 0.218429 0.358101 -0.209613 0.0746837 -0.0200938 13656.4 217334 79134.9 38038.5 nan -1119.9 nan nan nan 1.07977e+06 nan nan nan -2.68169 nan nan
0 -100 0.25 -0.0397649 10000 0.25 0.25 0.25 0.25 -0.0397649 0 0 0 10000 1 1 1 -100 nan nan nan 0 nan nan nan -1 nan nan nan
0 -120 0.251638 -0.087467 10174.6 0.251638 0.249454 0.249454 0.249454 -0.087467 0 0 0 10174.6 1 1 1 -119.96 nan nan nan 4390.46 nan nan nan -1.1996 nan nan nan
0 1170 0.24284 0.373808 64212.3 0.24284 0.252387 0.252387 0.252387 0.373808 0 0 0 64212.3 1 1 1 1170.09 nan nan nan 1.35893e+06 nan nan nan 11.6001 nan nan nan
0 -90 0.354071 0.359626 61983.7 0.354071 0.21531 0.21531 0.21531 0.359626 0 0 0 61983.7 1 1 1 -90.3738 nan nan nan -56044.9 nan nan nan -0.356643 nan nan nan
0 -110 0.350339 0.341999 60003.2 0.350339 0.216554 0.216554 0.216554 0.341999 0 0 0 60003.2 1 1 1 -110.36 nan nan nan -49804.4 nan nan nan -0.443273 nan nan nan
0 -100 0.345894 0.32571 58017.6 0.345894 0.218035 0.218035 0.218035 0.32571 0 0 0 58017.6 1 1 1 -100.342 nan nan nan -49934.7 nan nan nan -0.409634 nan nan nan
0 -80 0.341767 0.312449 55967.1 0.341767 0.219411 0.219411 0.219411 0.312449 0 0 0 55967.1 1 1 1 -80.3257 nan nan nan -51565.3 nan nan nan -0.333484 nan nan nan
0 -120 0.338319 0.292226 54317.2 0.338319 0.22056 0.22056 0.22056 0.292226 0 0 0 54317.2 1 1 1 -120.312 nan nan nan -41492 nan nan nan -0.508562 nan nan nan
0 -110 0.333424 0.273408 52641 0.333424 0.222192 0.222192 0.222192 0.273408 0 0 0 52641 1 1 1 -110.292 nan nan nan -42152.8 nan nan nan -0.473235 nan nan nan
0 -90 0.328863 0.257763 50871.7 0.328863 0.223712 0.223712 0.223712 0.257763 0 0 0 50871.7 1 1 1 -90.2734 nan nan nan -44491.7 nan nan nan -0.393458 nan nan nan
0 1330 0.325002 0.492201 119162 0.325002 0.224999 0.224999 0.224999 0.492201 0 0 0 119162 1 1 1 1329.74 nan nan nan 1.71734e+06 nan nan nan 5.89562 nan nan nan
0 -135 0.392255 0.476593 115153 0.392255 0.202582 0.202582 0.202582 0.476593 0 0 0 115153 1 1 1 -135.492 nan nan nan -100804 nan nan nan -0.392506 nan nan nan
1 -50 0.204047 -0.0397649 2500 0.387859 0.204047 0.204047 0.204047 0.476593 -0.0397649 0 0 115153 2500 1 1 nan -50 nan nan nan 0 nan nan nan -1 nan nan
1 -60 0.201498 -0.0874512 2543.55 0.389101 0.201498 0.2047 0.2047 0.476593 -0.0874512 0 0 115153 2543.55 1 1 nan -59.9602 nan nan nan 1095.23 nan nan nan -1.1992 nan nan
1 -40 0.193968 -0.118921 2505.75 0.392771 0.193968 0.206631 0.206631 0.476593 -0.118921 0 0 115153 2505.75 1 1 nan -39.9125 nan nan nan -950.54 nan nan nan -0.791387 nan nan
1 -30 0.189067 -0.142658 2441.62 0.395159 0.189067 0.207887 0.207887 0.476593 -0.142658 0 0 115153 2441.62 1 1 nan -29.8811 nan nan nan -1612.87 nan nan nan -0.596935 nan nan
1 -5 0.185407 -0.146567 2345.47 0.396942 0.185407 0.208826 0.208826 0.476593 -0.146567 0 0 115153 2345.47 1 1 nan -4.85734 nan nan nan -2418.02 nan nan nan -0.0983014 nan nan
1 -45 0.184744 -0.183395 2332.2 0.397265 0.184744 0.208995 0.208995 0.476593 -0.183395 0 0 115153 2332.2 1 1 nan -44.8534 nan nan nan -333.635 nan nan nan -0.92615 nan nan
1 -50 0.179252 -0.224414 2338.14 0.399942 0.179252 0.210403 0.210403 0.476593 -0.224414 0 0 115153 2338.14 1 1 nan -49.8166 nan nan nan 149.496 nan nan nan -1.03155 nan nan
1 30 0.173301 -0.199559 2281.49 0.402842 0.173301 0.211929 0.211929 0.476593 -0.199559 0 0 115153 2281.49 1 1 nan 30.2244 nan nan nan -1424.63 nan nan nan 0.625061 nan nan
1 -35 0.176849 -0.228531 2238.93 0.401113 0.176849 0.211019 0.211019 0.476593 -0.228531 0 0 115153 2238.93 1 1 nan -34.8004 nan nan nan -1070.42 nan nan nan -0.728577 nan nan
1 35 0.172639 -0.198925 2199.25 0.403164 0.172639 0.212099 0.212099 0.476593 -0.198925 0 0 115153 2199.25 1 1 nan 35.2285 nan nan nan -997.878 nan nan nan 0.744517 nan nan
1 15 0.176879 -0.186037 2120.98 0.401098 0.176879 0.211012 0.211012 0.476593 -0.186037 0 0 115153 2120.98 1 1 nan 15.1989 nan nan nan -1968.24 nan nan nan 0.324098 nan nan
1 -40 0.178703 -0.220414 2099.67 0.400209 0.178703 0.210544 0.210544 0.476593 -0.220414 0 0 115153 2099.67 1 1 nan -39.814 nan nan nan -535.829 nan nan nan -0.864504 nan nan
1 -55 0.173696 -0.267953 2135.51 0.402649 0.173696 0.211827 0.211827 0.476593 -0.267953 0 0 115153 2135.51 1 1 nan -54.7796 nan nan nan 901.13 nan nan nan -1.19548 nan nan
1 -50 0.167005 -0.310747 2148.94 0.405909 0.167005 0.213543 0.213543 0.476593 -0.310747 0 0 115153 2148.94 1 1 nan -49.732 nan nan nan 337.77 nan nan nan -1.07618 nan nan
1 -60 0.161146 -0.361948 2205.16 0.408764 0.161146 0.215045 0.215045 0.476593 -0.361948 0 0 115153 2205.16 1 1 nan -59.6893 nan nan nan 1413.87 nan nan nan -1.28761 nan nan
1 10 0.154383 -0.353174 2121.74 0.41206 0.154383 0.216779 0.216779 0.476593 -0.353174 0 0 115153 2121.74 1 1 nan 10.3619 nan nan nan -2097.79 nan nan nan 0.220659 nan nan
2 -90 0.216499 -0.0397649 8100 0.411528 0.155474 0.216499 0.216499 0.476593 -0.353174 -0.0397649 0 115153 2121.74 8100 1 nan nan -90 nan nan nan 0 nan nan nan -1 nan
2 40 0.217148 -0.022074 7841.65 0.411187 0.155345 0.217148 0.216319 0.476593 -0.353174 -0.022074 0 115153 2121.74 7841.65 1 nan nan 40.0398 nan nan nan -6496.82 nan nan nan 0.444886 nan
2 -120 0.220049 -0.0759503 8102.24 0.409664 0.15477 0.220049 0.215518 0.476593 -0.353174 -0.0759503 0 115153 2121.74 8102.24 1 nan nan -119.978 nan nan nan 6553.05 nan nan nan -1.35487 nan
2 120 0.21106 -0.0229042 8353.39 0.414385 0.156553 0.21106 0.218002 0.476593 -0.353174 -0.0229042 0 115153 2121.74 8353.39 1 nan nan 120.076 nan nan nan 6316 nan nan nan 1.33399 nan
2 -100 0.220145 -0.0664022 8418.69 0.409613 0.154751 0.220145 0.215491 0.476593 -0.353174 -0.0664022 0 115153 2121.74 8418.69 1 nan nan -99.9771 nan nan nan 1642.03 nan nan nan -1.09388 nan
2 190 0.212798 0.0159705 9520.43 0.413472 0.156209 0.212798 0.217522 0.476593 -0.353174 0.0159705 0 115153 2121.74 9520.43 1 nan nan 190.066 nan nan nan 27706.6 nan nan nan 2.07149 nan
2 160 0.227423 0.0811706 10159.6 0.40579 0.153307 0.227423 0.21348 0.476593 -0.353174 0.0811706 0 115153 2121.74 10159.6 1 nan nan 159.984 nan nan nan 16074.5 nan nan nan 1.63964 nan
2 -80 0.239369 0.0495775 10010.6 0.399516 0.150936 0.239369 0.210179 0.476593 -0.353174 0.0495775 0 115153 2121.74 10010.6 1 nan nan -80.0812 nan nan nan -3746.64 nan nan nan -0.794495 nan
2 230 0.233599 0.140968 11715.2 0.402546 0.152081 0.233599 0.211774 0.476593 -0.353174 0.140968 0 115153 2121.74 11715.2 1 nan nan 229.95 nan nan nan 42866.5 nan nan nan 2.29828 nan
2 -100 0.25111 0.104178 11648.1 0.393349 0.148606 0.25111 0.206935 0.476593 -0.353174 0.104178 0 115153 2121.74 11648.1 1 nan nan -100.141 nan nan nan -1687.02 nan nan nan -0.925201 nan
3 -50 0.208837 -0.0397649 2500 0.396964 0.149972 0.244227 0.208837 0.476593 -0.353174 0.104178 -0.0397649 115153 2121.74 11648.1 2500 nan nan nan -50 nan nan nan 0 nan nan nan -1
3 -40 0.206244 -0.0715452 2464.09 0.398265 0.150464 0.245027 0.206244 0.476593 -0.353174 0.104178 -0.0715452 115153 2121.74 11648.1 2464.09 nan nan nan -39.9602 nan nan nan -903.18 nan nan nan -0.799205
2 -100 0.246627 0.0672951 11583.4 0.400866 0.151446 0.246627 0.201061 0.476593 -0.353174 0.0672951 -0.0715452 115153 2121.74 11583.4 2464.09 nan nan -100.104 nan nan nan -1627.3 nan nan nan -0.927521 nan
2 -120 0.239812 0.0229337 11696.1 0.404492 0.152816 0.239812 0.20288 0.476593 -0.353174 0.0229337 -0.0715452 115153 2121.74 11696.1 2464.09 nan nan -120.067 nan nan nan 2832.72 nan nan nan -1.11559 nan
2 270 0.231864 0.122201 14129.4 0.408721 0.154414 0.231864 0.205001 0.476593 -0.353174 0.122201 -0.0715452 115153 2121.74 14129.4 2464.09 nan nan 269.977 nan nan nan 61191.5 nan nan nan 2.49636 nan
2 -90 0.250997 0.0920522 13890.5 0.39854 0.150567 0.250997 0.199895 0.476593 -0.353174 0.0920522 -0.0715452 115153 2121.74 13890.5 2464.09 nan nan -90.1222 nan nan nan -6007.35 nan nan nan -0.758177 nan
2 -110 0.24528 0.0549075 13820.1 0.401582 0.151717 0.24528 0.201421 0.476593 -0.353174 0.0549075 -0.0715452 115153 2121.74 13820.1 2464.09 nan nan -110.092 nan nan nan -1770.22 nan nan nan -0.934109 nan
2 -100 0.238443 0.0210634 13668.6 0.40522 0.153091 0.238443 0.203245 0.476593 -0.353174 0.0210634 -0.0715452 115153 2121.74 13668.6 2464.09 nan nan -100.055 nan nan nan -3809.1 nan nan nan -0.851105 nan
2 -80 0.232295 -0.00615373 13379.7 0.408492 0.154327 0.232295 0.204886 0.476593 -0.353174 -0.00615373 -0.0715452 115153 2121.74 13379.7 2464.09 nan nan -80.0211 nan nan nan -7265.24 nan nan nan -0.684451 nan
3 -45 0.206201 -0.107536 2446.37 0.411112 0.155317 0.22737 0.206201 0.476593 -0.353174 -0.00615373 -0.107536 115153 2121.74 13379.7 2446.37 nan nan nan -44.9285 nan nan nan -445.519 nan nan nan -0.905094
3 -45 0.200358 -0.143628 2429.23 0.414138 0.15646 0.229044 0.200358 0.476593 -0.353174 -0.00615373 -0.143628 115153 2121.74 13379.7 2429.23 nan nan nan -44.8925 nan nan nan -431.036 nan nan nan -0.907638
3 -55 0.194624 -0.187886 2452.29 0.417108 0.157582 0.230686 0.194624 0.476593 -0.353174 -0.00615373 -0.187886 115153 2121.74 13379.7 2452.29 nan nan nan -54.8564 nan nan nan 579.992 nan nan nan -1.11299
3 -60 0.187798 -0.235915 2497.04 0.420643 0.158918 0.232641 0.187798 0.476593 -0.353174 -0.00615373 -0.235915 115153 2121.74 13379.7 2497.04 nan nan nan -59.8121 nan nan nan 1125.2 nan nan nan -1.20782
3 -40 0.180615 -0.267558 2460.62 0.424363 0.160323 0.234699 0.180615 0.476593 -0.353174 -0.00615373 -0.267558 115153 2121.74 13379.7 2460.62 nan nan nan -39.7641 nan nan nan -915.853 nan nan nan -0.795754
3 195 0.175953 -0.111025 3878.98 0.426778 0.161235 0.236034 0.175953 0.476593 -0.353174 -0.00615373 -0.111025 115153 2121.74 13379.7 3878.98 nan nan nan 195.268 nan nan nan 35668.8 nan nan nan 3.93648
3 -50 0.200805 -0.142877 3823.71 0.413907 0.156373 0.228915 0.200805 0.476593 -0.353174 -0.00615373 -0.142877 115153 2121.74 13379.7 3823.71 nan nan nan -49.889 nan nan nan -1390.07 nan nan nan -0.801024
3 -60 0.195708 -0.18137 3814.13 0.416547 0.15737 0.230376 0.195708 0.476593 -0.353174 -0.00615373 -0.18137 115153 2121.74 13379.7 3814.13 nan nan nan -59.8571 nan nan nan -240.832 nan nan nan -0.967996
3 -55 0.189714 -0.216666 3781.96 0.419651 0.158543 0.232092 0.189714 0.476593 -0.353174 -0.00615373 -0.216666 115153 2121.74 13379.7 3781.96 nan nan nan -54.8186 nan nan nan -809.048 nan nan nan -0.887627
3 -65 0.184328 -0.258555 3798.46 0.42244 0.159597 0.233635 0.184328 0.476593 -0.353174 -0.00615373 -0.258555 115153 2121.74 13379.7 3798.46 nan nan nan -64.7833 nan nan nan 414.922 nan nan nan -1.05343
3 -60 0.178123 -0.297101 3789.34 0.425654 0.160811 0.235412 0.178123 0.476593 -0.353174 -0.00615373 -0.297101 115153 2121.74 13379.7 3789.34 nan nan nan -59.7414 nan nan nan -229.418 nan nan nan -0.969331
3 -50 0.172545 -0.329208 3736.89 0.428543 0.161902 0.23701 0.172545 0.476593 -0.353174 -0.00615373 -0.329208 115153 2121.74 13379.7 3736.89 nan nan nan -49.7029 nan nan nan -1318.96 nan nan nan -0.807421
3 -50 0.167979 -0.361518 3686.4 0.430907 0.162796 0.238318 0.167979 0.476593 -0.353174 -0.00615373 -0.361518 115153 2121.74 13379.7 3686.4 nan nan nan -49.6708 nan nan nan -1269.7 nan nan nan -0.812543
3 -45 0.163484 -0.390754 3619.04 0.433235 0.163675 0.239605 0.163484 0.476593 -0.353174 -0.00615373 -0.390754 115153 2121.74 13379.7 3619.04 nan nan nan -44.6385 nan nan nan -1693.8 nan nan nan -0.735205
0 -95 0.435305 0.465405 110937 0.435305 0.164457 0.24075 0.159489 0.465405 -0.353174 -0.00615373 -0.390754 110937 2121.74 13379.7 3619.04 -95.4766 nan nan nan -106037 nan nan nan -0.281358 nan nan nan
0 -105 0.431803 0.452814 106968 0.431803 0.165477 0.242243 0.160478 0.452814 -0.353174 -0.00615373 -0.390754 106968 2121.74 13379.7 3619.04 -105.465 nan nan nan -99813.7 nan nan nan -0.316645 nan nan nan
0 -125 0.427995 0.437561 103340 0.427995 0.166586 0.243866 0.161553 0.437561 -0.353174 -0.00615373 -0.390754 103340 2121.74 13379.7 3619.04 -125.453 nan nan nan -91229.2 nan nan nan -0.383579 nan nan nan
0 -115 0.423596 0.423281 99760.5 0.423596 0.167867 0.245742 0.162795 0.423281 -0.353174 -0.00615373 -0.390754 99760.5 2121.74 13379.7 3619.04 -115.438 nan nan nan -90014.1 nan nan nan -0.359098 nan nan nan
0 -95 0.419444 0.411268 96155.6 0.419444 0.169076 0.247512 0.163968 0.411268 -0.353174 -0.00615373 -0.390754 96155.6 2121.74 13379.7 3619.04 -95.4233 nan nan nan -90654.9 nan nan nan -0.302117 nan nan nan
0 -135 0.415836 0.393903 93061.1 0.415836 0.170127 0.24905 0.164987 0.393903 -0.353174 -0.00615373 -0.390754 93061.1 2121.74 13379.7 3619.04 -135.411 nan nan nan -77819.4 nan nan nan -0.436684 nan nan nan
0 -125 0.411027 0.377558 89985.8 0.411027 0.171527 0.2511 0.166345 0.377558 -0.353174 -0.00615373 -0.390754 89985.8 2121.74 13379.7 3619.04 -125.394 nan nan nan -77337.5 nan nan nan -0.411048 nan nan nan
0 -105 0.406475 0.363589 86849.1 0.406475 0.172853 0.253041 0.167631 0.363589 -0.353174 -0.00615373 -0.390754 86849.1 2121.74 13379.7 3619.04 -105.378 nan nan nan -78881.4 nan nan nan -0.351286 nan nan nan
0 1510 0.402488 0.567288 174020 0.402488 0.174014 0.254741 0.168757 0.567288 -0.353174 -0.00615373 -0.390754 174020 2121.74 13379.7 3619.04 1509.64 nan nan nan 2.19215e+06 nan nan nan 5.12259 nan nan nan
0 -150 0.467188 0.552935 168001 0.467188 0.155171 0.227157 0.150484 0.552935 -0.353174 -0.00615373 -0.390754 168001 2121.74 13379.7 3619.04 -150.567 nan nan nan -151349 nan nan nan -0.360937 nan nan nan
0 -120 0.462731 0.54124 161899 0.462731 0.15647 0.229057 0.151742 0.54124 -0.353174 -0.00615373 -0.390754 161899 2121.74 13379.7 3619.04 -120.553 nan nan nan -153468 nan nan nan -0.294118 nan nan nan
0 -120 0.458911 0.529327 156039 0.458911 0.157582 0.230686 0.152821 0.529327 -0.353174 -0.00615373 -0.390754 156039 2121.74 13379.7 3619.04 -120.541 nan nan nan -147369 nan nan nan -0.299581 nan nan nan
0 -110 0.455062 0.5182 150320 0.455062 0.158703 0.232327 0.153909 0.5182 -0.353174 -0.00615373 -0.390754 150320 2121.74 13379.7 3619.04 -110.529 nan nan nan -143822 nan nan nan -0.279809 nan nan nan
0 -130 0.451417 0.504814 145020 0.451417 0.159764 0.23388 0.154938 0.504814 -0.353174 -0.00615373 -0.390754 145020 2121.74 13379.7 3619.04 -130.518 nan nan nan -133285 nan nan nan -0.336638 nan nan nan
0 -140 0.44727 0.490142 140038 0.44727 0.160972 0.235649 0.156109 0.490142 -0.353174 -0.00615373 -0.390754 140038 2121.74 13379.7 3619.04 -140.505 nan nan nan -125278 nan nan nan -0.368959 nan nan nan
0 -120 0.442848 0.477339 135047 0.442848 0.16226 0.237534 0.157358 0.477339 -0.353174 -0.00615373 -0.390754 135047 2121.74 13379.7 3619.04 -120.49 nan nan nan -125520 nan nan nan -0.32198 nan nan nan
0 -150 0.438879 0.461056 130577 0.438879 0.163416 0.239226 0.158479 0.461056 -0.353174 -0.00615373 -0.390754 130577 2121.74 13379.7 3619.04 -150.477 nan nan nan -112403 nan nan nan -0.409477 nan nan nan
0 -130 0.434136 0.4467 126061 0.434136 0.164797 0.241248 0.159819 0.4467 -0.353174 -0.00615373 -0.390754 126061 2121.74 13379.7 3619.04 -130.461 nan nan nan -113557 nan nan nan -0.361034 nan nan nan
0 -145 0.429856 0.43041 121890 0.429856 0.166044 0.243073 0.161028 0.43041 -0.353174 -0.00615373 -0.390754 121890 2121.74 13379.7 3619.04 -145.447 nan nan nan -104907 nan nan nan -0.40965 nan nan nan
0 -135 0.425159 0.414985 117772 0.425159 0.167412 0.245075 0.162354 0.414985 -0.353174 -0.00615373 -0.390754 117772 2121.74 13379.7 3619.04 -135.43 nan nan nan -103548 nan nan nan -0.387911 nan nan nan
0 1680 0.420683 0.609602 225266 0.420683 0.168715 0.246984 0.163618 0.609602 -0.353174 -0.00615373 -0.390754 225266 2121.74 13379.7 3619.04 1679.59 nan nan nan 2.70323e+06 nan nan nan 4.89419 nan nan nan
0 -145 0.48476 0.597402 217151 0.48476 0.150054 0.219665 0.145521 0.597402 -0.353174 -0.00615373 -0.390754 217151 2121.74 13379.7 3619.04 -145.61 nan nan nan -204064 nan nan nan -0.306791 nan nan nan
0 -125 0.480658 0.586685 209144 0.480658 0.151248 0.221414 0.146679 0.586685 -0.353174 -0.00615373 -0.390754 209144 2121.74 13379.7 3619.04 -125.597 nan nan nan -201377 nan nan nan -0.269525 nan nan nan
0 -165 0.476924 0.572286 201917 0.476924 0.152336 0.223006 0.147734 0.572286 -0.353174 -0.00615373 -0.390754 201917 2121.74 13379.7 3619.04 -165.587 nan nan nan -181725 nan nan nan -0.362079 nan nan nan
0 -155 0.47236 0.558519 194851 0.47236 0.153665 0.224952 0.149023 0.558519 -0.353174 -0.00615373 -0.390754 194851 2121.74 13379.7 3619.04 -155.572 nan nan nan -177715 nan nan nan -0.346215 nan nan nan
0 -135 0.467963 0.546308 187833 0.467963 0.154946 0.226826 0.150265 0.546308 -0.353174 -0.00615373 -0.390754 187833 2121.74 13379.7 3619.04 -135.559 nan nan nan -176474 nan nan nan -0.307097 nan nan nan
0 -165 0.463947 0.531118 181454 0.463947 0.156115 0.228539 0.151399 0.531118 -0.353174 -0.00615373 -0.390754 181454 2121.74 13379.7 3619.04 -165.546 nan nan nan -160428 nan nan nan -0.381974 nan nan nan
0 -125 0.459268 0.5194 174865 0.459268 0.157478 0.230533 0.15272 0.5194 -0.353174 -0.00615373 -0.390754 174865 2121.74 13379.7 3619.04 -125.531 nan nan nan -165696 nan nan nan -0.294692 nan nan nan
0 -160 0.455411 0.504136 168936 0.455411 0.158601 0.232178 0.15381 0.504136 -0.353174 -0.00615373 -0.390754 168936 2121.74 13379.7 3619.04 -160.519 nan nan nan -149098 nan nan nan -0.383863 nan nan nan
0 -150 0.450761 0.489575 163119 0.450761 0.159955 0.23416 0.155123 0.489575 -0.353174 -0.00615373 -0.390754 163119 2121.74 13379.7 3619.04 -150.504 nan nan nan -146284 nan nan nan -0.366174 nan nan nan
0 1860 0.446295 0.672657 294131 0.446295 0.161256 0.236064 0.156385 0.672657 -0.353174 -0.00615373 -0.390754 294131 2121.74 13379.7 3619.04 1859.51 nan nan nan 3.29466e+06 nan nan nan 4.60412 nan nan nan
0 -160 0.508809 0.660876 283461 0.508809 0.14305 0.209412 0.138729 0.660876 -0.353174 -0.00615373 -0.390754 283461 2121.74 13379.7 3619.04 -160.673 nan nan nan -268315 nan nan nan -0.296259 nan nan nan
0 -140 0.504649 0.650371 272976 0.504649 0.144262 0.211186 0.139903 0.650371 -0.353174 -0.00615373 -0.390754 272976 2121.74 13379.7 3619.04 -140.661 nan nan nan -263676 nan nan nan -0.264196 nan nan nan
1 0 0.145381 -0.352869 2037.38 0.500806 0.145381 0.212824 0.140989 0.650371 -0.352869 -0.00615373 -0.390754 272976 2037.38 13379.7 3619.04 nan 0.353174 nan nan nan -2121.62 nan nan nan 0.0076673 nan nan
1 -45 0.145363 -0.392202 2035.63 0.500816 0.145363 0.212829 0.140992 0.650371 -0.392202 -0.00615373 -0.390754 272976 2035.63 13379.7 3619.04 nan -44.6471 nan nan nan -44.0096 nan nan nan -0.98914 nan nan
1 -55 0.140543 -0.440331 2073.26 0.503641 0.140543 0.214029 0.141787 0.650371 -0.440331 -0.00615373 -0.390754 272976 2073.26 13379.7 3619.04 nan -54.6078 nan nan nan 946.386 nan nan nan -1.21034 nan nan
1 -15 0.134853 -0.453046 1999.25 0.506975 0.134853 0.215446 0.142726 0.650371 -0.453046 -0.00615373 -0.390754 272976 1999.25 13379.7 3619.04 nan -14.5597 nan nan nan -1861.27 nan nan nan -0.31976 nan nan
1 -50 0.13333 -0.49711 2017.36 0.507867 0.13333 0.215826 0.142977 0.650371 -0.49711 -0.00615373 -0.390754 272976 2017.36 13379.7 3619.04 nan -49.547 nan nan nan 455.655 nan nan nan -1.10811 nan nan
1 -60 0.128331 -0.54979 2077.94 0.510797 0.128331 0.21707 0.143802 0.650371 -0.54979 -0.00615373 -0.390754 272976 2077.94 13379.7 3619.04 nan -59.5029 nan nan nan 1523.23 nan nan nan -1.32479 nan nan
0 -150 0.25 -0.0397649 22500 0.25 0.25 0.25 0.25 -0.0397649 0 0 0 22500 1 1 1 -150 nan nan nan 0 nan nan nan -1 nan nan nan
0 -150 0.256278 -0.0795193 22499.5 0.256278 0.247907 0.247907 0.247907 -0.0795193 0 0 0 22499.5 1 1 1 -149.96 nan nan nan -11.9279 nan nan nan -0.999735 nan nan nan
0 1440 0.248774 0.302249 104070 0.248774 0.250409 0.250409 0.250409 0.302249 0 0 0 104070 1 1 1 1440.08 nan nan nan 2.05133e+06 nan nan nan 9.60063 nan nan nan
0 -135 0.345503 0.285571 100660 0.345503 0.218166 0.218166 0.218166 0.285571 0 0 0 100660 1 1 1 -135.302 nan nan nan -85763.7 nan nan nan -0.419412 nan nan nan
0 -162 0.341155 0.265231 97704.6 0.341155 0.219615 0.219615 0.219615 0.265231 0 0 0 97704.6 1 1 1 -162.286 nan nan nan -74323.4 nan nan nan -0.511507 nan nan nan
0 -150 0.336085 0.246115 94717.3 0.336085 0.221305 0.221305 0.221305 0.246115 0 0 0 94717.3 1 1 1 -150.265 nan nan nan -75124.9 nan nan nan -0.48073 nan nan nan
0 -60 0.33131 0.238331 91095.2 0.33131 0.222897 0.222897 0.222897 0.238331 0 0 0 91095.2 1 1 1 -60.2461 nan nan nan -91087.7 nan nan nan -0.195756 nan nan nan
0 -170 0.328945 0.215902 88625.2 0.328945 0.223685 0.223685 0.223685 0.215902 0 0 0 88625.2 1 1 1 -170.238 nan nan nan -62114.1 nan nan nan -0.56404 nan nan nan
0 -83 0.323572 0.204786 85376.4 0.323572 0.225476 0.225476 0.225476 0.204786 0 0 0 85376.4 1 1 1 -83.2159 nan nan nan -81700.3 nan nan nan -0.27953 nan nan nan
0 -130 0.320556 0.187066 82655.6 0.320556 0.226481 0.226481 0.226481 0.187066 0 0 0 82655.6 1 1 1 -130.205 nan nan nan -68423.1 nan nan nan -0.445613 nan nan nan
0 1516 0.316212 0.396723 170736 0.316212 0.227929 0.227929 0.227929 0.396723 0 0 0 170736 1 1 1 1515.81 nan nan nan 2.21503e+06 nan nan nan 5.27241 nan nan nan
1 -45 0.207488 -0.0397649 2025 0.377537 0.207488 0.207488 0.207488 0.396723 -0.0397649 0 0 170736 2025 1 1 nan -45 nan nan nan 0 nan nan nan -1 nan nan
1 -40 0.204508 -0.0750763 2007.97 0.378956 0.204508 0.208268 0.208268 0.396723 -0.0750763 0 0 170736 2007.97 1 1 nan -39.9602 nan nan nan -428.18 nan nan nan -0.888005 nan nan
1 -135 0.198809 -0.194809 2652.04 0.381671 0.198809 0.20976 0.20976 0.396723 -0.194809 0 0 170736 2652.04 1 1 nan -134.925 nan nan nan 16196.8 nan nan nan -3.01102 nan nan
1 -45 0.180907 -0.229406 2626.41 0.390199 0.180907 0.214447 0.214447 0.396723 -0.229406 0 0 170736 2626.41 1 1 nan -44.8052 nan nan nan -644.531 nan nan nan -0.870039 nan nan
1 -50 0.175819 -0.268024 2620.47 0.392623 0.175819 0.215779 0.215779 0.396723 -0.268024 0 0 170736 2620.47 1 1 nan -49.7706 nan nan nan -149.294 nan nan nan -0.971162 nan nan
1 -135 0.170289 -0.372684 3238.11 0.395257 0.170289 0.217227 0.217227 0.396723 -0.372684 0 0 170736 3238.11 1 1 nan -134.732 nan nan nan 15532.2 nan nan nan -2.63197 nan nan
1 -40 0.156376 -0.400376 3171.79 0.401885 0.156376 0.220869 0.220869 0.396723 -0.400376 0 0 170736 3171.79 1 1 nan -39.6273 nan nan nan -1667.78 nan nan nan -0.696384 nan nan
1 455 0.152721 -0.0788315 11292.5 0.403626 0.152721 0.221826 0.221826 0.396723 -0.0788315 0 0 170736 11292.5 1 1 nan 455.4 nan nan nan 204218 nan nan nan 8.08614 nan nan
2 -185 0.208653 -0.0397649 34225 0.379656 0.203038 0.208653 0.208653 0.396723 -0.0788315 -0.0397649 0 170736 11292.5 34225 1 nan nan -185 nan nan nan 0 nan nan nan -1 nan
2 80 0.217088 -0.0225607 33118.8 0.37561 0.200874 0.217088 0.206429 0.396723 -0.0788315 -0.0225607 0 170736 11292.5 33118.8 1 nan nan 80.0398 nan nan nan -27818.6 nan nan nan 0.432647 nan
2 -75 0.219773 -0.0389437 32025.4 0.374321 0.200185 0.219773 0.205721 0.396723 -0.0788315 -0.0389437 0 170736 11292.5 32025.4 1 nan nan -74.9774 nan nan nan -27497.2 nan nan nan -0.411996 nan
2 207 0.216725 0.00706127 32456.4 0.375784 0.200967 0.216725 0.206525 0.396723 -0.0788315 0.00706127 0 170736 11292.5 32456.4 1 nan nan 207.039 nan nan nan 10839.8 nan nan nan 1.15692 nan
2 -83 0.224738 -0.0112604 31439.8 0.371939 0.198911 0.224738 0.204412 0.396723 -0.0788315 -0.0112604 0 170736 11292.5 31439.8 1 nan nan -83.0071 nan nan nan -25566.2 nan nan nan -0.460749 nan
2 133 0.221322 0.0185693 30893.1 0.373578 0.199787 0.221322 0.205312 0.396723 -0.0788315 0.0185693 0 170736 11292.5 30893.1 1 nan nan 133.011 nan nan nan -13747.8 nan nan nan 0.750151 nan
2 185 0.226373 0.0604195 31025.3 0.371155 0.198492 0.226373 0.203981 0.396723 -0.0788315 0.0604195 0 170736 11292.5 31025.3 1 nan nan 184.981 nan nan nan 3325.03 nan nan nan 1.05244 nan
2 -90 0.233819 0.0400877 30114.1 0.367583 0.196581 0.233819 0.202017 0.396723 -0.0788315 0.0400877 0 170736 11292.5 30114.1 1 nan nan -90.0604 nan nan nan -22914.4 nan nan nan -0.5113 nan
3 -40 0.203032 -0.0397649 1600 0.369429 0.197569 0.22997 0.203032 0.396723 -0.0788315 0.0400877 -0.0397649 170736 11292.5 30114.1 1600 nan nan nan -40 nan nan nan 0 nan nan nan -1
3 -50 0.199709 -0.0894315 1635.63 0.37097 0.198392 0.230929 0.199709 0.396723 -0.0788315 0.0400877 -0.0894315 170736 11292.5 30114.1 1635.63 nan nan nan -49.9602 nan nan nan 896.025 nan nan nan -1.24901
3 -137 0.191923 -0.224047 2315.96 0.374579 0.200323 0.233176 0.191923 0.396723 -0.0788315 0.0400877 -0.224047 170736 11292.5 30114.1 2315.96 nan nan nan -136.911 nan nan nan 17108.9 nan nan nan -3.38528
3 42 0.172442 -0.189157 2294.76 0.383609 0.205152 0.238797 0.172442 0.396723 -0.0788315 0.0400877 -0.189157 170736 11292.5 30114.1 2294.76 nan nan nan 42.224 nan nan nan -533.093 nan nan nan 0.877393
3 40 0.177462 -0.155796 2267.74 0.381282 0.203907 0.237348 0.177462 0.396723 -0.0788315 0.0400877 -0.155796 170736 11292.5 30114.1 2267.74 nan nan nan 40.1892 nan nan nan -679.596 nan nan nan 0.838957
3 -135 0.182364 -0.268396 2900.61 0.37901 0.202692 0.235934 0.182364 0.396723 -0.0788315 0.0400877 -0.268396 170736 11292.5 30114.1 2900.61 nan nan nan -134.844 nan nan nan 15915.2 nan nan nan -2.83162
3 -50 0.166594 -0.305114 2883.61 0.38632 0.206602 0.240484 0.166594 0.396723 -0.0788315 0.0400877 -0.305114 170736 11292.5 30114.1 2883.61 nan nan nan -49.7316 nan nan nan -427.375 nan nan nan -0.923396
3 45 0.161548 -0.271565 2850.57 0.388659 0.207853 0.241941 0.161548 0.396723 -0.0788315 0.0400877 -0.271565 170736 11292.5 30114.1 2850.57 nan nan nan 45.3051 nan nan nan -831.06 nan nan nan 0.843682
3 -48 0.166123 -0.307113 2827.8 0.386538 0.206718 0.24062 0.166123 0.396723 -0.0788315 0.0400877 -0.307113 170736 11292.5 30114.1 2827.8 nan nan nan -47.7284 nan nan nan -572.563 nan nan nan -0.893947
3 83 0.161243 -0.244817 2991.32 0.3888 0.207928 0.242029 0.161243 0.396723 -0.0788315 0.0400877 -0.244817 170736 11292.5 30114.1 2991.32 nan nan nan 83.3071 nan nan nan 4112.28 nan nan nan 1.5666
3 53 0.169951 -0.206105 2985.11 0.384764 0.205769 0.239516 0.169951 0.396723 -0.0788315 0.0400877 -0.206105 170736 11292.5 30114.1 2985.11 nan nan nan 53.2448 nan nan nan -156.312 nan nan nan 0.973522
3 -60 0.175478 -0.249624 3008.58 0.382202 0.204399 0.237921 0.175478 0.396723 -0.0788315 0.0400877 -0.249624 170736 11292.5 30114.1 3008.58 nan nan nan -59.7939 nan nan nan 590.203 nan nan nan -1.0944
0 -172 0.385072 0.380133 165129 0.385072 0.205934 0.239708 0.169285 0.380133 -0.0788315 0.0400877 -0.249624 165129 11292.5 30114.1 3008.58 -172.397 nan nan nan -141016 nan nan nan -0.417221 nan nan nan
0 -60 0.380361 0.374224 158707 0.380361 0.207512 0.241544 0.170582 0.374224 -0.0788315 0.0400877 -0.249624 158707 11292.5 30114.1 3008.58 -60.3801 nan nan nan -161483 nan nan nan -0.148588 nan nan nan
0 -158 0.37805 0.358416 153394 0.37805 0.208286 0.242445 0.171218 0.358416 -0.0788315 0.0400877 -0.249624 153394 11292.5 30114.1 3008.58 -158.374 nan nan nan -133625 nan nan nan -0.397545 nan nan nan
0 -83 0.37357 0.349952 147570 0.37357 0.209787 0.244192 0.172452 0.349952 -0.0788315 0.0400877 -0.249624 147570 11292.5 30114.1 3008.58 -83.3584 nan nan nan -146445 nan nan nan -0.212836 nan nan nan
0 -153 0.370733 0.334078 142637 0.370733 0.210737 0.245298 0.173233 0.334078 -0.0788315 0.0400877 -0.249624 142637 11292.5 30114.1 3008.58 -153.35 nan nan nan -124054 nan nan nan -0.399194 nan nan nan
0 -90 0.366301 0.324567 137290 0.366301 0.212221 0.247025 0.174453 0.324567 -0.0788315 0.0400877 -0.249624 137290 11292.5 30114.1 3008.58 -90.3341 nan nan nan -134477 nan nan nan -0.239186 nan nan nan
0 -174 0.363286 0.305859 133039 0.363286 0.213231 0.2482 0.175283 0.305859 -0.0788315 0.0400877 -0.249624 133039 11292.5 30114.1 3008.58 -174.325 nan nan nan -106901 nan nan nan -0.470478 nan nan nan
0 -180 0.358319 0.286202 129041 0.358319 0.214894 0.250137 0.17665 0.286202 -0.0788315 0.0400877 -0.249624 129041 11292.5 30114.1 3008.58 -180.306 nan nan nan -100529 nan nan nan -0.494334 nan nan nan
0 -158 0.353194 0.26868 124906 0.353194 0.21661 0.252135 0.178061 0.26868 -0.0788315 0.0400877 -0.249624 124906 11292.5 30114.1 3008.58 -158.286 nan nan nan -103987 nan nan nan -0.440634 nan nan nan
0 1685 0.348556 0.458236 232805 0.348556 0.218164 0.253943 0.179338 0.458236 -0.0788315 0.0400877 -0.249624 232805 11292.5 30114.1 3008.58 1684.73 nan nan nan 2.71341e+06 nan nan nan 4.76692 nan nan nan
0 -83 0.407907 0.451358 223825 0.407907 0.198287 0.230807 0.162999 0.451358 -0.0788315 0.0400877 -0.249624 223825 11292.5 30114.1 3008.58 -83.4582 nan nan nan -225840 nan nan nan -0.172971 nan nan nan
0 -180 0.405137 0.436191 216219 0.405137 0.199215 0.231886 0.163761 0.436191 -0.0788315 0.0400877 -0.249624 216219 11292.5 30114.1 3008.58 -180.451 nan nan nan -191262 nan nan nan -0.381422 nan nan nan
0 -180 0.400534 0.42076 208916 0.400534 0.200757 0.233681 0.165029 0.42076 -0.0788315 0.0400877 -0.249624 208916 11292.5 30114.1 3008.58 -180.436 nan nan nan -183662 nan nan nan -0.38804 nan nan nan
0 -165 0.395906 0.406369 201696 0.395906 0.202306 0.235485 0.166303 0.406369 -0.0788315 0.0400877 -0.249624 201696 11292.5 30114.1 3008.58 -165.421 nan nan nan -181552 nan nan nan -0.361913 nan nan nan
0 -60 0.39154 0.40102 193821 0.39154 0.203769 0.237187 0.167505 0.40102 -0.0788315 0.0400877 -0.249624 193821 11292.5 30114.1 3008.58 -60.4064 nan nan nan -198047 nan nan nan -0.134504 nan nan nan
0 -210 0.389235 0.382016 187874 0.389235 0.204541 0.238085 0.168139 0.382016 -0.0788315 0.0400877 -0.249624 187874 11292.5 30114.1 3008.58 -210.401 nan nan nan -149552 nan nan nan -0.477911 nan nan nan
0 -83 0.383938 0.374367 180680 0.383938 0.206314 0.24015 0.169598 0.374367 -0.0788315 0.0400877 -0.249624 180680 11292.5 30114.1 3008.58 -83.382 nan nan nan -180922 nan nan nan -0.192371 nan nan nan
0 -199 0.381162 0.355715 175076 0.381162 0.207244 0.241232 0.170362 0.355715 -0.0788315 0.0400877 -0.249624 175076 11292.5 30114.1 3008.58 -199.374 nan nan nan -140930 nan nan nan -0.469045 nan nan nan
0 -195 0.376008 0.337149 169631 0.376008 0.20897 0.243241 0.171781 0.337149 -0.0788315 0.0400877 -0.249624 169631 11292.5 30114.1 3008.58 -195.356 nan nan nan -136912 nan nan nan -0.466888 nan nan nan
0 -83 0.370913 0.329103 163162 0.370913 0.210676 0.245228 0.173183 0.329103 -0.0788315 0.0400877 -0.249624 163162 11292.5 30114.1 3008.58 -83.3371 nan nan nan -162686 nan nan nan -0.202342 nan nan nan
0 -203 0.368133 0.309087 158318 0.368133 0.211607 0.246311 0.173948 0.309087 -0.0788315 0.0400877 -0.249624 158318 11292.5 30114.1 3008.58 -203.329 nan nan nan -121819 nan nan nan -0.503373 nan nan nan
0 1979 0.362806 0.506835 307711 0.362806 0.213391 0.248388 0.175415 0.506835 -0.0788315 0.0400877 -0.249624 307711 11292.5 30114.1 3008.58 1978.69 nan nan nan 3.7569e+06 nan nan nan 4.97293 nan nan nan
0 -218 0.428333 0.491171 297373 0.428333 0.191447 0.222844 0.157376 0.491171 -0.0788315 0.0400877 -0.249624 297373 11292.5 30114.1 3008.58 -218.507 nan nan nan -259966 nan nan nan -0.393907 nan nan nan
0 -188 0.423378 0.477426 286961 0.423378 0.193106 0.224776 0.15874 0.477426 -0.0788315 0.0400877 -0.249624 286961 11292.5 30114.1 3008.58 -188.491 nan nan nan -261844 nan nan nan -0.345653 nan nan nan
0 -207 0.418877 0.462025 277262 0.418877 0.194614 0.22653 0.159979 0.462025 -0.0788315 0.0400877 -0.249624 277262 11292.5 30114.1 3008.58 -207.477 nan nan nan -243914 nan nan nan -0.387311 nan nan nan
0 -233 0.414048 0.444394 268404 0.414048 0.196231 0.228413 0.161309 0.444394 -0.0788315 0.0400877 -0.249624 268404 11292.5 30114.1 3008.58 -233.462 nan nan nan -222757 nan nan nan -0.443375 nan nan nan
0 -83 0.408773 0.43799 258008 0.408773 0.197997 0.230469 0.162761 0.43799 -0.0788315 0.0400877 -0.249624 258008 11292.5 30114.1 3008.58 -83.4444 nan nan nan -261441 nan nan nan -0.161066 nan nan nan
0 -209 0.406028 0.421593 249492 0.406028 0.198916 0.231539 0.163516 0.421593 -0.0788315 0.0400877 -0.249624 249492 11292.5 30114.1 3008.58 -209.438 nan nan nan -214143 nan nan nan -0.412324 nan nan nan
0 -188 0.401086 0.406593 240983 0.401086 0.200572 0.233466 0.164877 0.406593 -0.0788315 0.0400877 -0.249624 240983 11292.5 30114.1 3008.58 -188.422 nan nan nan -213990 nan nan nan -0.377226 nan nan nan
0 -240 0.39648 0.387119 233699 0.39648 0.202114 0.235261 0.166145 0.387119 -0.0788315 0.0400877 -0.249624 233699 11292.5 30114.1 3008.58 -240.407 nan nan nan -183188 nan nan nan -0.489726 nan nan nan
0 -60 0.390958 0.382152 224551 0.390958 0.203963 0.237414 0.167665 0.382152 -0.0788315 0.0400877 -0.249624 224551 11292.5 30114.1 3008.58 -60.3871 nan nan nan -230052 nan nan nan -0.124915 nan nan nan
0 2041 0.388663 0.553392 381207 0.388663 0.204732 0.238308 0.168297 0.553392 -0.0788315 0.0400877 -0.249624 381207 11292.5 30114.1 3008.58 2040.62 nan nan nan 3.93957e+06 nan nan nan 4.3063 nan nan nan
0 -83 0.447348 0.54801 366326 0.447348 0.185079 0.215432 0.152141 0.54801 -0.0788315 0.0400877 -0.249624 366326 11292.5 30114.1 3008.58 -83.5534 nan nan nan -374226 nan nan nan -0.135327 nan nan nan
0 -210 0.444546 0.534177 353522 0.444546 0.186017 0.216524 0.152913 0.534177 -0.0788315 0.0400877 -0.249624 353522 11292.5 30114.1 3008.58 -210.548 nan nan nan -321996 nan nan nan -0.34787 nan nan nan
1 -155 0.187592 -0.136803 11797.8 0.439845 0.187592 0.218357 0.154207 0.534177 -0.136803 0.0400877 -0.249624 353522 11797.8 30114.1 3008.58 nan -154.921 nan nan nan 12708.1 nan nan nan -1.45786 nan nan
1 -60 0.179086 -0.158719 11471.2 0.44445 0.179086 0.220643 0.155821 0.534177 -0.158719 0.0400877 -0.249624 353522 11471.2 30114.1 3008.58 nan -59.8632 nan nan nan -8214.22 nan nan nan -0.551136 nan nan
1 -45 0.175779 -0.175367 11095 0.44624 0.175779 0.221532 0.156449 0.534177 -0.175367 0.0400877 -0.249624 353522 11095 30114.1 3008.58 nan -44.8413 nan nan nan -9460.44 nan nan nan -0.418672 nan nan
1 -158 0.173256 -0.234949 11644.3 0.447606 0.173256 0.22221 0.156928 0.534177 -0.234949 0.0400877 -0.249624 353522 11644.3 30114.1 3008.58 nan -157.825 nan nan nan 13813.6 nan nan nan -1.49834 nan nan
1 -50 0.16506 -0.253288 11279.7 0.452043 0.16506 0.224413 0.158484 0.534177 -0.253288 0.0400877 -0.249624 353522 11279.7 30114.1 3008.58 nan -49.7651 nan nan nan -9167.73 nan nan nan -0.461177 nan nan
1 -45 0.162435 -0.270041 10910.8 0.453465 0.162435 0.225118 0.158982 0.534177 -0.270041 0.0400877 -0.249624 353522 10910.8 30114.1 3008.58 nan -44.7467 nan nan nan -9277.47 nan nan nan -0.42132 nan nan
1 -168 0.160053 -0.333894 11595.7 0.454754 0.160053 0.225759 0.159434 0.534177 -0.333894 0.0400877 -0.249624 353522 11595.7 30114.1 3008.58 nan -167.73 nan nan nan 17222.5 nan nan nan -1.60577 nan nan
0 -270 0.459191 0.516084 342375 0.459191 0.151858 0.227961 0.16099 0.516084 -0.333894 0.0400877 -0.249624 342375 11595.7 30114.1 3008.58 -270.534 nan nan nan -280333 nan nan nan -0.455003 nan nan nan
1 -41 0.153441 -0.348911 11200.3 0.453554 0.153441 0.230337 0.162668 0.516084 -0.348911 0.0400877 -0.249624 342375 11200.3 30114.1 3008.58 nan -40.6661 nan nan nan -9941.94 nan nan nan -0.377646 nan nan
1 -45 0.151384 -0.365689 10834.2 0.454656 0.151384 0.230897 0.163063 0.516084 -0.365689 0.0400877 -0.249624 342375 10834.2 30114.1 3008.58 nan -44.6511 nan nan nan -9206.61 nan nan nan -0.421907 nan nan
1 -45 0.149132 -0.38274 10482.6 0.455862 0.149132 0.23151 0.163496 0.516084 -0.38274 0.0400877 -0.249624 342375 10482.6 30114.1 3008.58 nan -44.6343 nan nan nan -8842.01 nan nan nan -0.428815 nan nan
1 -158 0.146877 -0.443957 11053.7 0.457071 0.146877 0.232123 0.163929 0.516084 -0.443957 0.0400877 -0.249624 342375 11053.7 30114.1 3008.58 nan -157.617 nan nan nan 14360.6 nan nan nan -1.53946 nan nan
1 465 0.139533 -0.267916 19228.7 0.461006 0.139533 0.234122 0.16534 0.516084 -0.267916 0.0400877 -0.249624 342375 19228.7 30114.1 3008.58 nan 465.444 nan nan nan 205584 nan nan nan 4.42705 nan nan
1 -60 0.164281 -0.285045 18606 0.447746 0.164281 0.227388 0.160585 0.516084 -0.285045 0.0400877 -0.249624 342375 18606 30114.1 3008.58 nan -59.7321 nan nan nan -15660.8 nan nan nan -0.430757 nan nan
1 -45 0.161792 -0.29808 17945.6 0.44908 0.161792 0.228065 0.161063 0.516084 -0.29808 0.0400877 -0.249624 342375 17945.6 30114.1 3008.58 nan -44.715 nan nan nan -16606.5 nan nan nan -0.327813 nan nan
1 -150 0.159872 -0.342518 18123.2 0.450109 0.159872 0.228588 0.161432 0.516084 -0.342518 0.0400877 -0.249624 342375 18123.2 30114.1 3008.58 nan -149.702 nan nan nan 4465.06 nan nan nan -1.1175 nan nan
1 -165 0.154035 -0.391154 18480.6 0.453236 0.154035 0.230176 0.162553 0.516084 -0.391154 0.0400877 -0.249624 342375 18480.6 30114.1 3008.58 nan -164.657 nan nan nan 8988.92 nan nan nan -1.22311 nan nan
1 -55 0.147885 -0.407128 17864.3 0.456531 0.147885 0.231849 0.163735 0.516084 -0.407128 0.0400877 -0.249624 342375 17864.3 30114.1 3008.58 nan -54.6088 nan nan nan -15498.5 nan nan nan -0.401703 nan nan
1 -55 0.145744 -0.42337 17272.5 0.457678 0.145744 0.232432 0.164147 0.516084 -0.42337 0.0400877 -0.249624 342375 17272.5 30114.1 3008.58 nan -54.5929 nan nan nan -14883.9 nan nan nan -0.408454 nan nan
1 -45 0.143599 -0.436858 16664.6 0.458827 0.143599 0.233015 0.164559 0.516084 -0.436858 0.0400877 -0.249624 342375 16664.6 30114.1 3008.58 nan -44.5766 nan nan nan -15285.4 nan nan nan -0.33918 nan nan
1 -50 0.141809 -0.452125 16099.6 0.459786 0.141809 0.233502 0.164903 0.516084 -0.452125 0.0400877 -0.249624 342375 16099.6 30114.1 3008.58 nan -49.5631 nan nan nan -14208.1 nan nan nan -0.383938 nan nan
1 -180 0.139831 -0.508394 16741.4 0.460846 0.139831 0.23404 0.165283 0.516084 -0.508394 0.0400877 -0.249624 342375 16741.4 30114.1 3008.58 nan -179.548 nan nan nan 16137.8 nan nan nan -1.41505 nan nan
1 475 0.133341 -0.362256 25066.8 0.464323 0.133341 0.235806 0.16653 0.516084 -0.362256 0.0400877 -0.249624 342375 25066.8 30114.1 3008.58 nan 475.508 nan nan nan 209367 nan nan nan 3.67505 nan nan
1 -55 0.152979 -0.375979 24188.7 0.453802 0.152979 0.230463 0.162756 0.516084 -0.375979 0.0400877 -0.249624 342375 24188.7 30114.1 3008.58 nan -54.6377 nan nan nan -22081.5 nan nan nan -0.345099 nan nan
1 -45 0.151033 -0.387389 23306.1 0.454844 0.151033 0.230992 0.16313 0.516084 -0.387389 0.0400877 -0.249624 342375 23306.1 30114.1 3008.58 nan -44.624 nan nan nan -22197.4 nan nan nan -0.286921 nan nan
1 -169 0.149398 -0.431308 23509.8 0.45572 0.149398 0.231437 0.163445 0.516084 -0.431308 0.0400877 -0.249624 342375 23509.8 30114.1 3008.58 nan -168.613 nan nan nan 5124.15 nan nan nan -1.10447 nan nan
2 245 0.232922 0.0962196 31302.7 0.458643 0.143942 0.232922 0.164493 0.516084 -0.431308 0.0962196 -0.249624 342375 23509.8 31302.7 3008.58 nan nan 244.96 nan nan nan 29891.2 nan nan nan 1.41159 nan
