2 50 0.25 0.00446011 2500 0.25 0.25 0.25 0.25 0 0 0.00446011 0 1 1 2500 1 nan nan 50 nan nan nan 0 nan nan nan 1 nan
0 100 0.239112 0.00446011 10000 0.239112 0.239112 0.282665 0.239112 0.00446011 0 0.00446011 0 10000 1 2500 1 100 nan nan nan 0 nan nan nan 1 nan nan nan
1 100 0.218435 0.00446011 10000 0.304909 0.218435 0.258222 0.218435 0.00446011 0.00446011 0.00446011 0 10000 10000 2500 1 nan 100 nan nan nan 0 nan nan nan 1 nan nan
3 50 0.201049 0.00446011 2500 0.280641 0.280641 0.237669 0.201049 0.00446011 0.00446011 0.00446011 0.00446011 10000 10000 2500 2500 nan nan nan 50 nan nan nan 0 nan nan nan 1
1 80 0.270727 0.008028 9983.94 0.270727 0.270727 0.229273 0.229273 0.00446011 0.008028 0.00446011 0.00446011 10000 9983.94 2500 2500 nan 79.9955 nan nan nan -3600.71 nan nan nan 0.799955 nan nan
0 120 0.270485 0.00981204 10019.6 0.270485 0.271379 0.229068 0.229068 0.00981204 0.008028 0.00446011 0.00446011 10019.6 9983.94 2500 2500 119.996 nan nan nan 4398.93 nan nan nan 1.19996 nan nan nan
0 -70 0.271606 0.00669259 9996.79 0.271606 0.270962 0.228716 0.228716 0.00669259 0.008028 0.00446011 0.00446011 9996.79 9983.94 2500 2500 -70.0098 nan nan nan -5118.25 nan nan nan -0.699412 nan nan nan
0 90 0.270915 0.010707 9988.33 0.270915 0.271219 0.228933 0.228933 0.010707 0.008028 0.00446011 0.00446011 9988.33 9983.94 2500 2500 89.9933 nan nan nan -1898 nan nan nan 0.900077 nan nan nan
0 -190 0.271681 0.00222739 10104.8 0.271681 0.270934 0.228693 0.228693 0.00222739 0.008028 0.00446011 0.00446011 10104.8 9983.94 2500 2500 -190.011 nan nan nan 26115.7 nan nan nan -1.90122 nan nan nan
1 110 0.271415 0.0129377 9993.37 0.270387 0.271415 0.229099 0.229099 0.00222739 0.0129377 0.00446011 0.00446011 10104.8 9993.37 2500 2500 nan 109.992 nan nan nan 2114.29 nan nan nan 1.1008 nan nan
1 120 0.272418 0.018291 10013 0.270015 0.272418 0.228784 0.228784 0.00222739 0.018291 0.00446011 0.00446011 10104.8 10013 2500 2500 nan 119.987 nan nan nan 4403.52 nan nan nan 1.20027 nan nan
1 90 0.273545 0.0223017 10004.5 0.269596 0.273545 0.228429 0.228429 0.00222739 0.0223017 0.00446011 0.00446011 10104.8 10004.5 2500 2500 nan 89.9817 nan nan nan -1916.3 nan nan nan 0.899232 nan nan
1 100 0.274315 0.0267598 10004.4 0.269311 0.274315 0.228187 0.228187 0.00222739 0.0267598 0.00446011 0.00446011 10104.8 10004.4 2500 2500 nan 99.9777 nan nan nan -8.92353 nan nan nan 0.999554 nan nan
1 90 0.275203 0.0307718 9995.91 0.268981 0.275203 0.227908 0.227908 0.00222739 0.0307718 0.00446011 0.00446011 10104.8 9995.91 2500 2500 nan 89.9732 nan nan nan -1909.24 nan nan nan 0.899533 nan nan
1 120 0.275976 0.0361237 10015.5 0.268694 0.275976 0.227665 0.227665 0.00222739 0.0361237 0.00446011 0.00446011 10104.8 10015.5 2500 2500 nan 119.969 nan nan nan 4396.71 nan nan nan 1.19994 nan nan
1 -1140 0.277112 -0.0146838 15767.6 0.268273 0.277112 0.227308 0.227308 0.00222739 -0.0146838 0.00446011 0.00446011 10104.8 15767.6 2500 2500 nan -1140.04 nan nan nan 1.28967e+06 nan nan nan -11.3915 nan nan
1 80 0.283958 -0.0118417 15725.8 0.265732 0.283958 0.225155 0.225155 0.00222739 -0.0118417 0.00446011 0.00446011 10104.8 15725.8 2500 2500 nan 80.0147 nan nan nan -9365.22 nan nan nan 0.637217 nan nan
1 110 0.284424 -0.00792898 15709.6 0.265559 0.284424 0.225008 0.225008 0.00222739 -0.00792898 0.00446011 0.00446011 10104.8 15709.6 2500 2500 nan 110.012 nan nan nan -3623.2 nan nan nan 0.877269 nan nan
1 100 0.285177 -0.00437023 15684.2 0.265279 0.285177 0.224772 0.224772 0.00222739 -0.00437023 0.00446011 0.00446011 10104.8 15684.2 2500 2500 nan 100.008 nan nan nan -5708.06 nan nan nan 0.797905 nan nan
1 90 0.285834 -0.00116486 15650.4 0.265036 0.285834 0.224565 0.224565 0.00222739 -0.00116486 0.00446011 0.00446011 10104.8 15650.4 2500 2500 nan 90.0044 nan nan nan -7583.4 nan nan nan 0.718675 nan nan
0 100 0.264827 0.00666422 10104.3 0.264827 0.286397 0.224388 0.224388 0.00666422 -0.00116486 0.00446011 0.00446011 10104.3 15650.4 2500 2500 99.9978 nan nan nan -105.251 nan nan nan 0.994778 nan nan nan
0 -120 0.26569 0.00133949 10123.5 0.26569 0.286061 0.224124 0.224124 0.00133949 -0.00116486 0.00446011 0.00446011 10123.5 15650.4 2500 2500 -120.007 nan nan nan 4297.26 nan nan nan -1.19385 nan nan nan
0 120 0.264714 0.00665882 10142.6 0.264714 0.286441 0.224422 0.224422 0.00665882 -0.00116486 0.00446011 0.00446011 10142.6 15650.4 2500 2500 119.999 nan nan nan 4276.18 nan nan nan 1.19264 nan nan nan
0 -140 0.265812 0.000458411 10184.8 0.265812 0.286014 0.224087 0.224087 0.000458411 -0.00116486 0.00446011 0.00446011 10184.8 15650.4 2500 2500 -140.007 nan nan nan 9459.29 nan nan nan -1.39019 nan nan nan
1 -1370 0.286432 -0.050008 23951.7 0.264739 0.286432 0.224415 0.224415 0.000458411 -0.050008 0.00446011 0.00446011 10184.8 23951.7 2500 2500 nan -1370 nan nan nan 1.86125e+06 nan nan nan -10.9511 nan nan
2 60 0.221183 0.00981184 2504.9 0.260927 0.296707 0.221183 0.221183 0.000458411 -0.050008 0.00981184 0.00446011 10184.8 23951.7 2504.9 2500 nan nan 59.9955 nan nan nan 1099.46 nan nan nan 1.19991 nan
2 -10 0.222135 0.00891982 2494.18 0.260608 0.296344 0.222135 0.220913 0.000458411 -0.050008 0.00891982 0.00446011 10184.8 23951.7 2494.18 2500 nan nan -10.0098 nan nan nan -2404.71 nan nan nan -0.2 nan
3 40 0.220974 0.0080278 2495.98 0.26068 0.296427 0.221919 0.220974 0.000458411 -0.050008 0.00891982 0.0080278 10184.8 23951.7 2494.18 2495.98 nan nan nan 39.9955 nan nan nan -900.357 nan nan nan 0.799911
3 45 0.221566 0.0120444 2493.88 0.260482 0.296201 0.22175 0.221566 0.000458411 -0.050008 0.00891982 0.0120444 10184.8 23951.7 2494.18 2493.88 nan nan nan 44.992 nan nan nan -471.707 nan nan nan 0.900563
3 45 0.222247 0.0160624 2491.78 0.260254 0.295942 0.221556 0.222247 0.000458411 -0.050008 0.00891982 0.0160624 10184.8 23951.7 2494.18 2491.78 nan nan nan 44.988 nan nan nan -469.964 nan nan nan 0.900862
3 55 0.222931 0.0209751 2494.15 0.260026 0.295682 0.221362 0.222931 0.000458411 -0.050008 0.00891982 0.0209751 10184.8 23951.7 2494.18 2494.15 nan nan nan 54.9839 nan nan nan 531.449 nan nan nan 1.10149
3 60 0.223796 0.0263316 2499.08 0.259736 0.295353 0.221115 0.223796 0.000458411 -0.050008 0.00891982 0.0263316 10184.8 23951.7 2494.18 2499.08 nan nan nan 59.979 nan nan nan 1103.33 nan nan nan 1.20099
2 55 0.220841 0.0138309 2496.54 0.259415 0.294987 0.220841 0.224757 0.000458411 -0.050008 0.0138309 0.0263316 10184.8 23951.7 2496.54 2499.08 nan nan 54.9911 nan nan nan 529.84 nan nan nan 1.1011 nan
2 5 0.221701 0.014276 2485.52 0.259128 0.294662 0.221701 0.224509 0.000458411 -0.050008 0.014276 0.0263316 10184.8 23951.7 2485.52 2499.08 nan nan 4.98617 nan nan nan -2471.68 nan nan nan 0.0997924 nan
2 45 0.221715 0.0183005 2483.46 0.259124 0.294657 0.221715 0.224505 0.000458411 -0.050008 0.0183005 0.0263316 10184.8 23951.7 2483.46 2499.08 nan nan 44.9857 nan nan nan -461.802 nan nan nan 0.902332 nan
3 40 0.224308 0.029898 2495.06 0.258896 0.294398 0.222398 0.224308 0.000458411 -0.050008 0.0183005 0.029898 10184.8 23951.7 2483.46 2495.06 nan nan nan 39.9737 nan nan nan -901.181 nan nan nan 0.799621
3 55 0.224906 0.0348064 2497.41 0.258697 0.294171 0.222226 0.224906 0.000458411 -0.050008 0.0183005 0.0348064 10184.8 23951.7 2483.46 2497.41 nan nan nan 54.9701 nan nan nan 526.656 nan nan nan 1.10049
3 50 0.225776 0.0392657 2497.4 0.258406 0.293841 0.221977 0.225776 0.000458411 -0.050008 0.0183005 0.0392657 10184.8 23951.7 2483.46 2497.4 nan nan nan 49.9652 nan nan nan -0.884641 nan nan nan 0.999823
3 -190 0.226557 0.0223049 2647.34 0.258146 0.293545 0.221753 0.226557 0.000458411 -0.050008 0.0183005 0.0223049 10184.8 23951.7 2483.46 2647.34 nan nan nan -190.039 nan nan nan 33617.5 nan nan nan -3.80276
1 120 0.294343 -0.0465483 23909.2 0.258848 0.294343 0.222356 0.224452 0.000458411 -0.0465483 0.0183005 0.0223049 10184.8 23909.2 2483.46 2647.34 nan 120.05 nan nan nan -9539.72 nan nan nan 0.7757 nan nan
1 130 0.294967 -0.0427972 23878 0.258619 0.294967 0.22216 0.224254 0.000458411 -0.0427972 0.0183005 0.0223049 10184.8 23878 2483.46 2647.34 nan 130.047 nan nan nan -6997.07 nan nan nan 0.84104 nan nan
1 110 0.295678 -0.039621 23825.5 0.258358 0.295678 0.221936 0.224028 0.000458411 -0.039621 0.0183005 0.0223049 10184.8 23825.5 2483.46 2647.34 nan 110.043 nan nan nan -11768.6 nan nan nan 0.712136 nan nan
1 90 0.296222 -0.0370193 23755.4 0.258159 0.296222 0.221764 0.223855 0.000458411 -0.0370193 0.0183005 0.0223049 10184.8 23755.4 2483.46 2647.34 nan 90.0396 nan nan nan -15718.3 nan nan nan 0.583328 nan nan
1 100 0.296607 -0.0341244 23694.1 0.258018 0.296607 0.221643 0.223732 0.000458411 -0.0341244 0.0183005 0.0223049 10184.8 23694.1 2483.46 2647.34 nan 100.037 nan nan nan -13748 nan nan nan 0.649052 nan nan
0 -260 0.257847 -0.0110322 10440.8 0.257847 0.297073 0.221496 0.223584 -0.0110322 -0.0341244 0.0183005 0.0223049 10440.8 23694.1 2483.46 2647.34 -260 nan nan nan 57415.5 nan nan nan -2.57631 nan nan nan
1 120 0.297631 -0.0306464 23652.6 0.256452 0.297631 0.221912 0.224004 -0.0110322 -0.0306464 0.0183005 0.0223049 10440.8 23652.6 2483.46 2647.34 nan 120.034 nan nan nan -9285.87 nan nan nan 0.779803 nan nan
1 -1630 0.298265 -0.0779164 35396.8 0.256221 0.298265 0.221712 0.223802 -0.0110322 -0.0779164 0.0183005 0.0223049 10440.8 35396.8 2483.46 2647.34 nan -1629.97 nan nan nan 2.63315e+06 nan nan nan -10.5984 nan nan
2 0 0.21723 0.0182988 2472.38 0.251041 0.312452 0.21723 0.219277 -0.0110322 -0.0779164 0.0182988 0.0223049 10440.8 35396.8 2472.38 2647.34 nan nan -0.0183005 nan nan nan -2483.46 nan nan nan -0.000367226 nan
1 110 0.312478 -0.0753068 35292.9 0.251061 0.312478 0.217166 0.219295 -0.0110322 -0.0753068 0.0182988 0.0223049 10440.8 35292.9 2472.38 2647.34 nan 110.078 nan nan nan -23279.6 nan nan nan 0.585084 nan nan
1 140 0.312841 -0.0719813 35223 0.250928 0.312841 0.217052 0.219179 -0.0110322 -0.0719813 0.0182988 0.0223049 10440.8 35223 2472.38 2647.34 nan 140.075 nan nan nan -15671.8 nan nan nan 0.74562 nan nan
1 130 0.313423 -0.0688901 35141.4 0.250716 0.313423 0.216868 0.218993 -0.0110322 -0.0688901 0.0182988 0.0223049 10440.8 35141.4 2472.38 2647.34 nan 130.072 nan nan nan -18304.3 nan nan nan 0.693059 nan nan
1 100 0.313933 -0.0665093 35029.3 0.250529 0.313933 0.216707 0.218831 -0.0110322 -0.0665093 0.0182988 0.0223049 10440.8 35029.3 2472.38 2647.34 nan 100.069 nan nan nan -25127.6 nan nan nan 0.533813 nan nan
1 110 0.314232 -0.0638864 34927.1 0.25042 0.314232 0.216612 0.218736 -0.0110322 -0.0638864 0.0182988 0.0223049 10440.8 34927.1 2472.38 2647.34 nan 110.067 nan nan nan -22914.7 nan nan nan 0.588084 nan nan
3 55 0.218618 0.0270706 2649.01 0.250285 0.314601 0.216496 0.218618 -0.0110322 -0.0638864 0.0182988 0.0270706 10440.8 34927.1 2472.38 2649.01 nan nan nan 54.9777 nan nan nan 375.208 nan nan nan 1.06852
3 40 0.219442 0.0305346 2644.32 0.250021 0.314269 0.216267 0.219442 -0.0110322 -0.0638864 0.0182988 0.0305346 10440.8 34927.1 2472.38 2644.32 nan nan nan 39.9729 nan nan nan -1051.18 nan nan nan 0.776648
3 60 0.22001 0.035736 2648.57 0.249839 0.314041 0.21611 0.22001 -0.0110322 -0.0638864 0.0182988 0.035736 10440.8 34927.1 2472.38 2648.57 nan nan nan 59.9695 nan nan nan 952.013 nan nan nan 1.1662
3 40 0.220927 0.0391994 2643.88 0.249546 0.313671 0.215856 0.220927 -0.0110322 -0.0638864 0.0182988 0.0391994 10440.8 34927.1 2472.38 2643.88 nan nan nan 39.9643 nan nan nan -1051.43 nan nan nan 0.776544
1 120 0.313442 -0.061021 34835.6 0.249363 0.313442 0.215698 0.221498 -0.0110322 -0.061021 0.0182988 0.0391994 10440.8 34835.6 2472.38 2643.88 nan 120.064 nan nan nan -20511.8 nan nan nan 0.642438 nan nan
1 120 0.313883 -0.058152 34744.6 0.249202 0.313883 0.215559 0.221356 -0.0110322 -0.058152 0.0182988 0.0391994 10440.8 34744.6 2472.38 2643.88 nan 120.061 nan nan nan -20421 nan nan nan 0.643265 nan nan
1 140 0.314327 -0.0548007 34677.1 0.249041 0.314327 0.21542 0.221213 -0.0110322 -0.0548007 0.0182988 0.0391994 10440.8 34677.1 2472.38 2643.88 nan 140.058 nan nan nan -15128.3 nan nan nan 0.751389 nan nan
1 110 0.314919 -0.0521648 34576.4 0.248826 0.314919 0.215233 0.221021 -0.0110322 -0.0521648 0.0182988 0.0391994 10440.8 34576.4 2472.38 2643.88 nan 110.055 nan nan nan -22565 nan nan nan 0.591 nan nan
1 130 0.315294 -0.0490454 34497.7 0.24869 0.315294 0.215115 0.2209 -0.0110322 -0.0490454 0.0182988 0.0391994 10440.8 34497.7 2472.38 2643.88 nan 130.052 nan nan nan -17662.9 nan nan nan 0.699403 nan nan
1 -1860 0.315816 -0.0937088 49773.2 0.2485 0.315816 0.214952 0.220732 -0.0110322 -0.0937088 0.0182988 0.0391994 10440.8 49773.2 2472.38 2643.88 nan -1859.95 nan nan nan 3.42492e+06 nan nan nan -10.014 nan nan
1 120 0.333246 -0.0913079 49615.5 0.24217 0.333246 0.209475 0.215109 -0.0110322 -0.0913079 0.0182988 0.0391994 10440.8 49615.5 2472.38 2643.88 nan 120.094 nan nan nan -35350.7 nan nan nan 0.538298 nan nan
1 110 0.333519 -0.0891035 49448.3 0.242071 0.333519 0.20939 0.215021 -0.0110322 -0.0891035 0.0182988 0.0391994 10440.8 49448.3 2472.38 2643.88 nan 110.091 nan nan nan -37495.4 nan nan nan 0.494247 nan nan
1 130 0.333731 -0.0864943 49303.2 0.241994 0.333731 0.209323 0.214952 -0.0110322 -0.0864943 0.0182988 0.0391994 10440.8 49303.2 2472.38 2643.88 nan 130.089 nan nan nan -32525.1 nan nan nan 0.585013 nan nan
1 150 0.33407 -0.0834796 49183.8 0.24187 0.33407 0.209217 0.214843 -0.0110322 -0.0834796 0.0182988 0.0391994 10440.8 49183.8 2472.38 2643.88 nan 150.086 nan nan nan -26777.3 nan nan nan 0.675933 nan nan
3 45 0.214691 0.0430994 2641.1 0.241699 0.334542 0.209068 0.214691 -0.0110322 -0.0834796 0.0182988 0.0430994 10440.8 49183.8 2472.38 2641.1 nan nan nan 44.9608 nan nan nan -622.407 nan nan nan 0.874406
2 45 0.208897 0.0223336 2470.38 0.241501 0.334268 0.208897 0.215334 -0.0110322 -0.0834796 0.0223336 0.0430994 10440.8 49183.8 2470.38 2641.1 nan nan 44.9817 nan nan nan -449.028 nan nan nan 0.904645 nan
2 10 0.209554 0.023229 2459.8 0.241301 0.333991 0.209554 0.215155 -0.0110322 -0.0834796 0.023229 0.0430994 10440.8 49183.8 2459.8 2641.1 nan nan 9.97767 nan nan nan -2370.82 nan nan nan 0.200746 nan
3 55 0.215131 0.0478689 2642.8 0.241273 0.333953 0.209643 0.215131 -0.0110322 -0.0834796 0.023229 0.0478689 10440.8 49183.8 2459.8 2642.8 nan nan nan 54.9569 nan nan nan 379.156 nan nan nan 1.06937
3 65 0.215946 0.0535041 2649.82 0.241023 0.333606 0.209426 0.215946 -0.0110322 -0.0834796 0.023229 0.0535041 10440.8 49183.8 2459.8 2649.82 nan nan nan 64.9521 nan nan nan 1575.98 nan nan nan 1.26346
3 70 0.216941 0.0595645 2659.83 0.240717 0.333183 0.20916 0.216941 -0.0110322 -0.0834796 0.023229 0.0595645 10440.8 49183.8 2459.8 2659.83 nan nan nan 69.9465 nan nan nan 2242.69 nan nan nan 1.35881
3 50 0.218027 0.0638834 2659.09 0.240383 0.33272 0.20887 0.218027 -0.0110322 -0.0834796 0.023229 0.0638834 10440.8 49183.8 2459.8 2659.09 nan nan nan 49.9404 nan nan nan -165.78 nan nan nan 0.968335
3 -205 0.21876 0.0461469 2834.78 0.240158 0.332408 0.208674 0.21876 -0.0110322 -0.0834796 0.023229 0.0461469 10440.8 49183.8 2459.8 2834.78 nan nan nan -205.064 nan nan nan 39392.1 nan nan nan -3.9767
1 110 0.33329 -0.0812657 49018.5 0.240794 0.33329 0.209227 0.216688 -0.0110322 -0.0812657 0.023229 0.0461469 10440.8 49018.5 2459.8 2834.78 nan 110.083 nan nan nan -37065.4 nan nan nan 0.496376 nan nan
1 150 0.333506 -0.0782423 48900.3 0.240716 0.333506 0.209159 0.216618 -0.0110322 -0.0782423 0.023229 0.0461469 10440.8 48900.3 2459.8 2834.78 nan 150.081 nan nan nan -26494.1 nan nan nan 0.67787 nan nan
1 120 0.333981 -0.0758204 48746.5 0.240545 0.333981 0.20901 0.216463 -0.0110322 -0.0758204 0.023229 0.0461469 10440.8 48746.5 2459.8 2834.78 nan 120.078 nan nan nan -34481.5 nan nan nan 0.543011 nan nan
1 140 0.334263 -0.0729907 48616.6 0.240443 0.334263 0.208922 0.216372 -0.0110322 -0.0729907 0.023229 0.0461469 10440.8 48616.6 2459.8 2834.78 nan 140.076 nan nan nan -29125.3 nan nan nan 0.634441 nan nan
1 140 0.334675 -0.0701574 48487.3 0.240294 0.334675 0.208793 0.216238 -0.0110322 -0.0701574 0.023229 0.0461469 10440.8 48487.3 2459.8 2834.78 nan 140.073 nan nan nan -28996.2 nan nan nan 0.635275 nan nan
1 150 0.335089 -0.0671177 48371.5 0.240145 0.335089 0.208663 0.216104 -0.0110322 -0.0671177 0.023229 0.0461469 10440.8 48371.5 2459.8 2834.78 nan 150.07 nan nan nan -25966.2 nan nan nan 0.681523 nan nan
1 130 0.335571 -0.06448 48231.2 0.239971 0.335571 0.208511 0.215947 -0.0110322 -0.06448 0.023229 0.0461469 10440.8 48231.2 2459.8 2834.78 nan 130.067 nan nan nan -31454 nan nan nan 0.591388 nan nan
1 120 0.335923 -0.0620417 48080.4 0.239844 0.335923 0.208401 0.215832 -0.0110322 -0.0620417 0.023229 0.0461469 10440.8 48080.4 2459.8 2834.78 nan 120.064 nan nan nan -33815.7 nan nan nan 0.546702 nan nan
1 140 0.336212 -0.0591927 47953.4 0.239739 0.336212 0.20831 0.215738 -0.0110322 -0.0591927 0.023229 0.0461469 10440.8 47953.4 2459.8 2834.78 nan 140.062 nan nan nan -28463 nan nan nan 0.638758 nan nan
3 60 0.215602 0.0511692 2838.17 0.239587 0.336633 0.208178 0.215602 -0.0110322 -0.0591927 0.023229 0.0511692 10440.8 47953.4 2459.8 2838.17 nan nan nan 59.9539 nan nan nan 759.683 nan nan nan 1.12605
3 55 0.21647 0.0557694 2838.98 0.239322 0.336261 0.207948 0.21647 -0.0110322 -0.0591927 0.023229 0.0557694 10440.8 47953.4 2459.8 2838.98 nan nan nan 54.9488 nan nan nan 181.204 nan nan nan 1.03143
3 65 0.217256 0.0612058 2845.13 0.239082 0.335923 0.207739 0.217256 -0.0110322 -0.0591927 0.023229 0.0612058 10440.8 47953.4 2459.8 2845.13 nan nan nan 64.9442 nan nan nan 1378.78 nan nan nan 1.21888
1 -2090 0.335512 -0.101759 67220.6 0.238789 0.335512 0.207485 0.218214 -0.0110322 -0.101759 0.023229 0.0612058 10440.8 67220.6 2459.8 2845.13 nan -2089.94 nan nan nan 4.3199e+06 nan nan nan -9.54386 nan nan
1 120 0.356172 -0.0996934 66985.2 0.231365 0.356172 0.201034 0.21143 -0.0110322 -0.0996934 0.023229 0.0612058 10440.8 66985.2 2459.8 2845.13 nan 120.102 nan nan nan -52796.2 nan nan nan 0.463231 nan nan
1 160 0.3563 -0.0969344 66800.7 0.231319 0.3563 0.200994 0.211388 -0.0110322 -0.0969344 0.023229 0.0612058 10440.8 66800.7 2459.8 2845.13 nan 160.1 nan nan nan -41353.3 nan nan nan 0.618588 nan nan
1 130 0.356661 -0.0946894 66578.3 0.231189 0.356661 0.200881 0.211269 -0.0110322 -0.0946894 0.023229 0.0612058 10440.8 66578.3 2459.8 2845.13 nan 130.097 nan nan nan -49875.5 nan nan nan 0.503357 nan nan
1 150 0.356847 -0.0920949 66381.8 0.231122 0.356847 0.200823 0.211208 -0.0110322 -0.0920949 0.023229 0.0612058 10440.8 66381.8 2459.8 2845.13 nan 150.095 nan nan nan -44049.9 nan nan nan 0.5817 nan nan
1 150 0.357152 -0.0894967 66186.2 0.231012 0.357152 0.200728 0.211108 -0.0110322 -0.0894967 0.023229 0.0612058 10440.8 66186.2 2459.8 2845.13 nan 150.092 nan nan nan -43854.2 nan nan nan 0.58255 nan nan
1 160 0.357459 -0.0867213 66005.3 0.230902 0.357459 0.200632 0.211007 -0.0110322 -0.0867213 0.023229 0.0612058 10440.8 66005.3 2459.8 2845.13 nan 160.089 nan nan nan -40557.6 nan nan nan 0.62227 nan nan
1 140 0.357828 -0.0842893 65798.5 0.23077 0.357828 0.200517 0.210886 -0.0110322 -0.0842893 0.023229 0.0612058 10440.8 65798.5 2459.8 2845.13 nan 140.087 nan nan nan -46381 nan nan nan 0.545265 nan nan
1 130 0.358079 -0.0820275 65580.5 0.230679 0.358079 0.200438 0.210803 -0.0110322 -0.0820275 0.023229 0.0612058 10440.8 65580.5 2459.8 2845.13 nan 130.084 nan nan nan -48876.5 nan nan nan 0.507127 nan nan
3 80 0.210739 0.06789 2860.94 0.230609 0.358274 0.200377 0.210739 -0.0110322 -0.0820275 0.023229 0.06789 10440.8 65580.5 2459.8 2860.94 nan nan nan 79.9388 nan nan nan 3545.08 nan nan nan 1.49867
3 40 0.211935 0.0712198 2855.29 0.23026 0.357731 0.200074 0.211935 -0.0110322 -0.0820275 0.023229 0.0712198 10440.8 65580.5 2459.8 2855.29 nan nan nan 39.9321 nan nan nan -1266.37 nan nan nan 0.746566
3 80 0.212463 0.0778913 2871.05 0.230106 0.357492 0.19994 0.212463 -0.0110322 -0.0820275 0.023229 0.0778913 10440.8 65580.5 2459.8 2871.05 nan nan nan 79.9288 nan nan nan 3533.32 nan nan nan 1.49582
3 40 0.213663 0.0812143 2865.35 0.229755 0.356947 0.199635 0.213663 -0.0110322 -0.0820275 0.023229 0.0812143 10440.8 65580.5 2459.8 2865.35 nan nan nan 39.9221 nan nan nan -1277.27 nan nan nan 0.745063
1 250 0.25 0.00446011 62500 0.25 0.25 0.25 0.25 0 0.00446011 0 0 1 62500 1 1 nan 250 nan nan nan 0 nan nan nan 1 nan nan
1 220 0.433766 0.00838493 62437.1 0.188745 0.433766 0.188745 0.188745 0 0.00838493 0 0 1 62437.1 1 1 nan 219.996 nan nan nan -14102 nan nan nan 0.879982 nan nan
1 80 0.434627 0.00981273 62187.2 0.188458 0.434627 0.188458 0.188458 0 0.00981273 0 0 1 62187.2 1 1 nan 79.9916 nan nan nan -56038.4 nan nan nan 0.320128 nan nan
1 280 0.434569 0.0148204 62259.5 0.188477 0.434569 0.188477 0.188477 0 0.0148204 0 0 1 62259.5 1 1 nan 279.99 nan nan nan 16207.3 nan nan nan 1.12277 nan nan
1 110 0.435918 0.0167864 62035.7 0.188027 0.435918 0.188027 0.188027 0 0.0167864 0 0 1 62035.7 1 1 nan 109.985 nan nan nan -50162.7 nan nan nan 0.44079 nan nan
1 -775 0.436035 0.00290812 64438 0.187988 0.436035 0.187988 0.187988 0 0.00290812 0 0 1 64438 1 1 nan -775.017 nan nan nan 538615 nan nan nan -3.11165 nan nan
1 80 0.436527 0.00431367 64179.1 0.187824 0.436527 0.187824 0.187824 0 0.00431367 0 0 1 64179.1 1 1 nan 79.9971 nan nan nan -58038.5 nan nan nan 0.31514 nan nan
1 280 0.436455 0.00924314 64242.6 0.187848 0.436455 0.187848 0.187848 0 0.00924314 0 0 1 64242.6 1 1 nan 279.996 nan nan nan 14218.4 nan nan nan 1.10523 nan nan
1 -1060 0.43777 -0.00940965 68967.5 0.18741 0.43777 0.18741 0.18741 0 -0.00940965 0 0 1 68967.5 1 1 nan -1060.01 nan nan nan 1.05938e+06 nan nan nan -4.18214 nan nan
1 285 0.440672 -0.00456924 69022.2 0.186443 0.440672 0.186443 0.186443 0 -0.00456924 0 0 1 69022.2 1 1 nan 285.009 nan nan nan 12262.9 nan nan nan 1.08527 nan nan
1 110 0.44195 -0.00270173 68768.3 0.186017 0.44195 0.186017 0.186017 0 -0.00270173 0 0 1 68768.3 1 1 nan 110.005 nan nan nan -56921.2 nan nan nan 0.418713 nan nan
1 250 0.442014 0.0015503 68740.4 0.185995 0.442014 0.185995 0.185995 0 0.0015503 0 0 1 68740.4 1 1 nan 250.003 nan nan nan -6266.97 nan nan nan 0.953346 nan nan
2 250 0.18566 0.00446011 62500 0.18566 0.44302 0.18566 0.18566 0 0.0015503 0.00446011 0 1 68740.4 62500 1 nan nan 250 nan nan nan 0 nan nan nan 1 nan
2 220 0.343812 0.00838493 62437.1 0.149603 0.356981 0.343812 0.149603 0 0.0015503 0.00838493 0 1 68740.4 62437.1 1 nan nan 219.996 nan nan nan -14102 nan nan nan 0.879982 nan
2 265 0.344604 0.0131149 62471.8 0.149423 0.356551 0.344604 0.149423 0 0.0015503 0.0131149 0 1 68740.4 62471.8 1 nan nan 264.992 nan nan nan 7783.45 nan nan nan 1.0605 nan
2 108 0.345725 0.0150418 62245.2 0.149167 0.355941 0.345725 0.149167 0 0.0015503 0.0150418 0 1 68740.4 62245.2 1 nan nan 107.987 nan nan nan -50810.7 nan nan nan 0.432045 nan
2 108 0.34582 0.0169723 62019.6 0.149146 0.355889 0.34582 0.149146 0 0.0015503 0.0169723 0 1 68740.4 62019.6 1 nan nan 107.985 nan nan nan -50584.4 nan nan nan 0.432823 nan
2 -673 0.345916 0.00491895 63763.2 0.149124 0.355837 0.345916 0.149124 0 0.0015503 0.00491895 0 1 68740.4 63763.2 1 nan nan -673.017 nan nan nan 390932 nan nan nan -2.70247 nan
2 235 0.345803 0.00906963 63725.1 0.149149 0.355898 0.345803 0.149149 0 0.0015503 0.00906963 0 1 68740.4 63725.1 1 nan nan 234.995 nan nan nan -8540.5 nan nan nan 0.930623 nan
2 90 0.346686 0.0106596 63477 0.148948 0.355418 0.346686 0.148948 0 0.0015503 0.0106596 0 1 68740.4 63477 1 nan nan 89.9909 nan nan nan -55626.7 nan nan nan 0.356487 nan
2 117 0.346676 0.0127306 63254.9 0.14895 0.355423 0.346676 0.14895 0 0.0015503 0.0127306 0 1 68740.4 63254.9 1 nan nan 116.989 nan nan nan -49790.5 nan nan nan 0.464342 nan
2 -470 0.346813 0.00439557 63958.1 0.148919 0.355349 0.346813 0.148919 0 0.0015503 0.00439557 0 1 68740.4 63958.1 1 nan nan -470.013 nan nan nan 157657 nan nan nan -1.8688 nan
2 265 0.345975 0.00906901 63986 0.14911 0.355805 0.345975 0.14911 0 0.0015503 0.00906901 0 1 68740.4 63986 1 nan nan 264.996 nan nan nan 6264.58 nan nan nan 1.04783 nan
2 250 0.347075 0.0134769 63979.4 0.148859 0.355206 0.347075 0.148859 0 0.0015503 0.0134769 0 1 68740.4 63979.4 1 nan nan 249.991 nan nan nan -1490.57 nan nan nan 0.988284 nan
2 285 0.348065 0.018502 64056.3 0.148634 0.354668 0.348065 0.148634 0 0.0015503 0.018502 0 1 68740.4 64056.3 1 nan nan 284.987 nan nan nan 17237.9 nan nan nan 1.12669 nan
2 90 0.34932 0.0200877 63806.7 0.148347 0.353985 0.34932 0.148347 0 0.0015503 0.0200877 0 1 68740.4 63806.7 1 nan nan 89.9815 nan nan nan -55959.6 nan nan nan 0.355527 nan
2 -606 0.349308 0.00938732 65160.1 0.14835 0.353991 0.349308 0.14835 0 0.0015503 0.00938732 0 1 68740.4 65160.1 1 nan nan -606.02 nan nan nan 303454 nan nan nan -2.39913 nan
2 84 0.348889 0.0108548 64901 0.148446 0.354219 0.348889 0.148446 0 0.0015503 0.0108548 0 1 68740.4 64901 1 nan nan 83.9906 nan nan nan -58105.7 nan nan nan 0.329033 nan
2 99 0.348839 0.0125879 64655.2 0.148457 0.354247 0.348839 0.148457 0 0.0015503 0.0125879 0 1 68740.4 64655.2 1 nan nan 98.9891 nan nan nan -55102.1 nan nan nan 0.388564 nan
2 117 0.348868 0.0146399 64427.9 0.148451 0.354231 0.348868 0.148451 0 0.0015503 0.0146399 0 1 68740.4 64427.9 1 nan nan 116.987 nan nan nan -50969.1 nan nan nan 0.460084 nan
2 134 0.348997 0.0169942 64220.6 0.148421 0.354161 0.348997 0.148421 0 0.0015503 0.0169942 0 1 68740.4 64220.6 1 nan nan 133.985 nan nan nan -46475.8 nan nan nan 0.527862 nan
2 -448 0.349223 0.00910921 64829.4 0.14837 0.354038 0.349223 0.14837 0 0.0015503 0.00910921 0 1 68740.4 64829.4 1 nan nan -448.017 nan nan nan 136499 nan nan nan -1.7679 nan
3 100 0.148572 0.00446011 10000 0.148572 0.35452 0.348337 0.148572 0 0.0015503 0.00910921 0.00446011 1 68740.4 64829.4 10000 nan nan nan 100 nan nan nan 0 nan nan nan 1
3 117 0.195868 0.00967824 10016.4 0.140319 0.334827 0.328987 0.195868 0 0.0015503 0.00910921 0.00967824 1 68740.4 64829.4 10016.4 nan nan nan 116.996 nan nan nan 3687.96 nan nan nan 1.16996
3 30 0.196734 0.0110147 9975.79 0.140167 0.334466 0.328632 0.196734 0 0.0015503 0.00910921 0.0110147 1 68740.4 64829.4 9975.79 nan nan nan 29.9903 nan nan nan -9117.03 nan nan nan 0.299657
3 280 0.196839 0.0235177 10280.9 0.140149 0.334422 0.32859 0.196839 0 0.0015503 0.00910921 0.0235177 1 68740.4 64829.4 10280.9 nan nan nan 279.989 nan nan nan 68418 nan nan nan 2.80329
3 -15 0.199627 0.0228569 10236.1 0.139663 0.333261 0.327449 0.199627 0 0.0015503 0.00910921 0.0228569 1 68740.4 64829.4 10236.1 nan nan nan -15.0235 nan nan nan -10055.2 nan nan nan -0.148168
3 90 0.199404 0.0268234 10226.5 0.139702 0.333354 0.32754 0.199404 0 0.0015503 0.00910921 0.0268234 1 68740.4 64829.4 10226.5 nan nan nan 89.9771 nan nan nan -2140.2 nan nan nan 0.889335
3 -520 0.200013 0.00388796 11387.1 0.139595 0.333101 0.327291 0.200013 0 0.0015503 0.00910921 0.00388796 1 68740.4 64829.4 11387.1 nan nan nan -520.027 nan nan nan 260201 nan nan nan -5.14235
3 280 0.199314 0.0155908 11685.9 0.139717 0.333392 0.327577 0.199314 0 0.0015503 0.00910921 0.0155908 1 68740.4 64829.4 11685.9 nan nan nan 279.996 nan nan nan 67010.8 nan nan nan 2.62389
0 100 0.139261 0.00446011 10000 0.139261 0.332302 0.326506 0.201932 0.00446011 0.0015503 0.00910921 0.0155908 10000 68740.4 64829.4 11685.9 100 nan nan nan 0 nan nan nan 1 nan nan nan
0 -130 0.184234 -0.00133823 10030.8 0.184234 0.314939 0.309446 0.191381 -0.00133823 0.0015503 0.00910921 0.0155908 10030.8 68740.4 64829.4 11685.9 -130.004 nan nan nan 6901.16 nan nan nan -1.30004 nan nan nan
3 -250 0.191567 0.00527554 11912.6 0.183441 0.315245 0.309747 0.191567 -0.00133823 0.0015503 0.00910921 0.00527554 10030.8 68740.4 64829.4 11912.6 nan nan nan -250.016 nan nan nan 50821.8 nan nan nan -2.31278
2 117 0.310152 0.0111585 64601.3 0.183681 0.315658 0.310152 0.190509 -0.00133823 0.0015503 0.0111585 0.00527554 10030.8 68740.4 64601.3 11912.6 nan nan 116.991 nan nan nan -51142.5 nan nan nan 0.459479 nan
2 125 0.310272 0.0133518 64382.8 0.183649 0.315603 0.310272 0.190476 -0.00133823 0.0015503 0.0133518 0.00527554 10030.8 68740.4 64382.8 11912.6 nan nan 124.989 nan nan nan -48979.1 nan nan nan 0.491757 nan
2 210 0.310435 0.0170429 64292.3 0.183606 0.315528 0.310435 0.190431 -0.00133823 0.0015503 0.0170429 0.00527554 10030.8 68740.4 64292.3 11912.6 nan nan 209.987 nan nan nan -20288.4 nan nan nan 0.827574 nan
2 152 0.311099 0.0197163 64108.6 0.183429 0.315225 0.311099 0.190248 -0.00133823 0.0015503 0.0197163 0.00527554 10030.8 68740.4 64108.6 11912.6 nan nan 151.983 nan nan nan -41193.5 nan nan nan 0.599398 nan
2 -553 0.311414 0.00997473 65186.7 0.183345 0.315081 0.311414 0.190161 -0.00133823 0.0015503 0.00997473 0.00527554 10030.8 68740.4 65186.7 11912.6 nan nan -553.02 nan nan nan 241722 nan nan nan -2.18415 nan
2 300 0.310836 0.0152152 65297.4 0.183499 0.315345 0.310836 0.19032 -0.00133823 0.0015503 0.0152152 0.00527554 10030.8 68740.4 65297.4 11912.6 nan nan 299.99 nan nan nan 24807.3 nan nan nan 1.17497 nan
2 108 0.312115 0.0171 65058.1 0.183158 0.31476 0.312115 0.189967 -0.00133823 0.0015503 0.0171 0.00527554 10030.8 68740.4 65058.1 11912.6 nan nan 107.985 nan nan nan -53636.6 nan nan nan 0.422586 nan
2 125 0.312185 0.0192855 64837.6 0.18314 0.314728 0.312185 0.189948 -0.00133823 0.0015503 0.0192855 0.00527554 10030.8 68740.4 64837.6 11912.6 nan nan 124.983 nan nan nan -49437.4 nan nan nan 0.490004 nan
2 -448 0.312345 0.011438 65443.7 0.183097 0.314654 0.312345 0.189903 -0.00133823 0.0015503 0.011438 0.00527554 10030.8 68740.4 65443.7 11912.6 nan nan -448.019 nan nan nan 135884 nan nan nan -1.75948 nan
2 154 0.311508 0.0141228 65257.6 0.18332 0.315037 0.311508 0.190135 -0.00133823 0.0015503 0.0141228 0.00527554 10030.8 68740.4 65257.6 11912.6 nan nan 153.989 nan nan nan -41731.2 nan nan nan 0.601942 nan
2 295 0.311824 0.019273 65354.6 0.183236 0.314893 0.311824 0.190047 -0.00133823 0.0015503 0.019273 0.00527554 10030.8 68740.4 65354.6 11912.6 nan nan 294.986 nan nan nan 21759.1 nan nan nan 1.15474 nan
2 143 0.313066 0.0217676 65154.3 0.182905 0.314324 0.313066 0.189704 -0.00133823 0.0015503 0.0217676 0.00527554 10030.8 68740.4 65154.3 11912.6 nan nan 142.981 nan nan nan -44911.1 nan nan nan 0.559293 nan
3 -362 0.189633 -0.00951749 12444 0.182837 0.314207 0.313323 0.189633 -0.00133823 0.0015503 0.0217676 -0.00951749 10030.8 68740.4 65154.3 12444 nan nan nan -362.005 nan nan nan 119135 nan nan nan -3.31674
3 108 0.188592 -0.00519903 12440.5 0.183072 0.314611 0.313725 0.188592 -0.00133823 0.0015503 0.0217676 -0.00519903 10030.8 68740.4 65154.3 12440.5 nan nan nan 108.01 nan nan nan -777.918 nan nan nan 0.968239
1 90 0.314357 0.0030813 68469.9 0.182924 0.314357 0.313473 0.189246 -0.00133823 0.0030813 0.0217676 -0.00519903 10030.8 68469.9 65154.3 12440.5 nan 89.9984 nan nan nan -60640.6 nan nan nan 0.343265 nan nan
1 -905 0.314317 -0.0123444 71817.5 0.182935 0.314317 0.313491 0.189257 -0.00133823 -0.0123444 0.0217676 -0.00519903 10030.8 71817.5 65154.3 12440.5 nan -905.003 nan nan nan 750561 nan nan nan -3.4586 nan nan
2 108 0.31294 0.0236543 64915.7 0.182614 0.315522 0.31294 0.188925 -0.00133823 -0.0123444 0.0236543 -0.00519903 10030.8 71817.5 64915.7 12440.5 nan nan 107.978 nan nan nan -53495 nan nan nan 0.423024 nan
1 280 0.315489 -0.0076842 71846.9 0.182595 0.315489 0.313011 0.188905 -0.00133823 -0.0076842 0.0236543 -0.00519903 10030.8 71846.9 64915.7 12440.5 nan 280.012 nan nan nan 6589.43 nan nan nan 1.04487 nan nan
1 295 0.316536 -0.00277541 71914.6 0.182315 0.316536 0.312533 0.188616 -0.00133823 -0.00277541 0.0236543 -0.00519903 10030.8 71914.6 64915.7 12440.5 nan 295.008 nan nan nan 15182.7 nan nan nan 1.1006 nan nan
1 90 0.31769 -0.00127851 71630 0.182008 0.31769 0.312005 0.188298 -0.00133823 -0.00127851 0.0236543 -0.00519903 10030.8 71630 64915.7 12440.5 nan 90.0028 nan nan nan -63814.1 nan nan nan 0.33562 nan nan
0 265 0.182023 0.010463 10299.3 0.182023 0.317631 0.312032 0.188314 0.010463 -0.00127851 0.0236543 -0.00519903 10299.3 71630 64915.7 12440.5 265.001 nan nan nan 60194.9 nan nan nan 2.64594 nan nan nan
0 -145 0.184452 0.00409 10347.1 0.184452 0.316688 0.311105 0.187755 0.00409 -0.00127851 0.0236543 -0.00519903 10347.1 71630 64915.7 12440.5 -145.01 nan nan nan 10728.8 nan nan nan -1.42888 nan nan nan
0 235 0.183612 0.0143938 10547.3 0.183612 0.317014 0.311426 0.187948 0.0143938 -0.00127851 0.0236543 -0.00519903 10547.3 71630 64915.7 12440.5 234.996 nan nan nan 44876 nan nan nan 2.31021 nan nan nan
0 100 0.185653 0.018736 10544.8 0.185653 0.316222 0.310647 0.187478 0.018736 -0.00127851 0.0236543 -0.00519903 10544.8 71630 64915.7 12440.5 99.9856 nan nan nan -550.138 nan nan nan 0.973571 nan nan nan
0 -15 0.186305 0.0180837 10498.8 0.186305 0.315969 0.310399 0.187328 0.0180837 -0.00127851 0.0236543 -0.00519903 10498.8 71630 64915.7 12440.5 -15.0187 nan nan nan -10319.2 nan nan nan -0.146256 nan nan nan
0 120 0.186093 0.0233064 10516.2 0.186093 0.316051 0.310479 0.187377 0.0233064 -0.00127851 0.0236543 -0.00519903 10516.2 71630 64915.7 12440.5 119.982 nan nan nan 3896.88 nan nan nan 1.17097 nan nan nan
0 -190 0.186928 0.0150417 10630.3 0.186928 0.315727 0.310161 0.187185 0.0150417 -0.00127851 0.0236543 -0.00519903 10630.3 71630 64915.7 12440.5 -190.023 nan nan nan 25592.7 nan nan nan -1.85301 nan nan nan
0 -90 0.185954 0.0111478 10619 0.185954 0.316105 0.310532 0.187409 0.0111478 -0.00127851 0.0236543 -0.00519903 10619 71630 64915.7 12440.5 -90.015 nan nan nan -2527.6 nan nan nan -0.873056 nan nan nan
0 265 0.185338 0.0226169 10884.9 0.185338 0.316344 0.310767 0.187551 0.0226169 -0.00127851 0.0236543 -0.00519903 10884.9 71630 64915.7 12440.5 264.989 nan nan nan 59600.1 nan nan nan 2.57149 nan nan nan
0 -130 0.187725 0.0170585 10911.7 0.187725 0.315417 0.309857 0.187001 0.0170585 -0.00127851 0.0236543 -0.00519903 10911.7 71630 64915.7 12440.5 -130.023 nan nan nan 6021.02 nan nan nan -1.24626 nan nan nan
2 117 0.310155 0.025702 64687.2 0.186944 0.315721 0.310155 0.187181 0.0170585 -0.00127851 0.025702 -0.00519903 10911.7 71630 64687.2 12440.5 nan nan 116.976 nan nan nan -51232.3 nan nan nan 0.459117 nan
2 -576 0.310274 0.0156007 65878.6 0.186911 0.315666 0.310274 0.187149 0.0170585 -0.00127851 0.0156007 -0.00519903 10911.7 71630 65878.6 12440.5 nan nan -576.026 nan nan nan 267118 nan nan nan -2.26481 nan
3 -177 0.187285 -0.0122767 12524.7 0.187048 0.315896 0.309771 0.187285 0.0170585 -0.00127851 0.0156007 -0.0122767 10911.7 71630 65878.6 12524.7 nan nan nan -176.995 nan nan nan 18886.7 nan nan nan -1.58687
1 -1215 0.31624 -0.0215261 77894.6 0.187251 0.31624 0.310108 0.1864 0.0170585 -0.0215261 0.0156007 -0.0122767 10911.7 77894.6 65878.6 12524.7 nan -1215 nan nan nan 1.40459e+06 nan nan nan -4.53971 nan nan
0 285 0.186192 0.0292264 11225.3 0.186192 0.32011 0.308353 0.185345 0.0292264 -0.0215261 0.0156007 -0.0122767 11225.3 77894.6 65878.6 12524.7 284.983 nan nan nan 70303.6 nan nan nan 2.72818 nan nan nan
0 -50 0.1888 0.0271204 11186.4 0.1888 0.319084 0.307365 0.184751 0.0271204 -0.0215261 0.0156007 -0.0122767 11186.4 77894.6 65878.6 12524.7 -50.0292 nan nan nan -8722.35 nan nan nan -0.472199 nan nan nan
0 -50 0.188384 0.0250108 11147.6 0.188384 0.319248 0.307522 0.184846 0.0250108 -0.0215261 0.0156007 -0.0122767 11147.6 77894.6 65878.6 12524.7 -50.0271 nan nan nan -8683.66 nan nan nan -0.473 nan nan nan
2 325 0.307679 0.0212479 66055.8 0.187969 0.319411 0.307679 0.18494 0.0250108 -0.0215261 0.0212479 -0.0122767 11147.6 77894.6 66055.8 12524.7 nan nan 324.984 nan nan nan 39736.3 nan nan nan 1.26617 nan
2 310 0.309129 0.0266272 66189.8 0.187575 0.318743 0.309129 0.184553 0.0250108 -0.0215261 0.0266272 -0.0122767 11147.6 77894.6 66189.8 12524.7 nan nan 309.979 nan nan nan 30031 nan nan nan 1.20608 nan
2 143 0.310464 0.0291058 65985.7 0.187213 0.318127 0.310464 0.184197 0.0250108 -0.0215261 0.0291058 -0.0122767 11147.6 77894.6 65985.7 12524.7 nan nan 142.973 nan nan nan -45748.4 nan nan nan 0.555725 nan
0 70 0.187145 0.0279667 11119.8 0.187145 0.318012 0.310712 0.18413 0.0279667 -0.0215261 0.0291058 -0.0122767 11119.8 77894.6 65985.7 12524.7 69.975 nan nan nan -6251.14 nan nan nan 0.662752 nan nan nan
0 100 0.187529 0.0321951 11114.7 0.187529 0.317862 0.310566 0.184044 0.0321951 -0.0215261 0.0291058 -0.0122767 11114.7 77894.6 65985.7 12524.7 99.972 nan nan nan -1125.35 nan nan nan 0.948049 nan nan nan
0 -135 0.188162 0.0264825 11146.5 0.188162 0.317615 0.310324 0.1839 0.0264825 -0.0215261 0.0291058 -0.0122767 11146.5 77894.6 65985.7 12524.7 -135.032 nan nan nan 7118.95 nan nan nan -1.28082 nan nan nan
2 -708 0.310628 0.0168124 67927.3 0.187367 0.317926 0.310628 0.18408 0.0264825 -0.0215261 0.0168124 -0.0122767 11146.5 77894.6 67927.3 12524.7 nan nan -708.029 nan nan nan 435319 nan nan nan -2.7563 nan
2 153 0.310666 0.0194304 67728.7 0.187356 0.317908 0.310666 0.18407 0.0264825 -0.0215261 0.0194304 -0.0122767 11146.5 77894.6 67728.7 12524.7 nan nan 152.983 nan nan nan -44523.4 nan nan nan 0.586978 nan
2 134 0.310955 0.0217265 67506.7 0.187278 0.317775 0.310955 0.183993 0.0264825 -0.0215261 0.0217265 -0.0122767 11146.5 77894.6 67506.7 12524.7 nan nan 133.981 nan nan nan -49777.9 nan nan nan 0.51482 nan
2 152 0.311143 0.0243354 67308.6 0.187227 0.317688 0.311143 0.183943 0.0264825 -0.0215261 0.0243354 -0.0122767 11146.5 77894.6 67308.6 12524.7 nan nan 151.978 nan nan nan -44409.3 nan nan nan 0.584936 nan
2 142 0.31143 0.0267761 67098.3 0.187148 0.317555 0.31143 0.183866 0.0264825 -0.0215261 0.0267761 -0.0122767 11146.5 77894.6 67098.3 12524.7 nan nan 141.976 nan nan nan -47151.5 nan nan nan 0.547241 nan
2 125 0.311665 0.028928 66868.7 0.187085 0.317447 0.311665 0.183803 0.0264825 -0.0215261 0.028928 -0.0122767 11146.5 77894.6 66868.7 12524.7 nan nan 124.973 nan nan nan -51480 nan nan nan 0.48246 nan
3 -425 0.183765 -0.0292137 13274.4 0.187045 0.31738 0.31181 0.183765 0.0264825 -0.0215261 0.028928 -0.0292137 11146.5 77894.6 66868.7 13274.4 nan nan nan -424.988 nan nan nan 168090 nan nan nan -3.79745
2 -761 0.312151 0.0158019 69153.6 0.18725 0.317727 0.312151 0.182871 0.0264825 -0.0215261 0.0158019 -0.0292137 11146.5 77894.6 69153.6 13274.4 nan nan -761.029 nan nan nan 512296 nan nan nan -2.943 nan
2 340 0.31246 0.0215682 69360.7 0.187166 0.317585 0.31246 0.182789 0.0264825 -0.0215261 0.0215682 -0.0292137 11146.5 77894.6 69360.7 13274.4 nan nan 339.984 nan nan nan 46435.6 nan nan nan 1.29286 nan
2 -430 0.313981 0.0142857 69876.1 0.186752 0.316882 0.313981 0.182385 0.0264825 -0.0215261 0.0142857 -0.0292137 11146.5 77894.6 69876.1 13274.4 nan nan -430.022 nan nan nan 115558 nan nan nan -1.6328 nan
2 340 0.313113 0.0200221 70080 0.186988 0.317283 0.313113 0.182616 0.0264825 -0.0215261 0.0200221 -0.0292137 11146.5 77894.6 70080 13274.4 nan nan 339.986 nan nan nan 45714.2 nan nan nan 1.28616 nan
2 119 0.314624 0.0220267 69830.6 0.186577 0.316585 0.314624 0.182214 0.0264825 -0.0215261 0.0220267 -0.0292137 11146.5 77894.6 69830.6 13274.4 nan nan 118.98 nan nan nan -55923.8 nan nan nan 0.449445 nan
2 169 0.314718 0.0248787 69646.5 0.186551 0.316542 0.314718 0.182189 0.0264825 -0.0215261 0.0248787 -0.0292137 11146.5 77894.6 69646.5 13274.4 nan nan 168.978 nan nan nan -41277 nan nan nan 0.639451 nan
3 295 0.182092 -0.0177927 13603.5 0.186452 0.316373 0.315083 0.182092 0.0264825 -0.0215261 0.0248787 -0.0177927 11146.5 77894.6 69646.5 13603.5 nan nan nan 295.029 nan nan nan 73767.8 nan nan nan 2.56069
2 -90 0.25 -0.00446011 8100 0.25 0.25 0.25 0.25 0 0 -0.00446011 0 1 1 8100 1 nan nan -90 nan nan nan 0 nan nan nan -1 nan
0 -100 0.230507 -0.00446011 10000 0.230507 0.230507 0.308478 0.230507 -0.00446011 0 -0.00446011 0 10000 1 8100 1 -100 nan nan nan 0 nan nan nan -1 nan nan nan
1 -50 0.211786 -0.00446011 2500 0.293003 0.211786 0.283424 0.211786 -0.00446011 -0.00446011 -0.00446011 0 10000 2500 8100 1 nan -50 nan nan nan 0 nan nan nan -1 nan nan
2 40 0.273482 -0.00247762 8071.01 0.282725 0.239435 0.273482 0.204357 -0.00446011 -0.00446011 -0.00247762 0 10000 2500 8071.01 1 nan nan 40.0045 nan nan nan -6499.64 nan nan nan 0.444494 nan
3 -50 0.204277 -0.00446011 2500 0.282613 0.23934 0.27377 0.204277 -0.00446011 -0.00446011 -0.00247762 -0.00446011 10000 2500 8071.01 2500 nan nan nan -50 nan nan nan 0 nan nan nan -1
2 -120 0.264496 -0.00843498 8099.24 0.27304 0.231232 0.264496 0.231232 -0.00446011 -0.00446011 -0.00843498 -0.00446011 10000 2500 8099.24 2500 nan nan -119.998 nan nan nan 6328.39 nan nan nan -1.3357 nan
3 -40 0.231564 -0.0080278 2495.98 0.273432 0.231564 0.26344 0.231564 -0.00446011 -0.00446011 -0.00843498 -0.0080278 10000 2500 8099.24 2495.98 nan nan nan -39.9955 nan nan nan -900.357 nan nan nan -0.799911
3 -45 0.230906 -0.0120444 2493.88 0.273666 0.231763 0.263665 0.230906 -0.00446011 -0.00446011 -0.00843498 -0.0120444 10000 2500 8099.24 2493.88 nan nan nan -44.992 nan nan nan -471.707 nan nan nan -0.900563
3 -45 0.230181 -0.0160624 2491.78 0.273924 0.231981 0.263914 0.230181 -0.00446011 -0.00446011 -0.00843498 -0.0160624 10000 2500 8099.24 2491.78 nan nan nan -44.988 nan nan nan -469.964 nan nan nan -0.900862
3 -55 0.229458 -0.0209751 2494.15 0.274181 0.232199 0.264162 0.229458 -0.00446011 -0.00446011 -0.00843498 -0.0209751 10000 2500 8099.24 2494.15 nan nan nan -54.9839 nan nan nan 531.449 nan nan nan -1.10149
3 -60 0.228604 -0.0263316 2499.08 0.274485 0.232456 0.264454 0.228604 -0.00446011 -0.00446011 -0.00843498 -0.0263316 10000 2500 8099.24 2499.08 nan nan nan -59.979 nan nan nan 1103.33 nan nan nan -1.20099
1 -60 0.232732 -0.00981184 2504.9 0.27481 0.232732 0.264768 0.22769 -0.00446011 -0.00981184 -0.00843498 -0.0263316 10000 2504.9 8099.24 2499.08 nan -59.9955 nan nan nan 1099.46 nan nan nan -1.19991 nan nan
1 -40 0.231807 -0.0133756 2500.86 0.275142 0.231807 0.265087 0.227964 -0.00446011 -0.0133756 -0.00843498 -0.0263316 10000 2500.86 8099.24 2499.08 nan -39.9902 nan nan nan -905.689 nan nan nan -0.799021 nan nan
1 -30 0.231149 -0.01605 2493.72 0.275377 0.231149 0.265314 0.22816 -0.00446011 -0.01605 -0.00843498 -0.0263316 10000 2493.72 8099.24 2499.08 nan -29.9866 nan nan nan -1601.67 nan nan nan -0.599629 nan nan
1 -5 0.230632 -0.0164951 2482.71 0.275563 0.230632 0.265493 0.228313 -0.00446011 -0.0164951 -0.00843498 -0.0263316 10000 2482.71 8099.24 2499.08 nan -4.98395 nan nan nan -2468.88 nan nan nan -0.0998044 nan nan
1 -45 0.230488 -0.0205217 2480.66 0.275614 0.230488 0.265542 0.228356 -0.00446011 -0.0205217 -0.00843498 -0.0263316 10000 2480.66 8099.24 2499.08 nan -44.9835 nan nan nan -459.193 nan nan nan -0.902798 nan nan
1 -50 0.229762 -0.0249973 2480.74 0.275874 0.229762 0.265793 0.228571 -0.00446011 -0.0249973 -0.00843498 -0.0263316 10000 2480.74 8099.24 2499.08 nan -49.9795 nan nan nan 17.2871 nan nan nan -1.00348 nan nan
2 120 0.266066 -0.00248747 8127.35 0.276157 0.228971 0.266066 0.228806 -0.00446011 -0.0249973 -0.00248747 -0.0263316 10000 2480.74 8127.35 2499.08 nan nan 120.008 nan nan nan 6302.79 nan nan nan 1.33349 nan
2 -100 0.26733 -0.00743468 8135.7 0.275681 0.228577 0.26733 0.228412 -0.00446011 -0.0249973 -0.00743468 -0.0263316 10000 2480.74 8135.7 2499.08 nan nan -99.9975 nan nan nan 1872.16 nan nan nan -1.10921 nan
2 190 0.266392 0.0019608 8260.43 0.276034 0.228869 0.266392 0.228704 -0.00446011 -0.0249973 0.0019608 -0.0263316 10000 2480.74 8260.43 2499.08 nan nan 190.007 nan nan nan 27967.1 nan nan nan 2.10656 nan
2 160 0.268682 0.00981241 8337.77 0.275173 0.228155 0.268682 0.22799 -0.00446011 -0.0249973 0.00981241 -0.0263316 10000 2480.74 8337.77 2499.08 nan nan 159.998 nan nan nan 17338.9 nan nan nan 1.76041 nan
1 30 0.227586 -0.0223086 2473.69 0.274486 0.227586 0.270506 0.227421 -0.00446011 -0.0223086 0.00981241 -0.0263316 10000 2473.69 8337.77 2499.08 nan 30.025 nan nan nan -1579.24 nan nan nan 0.602827 nan nan
2 -80 0.270355 0.00590433 8329.13 0.274333 0.228018 0.270355 0.227294 -0.00446011 -0.0223086 0.00590433 -0.0263316 10000 2473.69 8329.13 2499.08 nan nan -80.0098 nan nan nan -1936.2 nan nan nan -0.87623 nan
3 -40 0.227544 -0.029898 2495.06 0.274634 0.228268 0.269554 0.227544 -0.00446011 -0.0223086 0.00590433 -0.029898 10000 2473.69 8329.13 2495.06 nan nan nan -39.9737 nan nan nan -901.181 nan nan nan -0.799621
0 -120 0.274865 -0.00981204 10019.6 0.274865 0.22846 0.26978 0.226894 -0.00981204 -0.0223086 0.00590433 -0.029898 10019.6 2473.69 8329.13 2495.06 -119.996 nan nan nan 4398.93 nan nan nan -1.19996 nan nan nan
3 195 0.227207 -0.0124837 2653.58 0.273865 0.228775 0.270153 0.227207 -0.00981204 -0.0223086 0.00590433 -0.0124837 10019.6 2473.69 8329.13 2653.58 nan nan nan 195.03 nan nan nan 35541.6 nan nan nan 3.90446
3 -50 0.231201 -0.0168118 2652.89 0.272449 0.227593 0.268756 0.231201 -0.00981204 -0.0223086 0.00590433 -0.0168118 10019.6 2473.69 8329.13 2652.89 nan nan nan -49.9875 nan nan nan -154.824 nan nan nan -0.970389
3 -60 0.230429 -0.0220059 2657.1 0.272723 0.227822 0.269026 0.230429 -0.00981204 -0.0223086 0.00590433 -0.0220059 10019.6 2473.69 8329.13 2657.1 nan nan nan -59.9832 nan nan nan 945.098 nan nan nan -1.16458
1 -35 0.228087 -0.0254453 2468.12 0.27304 0.228087 0.26934 0.229533 -0.00981204 -0.0254453 0.00590433 -0.0220059 10019.6 2468.12 8329.13 2657.1 nan -34.9777 nan nan nan -1250.26 nan nan nan -0.703264 nan nan
2 230 0.269544 0.0171442 8527.91 0.273247 0.227502 0.269544 0.229707 -0.00981204 -0.0254453 0.0171442 -0.0220059 10019.6 2468.12 8527.91 2657.1 nan nan 229.994 nan nan nan 44568.2 nan nan nan 2.52009 nan
2 -100 0.272475 0.0123137 8534.49 0.272151 0.226589 0.272475 0.228785 -0.00981204 -0.0254453 0.0123137 -0.0220059 10019.6 2468.12 8534.49 2657.1 nan nan -100.017 nan nan nan 1475.52 nan nan nan -1.08306 nan
2 -100 0.271542 0.00748517 8541.04 0.2725 0.22688 0.271542 0.229079 -0.00981204 -0.0254453 0.00748517 -0.0220059 10019.6 2468.12 8541.04 2657.1 nan nan -100.012 nan nan nan 1467.97 nan nan nan -1.08259 nan
2 -120 0.270611 0.00169357 8567.18 0.272848 0.22717 0.270611 0.229371 -0.00981204 -0.0254453 0.00169357 -0.0220059 10019.6 2468.12 8567.18 2657.1 nan nan -120.007 nan nan nan 5860.76 nan nan nan -1.29853 nan
1 35 0.227496 -0.0223008 2462.58 0.27324 0.227496 0.269562 0.229701 -0.00981204 -0.0223008 0.00169357 -0.0220059 10019.6 2462.58 8567.18 2657.1 nan 35.0254 nan nan nan -1241.34 nan nan nan 0.705019 nan nan
1 15 0.228017 -0.0209506 2452.6 0.273056 0.228017 0.26938 0.229546 -0.00981204 -0.0209506 0.00169357 -0.0220059 10019.6 2452.6 8567.18 2657.1 nan 15.0223 nan nan nan -2236.91 nan nan nan 0.30272 nan nan
1 -40 0.228196 -0.0245512 2448.79 0.272993 0.228196 0.269318 0.229493 -0.00981204 -0.0245512 0.00169357 -0.0220059 10019.6 2448.79 8567.18 2657.1 nan -39.979 nan nan nan -854.281 nan nan nan -0.80727 nan nan
1 -55 0.22754 -0.0295061 2451.35 0.273225 0.22754 0.269547 0.229688 -0.00981204 -0.0295061 0.00169357 -0.0220059 10019.6 2451.35 8567.18 2657.1 nan -54.9754 nan nan nan 573.505 nan nan nan -1.11095 nan nan
3 -55 0.229943 -0.0267629 2658.73 0.273527 0.226685 0.269845 0.229943 -0.00981204 -0.0295061 0.00169357 -0.0267629 10019.6 2451.35 8567.18 2658.73 nan nan nan -54.978 nan nan nan 365.479 nan nan nan -1.06656
0 1170 0.273823 0.0423206 16080.5 0.273823 0.22693 0.270137 0.229111 0.0423206 -0.0295061 0.00169357 -0.0267629 16080.5 2451.35 8567.18 2658.73 1170.01 nan nan nan 1.3589e+06 nan nan nan 11.6886 nan nan nan
0 -90 0.302716 0.0391536 16044.9 0.302716 0.217901 0.259388 0.219995 0.0391536 -0.0295061 0.00169357 -0.0267629 16044.9 2451.35 8567.18 2658.73 -90.0423 nan nan nan -7972.86 nan nan nan -0.710064 nan nan nan
2 270 0.259673 0.0147039 8854.11 0.30195 0.21814 0.259673 0.220236 0.0391536 -0.0295061 0.0147039 -0.0267629 16044.9 2451.35 8854.11 2658.73 nan nan 269.998 nan nan nan 64331.9 nan nan nan 2.91704 nan
2 -90 0.263172 0.0104372 8850.75 0.300523 0.217109 0.263172 0.219196 0.0391536 -0.0295061 0.0104372 -0.0267629 16044.9 2451.35 8850.75 2658.73 nan nan -90.0147 nan nan nan -751.459 nan nan nan -0.956624 nan
2 -110 0.262334 0.00522182 8865.26 0.300865 0.217356 0.262334 0.219445 0.0391536 -0.0295061 0.00522182 -0.0267629 16044.9 2451.35 8865.26 2658.73 nan nan -110.01 nan nan nan 3251.54 nan nan nan -1.16935 nan
1 -50 0.217639 -0.0340076 2451.56 0.301256 0.217639 0.261375 0.21973 0.0391536 -0.0340076 0.00522182 -0.0267629 16044.9 2451.56 8865.26 2658.73 nan -49.9705 nan nan nan 45.6976 nan nan nan -1.00928 nan nan
3 -65 0.219945 -0.032383 2665.7 0.30155 0.216874 0.261631 0.219945 0.0391536 -0.0340076 0.00522182 -0.032383 16044.9 2451.56 8865.26 2665.7 nan nan nan -64.9732 nan nan nan 1562.79 nan nan nan -1.26008
0 -110 0.301907 0.035279 16027.4 0.301907 0.217131 0.261941 0.21902 0.035279 -0.0340076 0.00522182 -0.032383 16027.4 2451.56 8865.26 2665.7 -110.039 nan nan nan -3936.3 nan nan nan -0.868717 nan nan nan
2 -100 0.262265 0.000484609 8870.32 0.301043 0.2174 0.262265 0.219292 0.035279 -0.0340076 0.000484609 -0.032383 16027.4 2451.56 8870.32 2665.7 nan nan -100.005 nan nan nan 1135.79 nan nan nan -1.06213 nan
1 -60 0.217665 -0.0394093 2456.66 0.301409 0.217665 0.261367 0.219559 0.035279 -0.0394093 0.000484609 -0.032383 16027.4 2456.66 8870.32 2665.7 nan -59.966 nan nan nan 1144.36 nan nan nan -1.21111 nan nan
1 10 0.216776 -0.0385059 2446.15 0.301752 0.216776 0.261664 0.219808 0.035279 -0.0385059 0.000484609 -0.032383 16027.4 2446.15 8870.32 2665.7 nan 10.0394 nan nan nan -2355.87 nan nan nan 0.202552 nan nan
1 0 0.216869 -0.0385024 2435.24 0.301716 0.216869 0.261633 0.219782 0.035279 -0.0385024 0.000484609 -0.032383 16027.4 2435.24 8870.32 2665.7 nan 0.0385059 nan nan nan -2446.15 nan nan nan 0.000778548 nan nan
1 -45 0.216807 -0.042566 2433.4 0.30174 0.216807 0.261653 0.219799 0.035279 -0.042566 0.000484609 -0.032383 16027.4 2433.4 8870.32 2665.7 nan -44.9615 nan nan nan -413.707 nan nan nan -0.911107 nan nan
1 -55 0.216108 -0.047535 2436.02 0.302009 0.216108 0.261887 0.219996 0.035279 -0.047535 0.000484609 -0.032383 16027.4 2436.02 8870.32 2665.7 nan -54.9574 nan nan nan 586.922 nan nan nan -1.11409 nan nan
3 -60 0.220227 -0.0375633 2669.85 0.302328 0.215282 0.262163 0.220227 0.035279 -0.047535 0.000484609 -0.0375633 16027.4 2436.02 8870.32 2669.85 nan nan nan -59.9676 nan nan nan 930.414 nan nan nan -1.16148
0 -100 0.302663 0.0317548 16000.5 0.302663 0.215521 0.262454 0.219362 0.0317548 -0.047535 0.000484609 -0.0375633 16000.5 2436.02 8870.32 2669.85 -100.035 nan nan nan -6020.3 nan nan nan -0.790173 nan nan nan
1 -15 0.215774 -0.0488862 2426.15 0.301845 0.215774 0.262762 0.219619 0.0317548 -0.0488862 0.000484609 -0.0375633 16000.5 2426.15 8870.32 2669.85 nan -14.9525 nan nan nan -2212.44 nan nan nan -0.302951 nan nan
1 -50 0.215489 -0.0534093 2426.46 0.301955 0.215489 0.262857 0.219699 0.0317548 -0.0534093 0.000484609 -0.0375633 16000.5 2426.46 8870.32 2669.85 nan -49.9511 nan nan nan 68.966 nan nan nan -1.01411 nan nan
3 -50 0.219912 -0.041876 2669.08 0.302248 0.214727 0.263112 0.219912 0.0317548 -0.0534093 0.000484609 -0.041876 16000.5 2426.46 8870.32 2669.08 nan nan nan -49.9624 nan nan nan -173.605 nan nan nan -0.966941
3 -50 0.219169 -0.0461889 2668.3 0.302536 0.214932 0.263363 0.219169 0.0317548 -0.0534093 0.000484609 -0.0461889 16000.5 2426.46 8870.32 2668.3 nan nan nan -49.9581 nan nan nan -173.262 nan nan nan -0.966998
1 -60 0.215136 -0.0588371 2431.66 0.302824 0.215136 0.263613 0.218428 0.0317548 -0.0588371 0.000484609 -0.0461889 16000.5 2431.66 8870.32 2668.3 nan -59.9466 nan nan nan 1167.14 nan nan nan -1.21697 nan nan
2 -80 0.263911 -0.0033039 8859.3 0.303165 0.21425 0.263911 0.218674 0.0317548 -0.0588371 -0.0033039 -0.0461889 16000.5 2431.66 8859.3 2668.3 nan nan -80.0005 nan nan nan -2470.24 nan nan nan -0.849421 nan
3 -45 0.218904 -0.0500703 2665.42 0.303484 0.214475 0.263138 0.218904 0.0317548 -0.0588371 -0.0033039 -0.0500703 16000.5 2431.66 8859.3 2665.42 nan nan nan -44.9538 nan nan nan -647.458 nan nan nan -0.87026
3 -65 0.218225 -0.0556814 2672.34 0.303747 0.214661 0.263366 0.218225 0.0317548 -0.0588371 -0.0033039 -0.0556814 16000.5 2431.66 8859.3 2672.34 nan nan nan -64.9499 nan nan nan 1553.08 nan nan nan -1.25805
1 -40 0.214914 -0.0624496 2427.93 0.304104 0.214914 0.263675 0.217307 0.0317548 -0.0624496 -0.0033039 -0.0556814 16000.5 2427.93 8859.3 2672.34 nan -39.9412 nan nan nan -836.364 nan nan nan -0.80997 nan nan
1 -55 0.214283 -0.0674224 2430.56 0.304348 0.214283 0.263887 0.217482 0.0317548 -0.0674224 -0.0033039 -0.0556814 16000.5 2430.56 8859.3 2672.34 nan -54.9376 nan nan nan 590.204 nan nan nan -1.11494 nan nan
2 525 0.264163 0.0215737 10049.1 0.304666 0.213462 0.264163 0.217709 0.0317548 -0.0674224 0.0215737 -0.0556814 16000.5 2430.56 10049.1 2672.34 nan nan 525.003 nan nan nan 266769 nan nan nan 5.57779 nan
2 -110 0.273047 0.0166786 10058.3 0.300988 0.210885 0.273047 0.21508 0.0317548 -0.0674224 0.0166786 -0.0556814 16000.5 2430.56 10058.3 2672.34 nan nan -110.022 nan nan nan 2055.62 nan nan nan -1.09752 nan
0 -80 0.301377 0.0289329 15957.7 0.301377 0.211158 0.272106 0.215359 0.0289329 -0.0674224 0.0166786 -0.0556814 15957.7 2430.56 10058.3 2672.34 -80.0318 nan nan nan -9595.43 nan nan nan -0.632696 nan nan nan
1 40 0.211373 -0.0637976 2426.88 0.300665 0.211373 0.272384 0.215578 0.0289329 -0.0637976 0.0166786 -0.0556814 15957.7 2426.88 10058.3 2672.34 nan 40.0674 nan nan nan -825.165 nan nan nan 0.812714 nan nan
1 -45 0.211957 -0.0678659 2425.06 0.300442 0.211957 0.272182 0.215418 0.0289329 -0.0678659 0.0166786 -0.0556814 15957.7 2425.06 10058.3 2672.34 nan -44.9362 nan nan nan -407.62 nan nan nan -0.912162 nan nan
3 -55 0.215607 -0.0604218 2673.89 0.300705 0.211268 0.27242 0.215607 0.0289329 -0.0678659 0.0166786 -0.0604218 15957.7 2425.06 10058.3 2673.89 nan nan nan -54.9443 nan nan nan 346.536 nan nan nan -1.06286
2 210 0.272695 0.0260169 10210.1 0.301009 0.211482 0.272695 0.214815 0.0289329 -0.0678659 0.0260169 -0.0604218 15957.7 2425.06 10210.1 2673.89 nan nan 209.983 nan nan nan 34034.7 nan nan nan 2.09374 nan
2 -100 0.275051 0.0216018 10209.2 0.300034 0.210797 0.275051 0.214119 0.0289329 -0.0678659 0.0216018 -0.0604218 15957.7 2425.06 10209.2 2673.89 nan nan -100.026 nan nan nan -204.887 nan nan nan -0.989916 nan
1 -55 0.211053 -0.0728411 2427.71 0.300399 0.211053 0.274168 0.214379 0.0289329 -0.0728411 0.0216018 -0.0604218 15957.7 2427.71 10209.2 2673.89 nan -54.9321 nan nan nan 592.475 nan nan nan -1.11549 nan nan
0 -120 0.300708 0.024695 15950.8 0.300708 0.210241 0.27445 0.2146 0.024695 -0.0728411 0.0216018 -0.0604218 15950.8 2427.71 10209.2 2673.89 -120.029 nan nan nan -1550.77 nan nan nan -0.950168 nan nan nan
3 -60 0.214879 -0.0655918 2677.99 0.299799 0.210514 0.274807 0.214879 0.024695 -0.0728411 0.0216018 -0.0655918 15950.8 2427.71 10209.2 2677.99 nan nan nan -59.9396 nan nan nan 918.865 nan nan nan -1.15916
2 335 0.275104 0.0363883 10664.1 0.300123 0.210742 0.275104 0.214031 0.024695 -0.0728411 0.0363883 -0.0655918 15950.8 2427.71 10664.1 2677.99 nan nan 334.978 nan nan nan 102001 nan nan nan 3.31529 nan
1 -40 0.209449 -0.0764553 2423.99 0.298282 0.209449 0.279551 0.212718 0.024695 -0.0764553 0.0363883 -0.0655918 15950.8 2423.99 10664.1 2677.99 nan -39.9272 nan nan nan -833.529 nan nan nan -0.810346 nan nan
2 -110 0.27977 0.0316358 10670.6 0.298515 0.208831 0.27977 0.212884 0.024695 -0.0764553 0.0316358 -0.0655918 15950.8 2423.99 10670.6 2677.99 nan nan -110.036 nan nan nan 1443.89 nan nan nan -1.06555 nan
3 210 0.213161 -0.0474869 2862.86 0.298903 0.209102 0.278834 0.213161 0.024695 -0.0764553 0.0316358 -0.0474869 15950.8 2423.99 10670.6 2862.86 nan nan nan 210.066 nan nan nan 41449.6 nan nan nan 4.0593
2 365 0.277401 0.0473941 11217.1 0.297367 0.208027 0.277401 0.217204 0.024695 -0.0764553 0.0473941 -0.0474869 15950.8 2423.99 11217.1 2862.86 nan nan 364.968 nan nan nan 122531 nan nan nan 3.53315 nan
1 15 0.206609 -0.0750896 2414.19 0.29534 0.206609 0.282327 0.215723 0.024695 -0.0750896 0.0473941 -0.0474869 15950.8 2414.19 11217.1 2862.86 nan 15.0765 nan nan nan -2196.69 nan nan nan 0.30622 nan nan
2 -100 0.282267 0.0431809 11211.7 0.295277 0.206779 0.282267 0.215677 0.024695 -0.0750896 0.0431809 -0.0474869 15950.8 2414.19 11211.7 2862.86 nan nan -100.047 nan nan nan -1207.58 nan nan nan -0.94464 nan
3 -60 0.215939 -0.0524844 2866.12 0.295635 0.20703 0.281397 0.215939 0.024695 -0.0750896 0.0431809 -0.0524844 15950.8 2414.19 11211.7 2866.12 nan nan nan -59.9525 nan nan nan 731.448 nan nan nan -1.12049
1 -50 0.207248 -0.0796214 2414.54 0.295947 0.207248 0.281694 0.215111 0.024695 -0.0796214 0.0431809 -0.0524844 15950.8 2414.54 11211.7 2866.12 nan -49.9249 nan nan nan 78.3046 nan nan nan -1.01609 nan nan
0 -110 0.296224 0.0208095 15933.6 0.296224 0.206507 0.281957 0.215312 0.0208095 -0.0796214 0.0431809 -0.0524844 15933.6 2414.54 11211.7 2866.12 -110.025 nan nan nan -3845.36 nan nan nan -0.871162 nan nan nan
1 -60 0.206758 -0.0850602 2419.79 0.295367 0.206758 0.282301 0.215574 0.0208095 -0.0850602 0.0431809 -0.0524844 15933.6 2419.79 11211.7 2866.12 nan -59.9204 nan nan nan 1175.91 nan nan nan -1.21943 nan nan
2 -90 0.282607 0.0393881 11197.8 0.295688 0.205896 0.282607 0.215808 0.0208095 -0.0850602 0.0393881 -0.0524844 15933.6 2419.79 11197.8 2866.12 nan nan -90.0432 nan nan nan -3103.9 nan nan nan -0.850385 nan
1 -55 0.206129 -0.0900393 2422.44 0.296023 0.206129 0.281795 0.216053 0.0208095 -0.0900393 0.0393881 -0.0524844 15933.6 2422.44 11197.8 2866.12 nan -54.9149 nan nan nan 595.865 nan nan nan -1.11635 nan nan
3 -70 0.21627 -0.0583118 2875.16 0.296321 0.205331 0.282078 0.21627 0.0208095 -0.0900393 0.0393881 -0.0583118 15933.6 2422.44 11197.8 2875.16 nan nan nan -69.9475 nan nan nan 2026.54 nan nan nan -1.30655
1 -45 0.205576 -0.094109 2420.63 0.296676 0.205576 0.282416 0.215331 0.0208095 -0.094109 0.0393881 -0.0583118 15933.6 2420.63 11197.8 2875.16 nan -44.91 nan nan nan -405.539 nan nan nan -0.912464 nan nan
1 -10 0.204903 -0.095007 2410.28 0.296928 0.204903 0.282656 0.215514 0.0208095 -0.095007 0.0393881 -0.0583118 15933.6 2410.28 11197.8 2875.16 nan -9.90589 nan nan nan -2322.51 nan nan nan -0.201339 nan nan
1 -40 0.204699 -0.0986322 2406.63 0.297003 0.204699 0.282728 0.215569 0.0208095 -0.0986322 0.0393881 -0.0583118 15933.6 2406.63 11197.8 2875.16 nan -39.905 nan nan nan -817.868 nan nan nan -0.812819 nan nan
0 -90 0.297231 0.0176288 15898.7 0.297231 0.20409 0.282945 0.215734 0.0176288 -0.0986322 0.0393881 -0.0583118 15898.7 2406.63 11197.8 2875.16 -90.0208 nan nan nan -7829.9 nan nan nan -0.713157 nan nan nan
2 -100 0.283251 0.0351716 11192.5 0.296471 0.20431 0.283251 0.215968 0.0176288 -0.0986322 0.0351716 -0.0583118 15898.7 2406.63 11192.5 2875.16 nan nan -100.039 nan nan nan -1189.95 nan nan nan -0.945375 nan
1 -60 0.204559 -0.104078 2411.9 0.296832 0.204559 0.282379 0.21623 0.0176288 -0.104078 0.0351716 -0.0583118 15898.7 2411.9 11192.5 2875.16 nan -59.9014 nan nan nan 1181.55 nan nan nan -1.22105 nan nan
3 -50 0.216463 -0.0624659 2873.46 0.297151 0.203703 0.282682 0.216463 0.0176288 -0.104078 0.0351716 -0.0624659 15898.7 2411.9 11192.5 2873.46 nan nan nan -49.9417 nan nan nan -380.985 nan nan nan -0.931392
3 -65 0.21575 -0.0678689 2879.45 0.297422 0.203889 0.28294 0.21575 0.0176288 -0.104078 0.0351716 -0.0678689 15898.7 2411.9 11192.5 2879.45 nan nan nan -64.9375 nan nan nan 1343.43 nan nan nan -1.21142
1 -50 0.204118 -0.10861 2412.24 0.297756 0.204118 0.283258 0.214869 0.0176288 -0.10861 0.0351716 -0.0678689 15898.7 2412.24 11192.5 2879.45 nan -49.8959 nan nan nan 77.7047 nan nan nan -1.01598 nan nan
2 340 0.283519 0.0495039 11658.1 0.29803 0.203384 0.283519 0.215067 0.0176288 -0.10861 0.0495039 -0.0678689 15898.7 2412.24 11658.1 2879.45 nan nan 339.965 nan nan nan 104384 nan nan nan 3.21344 nan
1 -55 0.202135 -0.113594 2414.92 0.296199 0.202135 0.287921 0.213745 0.0176288 -0.113594 0.0495039 -0.0678689 15898.7 2414.92 11658.1 2879.45 nan -54.8914 nan nan nan 600.82 nan nan nan -1.11762 nan nan
2 -185 0.25 -0.00446011 34225 0.25 0.25 0.25 0.25 0 0 -0.00446011 0 1 1 34225 1 nan nan -185 nan nan nan 0 nan nan nan -1 nan
1 -45 0.206818 -0.00446011 2025 0.206818 0.206818 0.379546 0.206818 0 -0.00446011 -0.00446011 0 1 2025 34225 1 nan -45 nan nan nan 0 nan nan nan -1 nan nan
0 -150 0.200501 -0.00446011 22500 0.200501 0.231045 0.367953 0.200501 -0.00446011 -0.00446011 -0.00446011 0 22500 2025 34225 1 -150 nan nan nan 0 nan nan nan -1 nan nan nan
3 -40 0.1779 -0.00446011 1600 0.290622 0.205001 0.326477 0.1779 -0.00446011 -0.00446011 -0.00446011 -0.00446011 22500 2025 34225 1600 nan nan nan -40 nan nan nan 0 nan nan nan -1
1 -40 0.200251 -0.00842421 2023.1 0.283888 0.200251 0.318912 0.19695 -0.00446011 -0.00842421 -0.00446011 -0.00446011 22500 2023.1 34225 1600 nan -39.9955 nan nan nan -425.357 nan nan nan -0.88879 nan nan
3 -50 0.197109 -0.0100348 1604.01 0.284117 0.199605 0.319169 0.197109 -0.00446011 -0.00842421 -0.00446011 -0.0100348 22500 2023.1 34225 1604.01 nan nan nan -49.9955 nan nan nan 899.554 nan nan nan -1.24989
1 -135 0.199818 -0.02181 2095.35 0.284419 0.199818 0.319509 0.196255 -0.00446011 -0.02181 -0.00446011 -0.0100348 22500 2095.35 34225 1604.01 nan -134.992 nan nan nan 16199.6 nan nan nan -3.00122 nan nan
1 -45 0.198106 -0.0261924 2095.03 0.285027 0.198106 0.320192 0.196674 -0.00446011 -0.0261924 -0.00446011 -0.0100348 22500 2095.03 34225 1604.01 nan -44.9782 nan nan nan -72.3174 nan nan nan -0.982592 nan nan
2 80 0.320471 -0.00253131 34100.9 0.285275 0.197409 0.320471 0.196845 -0.00446011 -0.0261924 -0.00253131 -0.0100348 22500 2095.03 34100.9 1604.01 nan nan 80.0045 nan nan nan -27824.3 nan nan nan 0.432457 nan
2 -75 0.320648 -0.00434268 33973.9 0.285201 0.197358 0.320648 0.196794 -0.00446011 -0.0261924 -0.00434268 -0.0100348 22500 2095.03 33973.9 1604.01 nan nan -74.9975 nan nan nan -28476.3 nan nan nan -0.406129 nan
0 -150 0.285471 -0.00892009 22500 0.285471 0.197545 0.320004 0.19698 -0.00892009 -0.0261924 -0.00434268 -0.0100348 22500 2095.03 33973.9 1604.01 -149.996 nan nan nan -1.33801 nan nan nan -0.99997 nan nan nan
1 -50 0.197796 -0.031062 2096.83 0.284562 0.197796 0.320411 0.197231 -0.00892009 -0.031062 -0.00434268 -0.0100348 22500 2096.83 33973.9 1604.01 nan -49.9738 nan nan nan 402.349 nan nan nan -1.09181 nan nan
1 -135 0.197035 -0.0442082 2168.72 0.284832 0.197035 0.320715 0.197418 -0.00892009 -0.0442082 -0.00434268 -0.0100348 22500 2168.72 33973.9 1604.01 nan -134.969 nan nan nan 16119.8 nan nan nan -2.94749 nan nan
2 207 0.32138 0.00066633 34013.5 0.285423 0.195369 0.32138 0.197828 -0.00892009 -0.0442082 0.00066633 -0.0100348 22500 2168.72 34013.5 1604.01 nan nan 207.004 nan nan nan 8876.9 nan nan nan 1.12307 nan
2 -83 0.322552 -0.00134092 33892.5 0.28493 0.195032 0.322552 0.197486 -0.00892009 -0.0442082 -0.00134092 -0.0100348 22500 2168.72 33892.5 1604.01 nan nan -83.0007 nan nan nan -27124.4 nan nan nan -0.450045 nan
2 133 0.321875 0.00188126 33820.2 0.285215 0.195227 0.321875 0.197683 -0.00892009 -0.0442082 0.00188126 -0.0100348 22500 2168.72 33820.2 1604.01 nan nan 133.001 nan nan nan -16203.2 nan nan nan 0.722444 nan
2 185 0.322436 0.00636793 33822 0.284979 0.195065 0.322436 0.19752 -0.00892009 -0.0442082 0.00636793 -0.0100348 22500 2168.72 33822 1604.01 nan nan 184.998 nan nan nan 404.064 nan nan nan 1.00596 nan
2 -90 0.323421 0.00418511 33707.3 0.284565 0.194782 0.323421 0.197233 -0.00892009 -0.0442082 0.00418511 -0.0100348 22500 2168.72 33707.3 1604.01 nan nan -90.0064 nan nan nan -25720.9 nan nan nan -0.489411 nan
2 245 0.322716 0.0101368 33824.7 0.284861 0.194985 0.322716 0.197438 -0.00892009 -0.0442082 0.0101368 -0.0100348 22500 2168.72 33824.7 1604.01 nan nan 244.996 nan nan nan 26315.6 nan nan nan 1.33443 nan
2 -167 0.324251 0.00608667 33798.2 0.284215 0.194543 0.324251 0.196991 -0.00892009 -0.0442082 0.00608667 -0.0100348 22500 2168.72 33798.2 1604.01 nan nan -167.01 nan nan nan -5932.31 nan nan nan -0.908084 nan
2 -220 0.323312 0.000749227 33863.4 0.28461 0.194813 0.323312 0.197264 -0.00892009 -0.0442082 0.000749227 -0.0100348 22500 2168.72 33863.4 1604.01 nan nan -220.006 nan nan nan 14604.4 nan nan nan -1.19671 nan
0 1440 0.285047 0.0338972 31648.2 0.285047 0.195112 0.322274 0.197567 0.0338972 -0.0442082 0.000749227 -0.0100348 31648.2 2168.72 33863.4 1604.01 1440.01 nan nan nan 2.05113e+06 nan nan nan 9.60006 nan nan nan
0 -135 0.313456 0.0305118 31588.4 0.313456 0.187359 0.309468 0.189717 0.0305118 -0.0442082 0.000749227 -0.0100348 31588.4 2168.72 33863.4 1604.01 -135.034 nan nan nan -13414.1 nan nan nan -0.759046 nan nan nan
0 -162 0.312608 0.0264457 31564.6 0.312608 0.187591 0.309851 0.189951 0.0264457 -0.0442082 0.000749227 -0.0100348 31564.6 2168.72 33863.4 1604.01 -162.031 nan nan nan -5334.53 nan nan nan -0.91166 nan nan nan
1 -40 0.187842 -0.0480349 2166.17 0.311687 0.187842 0.310266 0.190205 0.0264457 -0.0480349 0.000749227 -0.0100348 31564.6 2166.17 33863.4 1604.01 nan -39.9558 nan nan nan -572.258 nan nan nan -0.857981 nan nan
1 455 0.187245 -0.00442784 3080.06 0.311916 0.187245 0.310494 0.190345 0.0264457 -0.00442784 0.000749227 -0.0100348 31564.6 3080.06 33863.4 1604.01 nan 455.048 nan nan nan 204903 nan nan nan 9.77712 nan nan
1 -155 0.198669 -0.016884 3173.47 0.307532 0.198669 0.306129 0.18767 0.0264457 -0.016884 0.000749227 -0.0100348 31564.6 3173.47 33863.4 1604.01 nan -154.996 nan nan nan 20943.6 nan nan nan -2.7928 nan nan
3 -137 0.18803 -0.0252904 1680.56 0.308122 0.197132 0.306716 0.18803 0.0264457 -0.016884 0.000749227 -0.0252904 31564.6 3173.47 33863.4 1680.56 nan nan nan -136.99 nan nan nan 17162.2 nan nan nan -3.42046
1 -60 0.19758 -0.0216331 3175.36 0.308821 0.19758 0.307413 0.186187 0.0264457 -0.0216331 0.000749227 -0.0252904 31564.6 3175.36 33863.4 1680.56 nan -59.9831 nan nan nan 424.505 nan nan nan -1.06478 nan nan
2 -180 0.307697 -0.00361347 33856.8 0.309107 0.196837 0.307697 0.186359 0.0264457 -0.0216331 -0.00361347 -0.0252904 31564.6 3175.36 33856.8 1680.56 nan nan -180.001 nan nan nan -1463.1 nan nan nan -0.978158 nan
0 -150 0.309527 0.0226794 31524.2 0.309527 0.197104 0.306756 0.186613 0.0226794 -0.0216331 -0.00361347 -0.0252904 31524.2 3175.36 33856.8 1680.56 -150.026 nan nan nan -9056.68 nan nan nan -0.844438 nan nan nan
1 -45 0.197357 -0.0251931 3170.22 0.308642 0.197357 0.307149 0.186852 0.0226794 -0.0251931 -0.00361347 -0.0252904 31524.2 3170.22 33856.8 1680.56 nan -44.9784 nan nan nan -1152.31 nan nan nan -0.798191 nan nan
1 -158 0.19677 -0.0377069 3267.39 0.308868 0.19677 0.307374 0.186988 0.0226794 -0.0377069 -0.00361347 -0.0252904 31524.2 3267.39 33856.8 1680.56 nan -157.975 nan nan nan 21785.8 nan nan nan -2.80571 nan nan
3 42 0.187343 -0.0207181 1680.94 0.309454 0.195246 0.307957 0.187343 0.0226794 -0.0377069 -0.00361347 -0.0207181 31524.2 3267.39 33856.8 1680.94 nan nan nan 42.0253 nan nan nan 85.5675 nan nan nan 1.02514
3 40 0.188043 -0.0163645 1680.59 0.309187 0.195078 0.307692 0.188043 0.0226794 -0.0377069 -0.00361347 -0.0163645 31524.2 3267.39 33856.8 1680.59 nan nan nan 40.0207 nan nan nan -79.2813 nan nan nan 0.976133
3 -135 0.188706 -0.0310502 1754.36 0.308935 0.194919 0.307441 0.188706 0.0226794 -0.0377069 -0.00361347 -0.0310502 31524.2 3267.39 33856.8 1754.36 nan nan nan -134.984 nan nan nan 16540 nan nan nan -3.29269
3 -50 0.186917 -0.0363712 1757.67 0.309616 0.195348 0.308118 0.186917 0.0226794 -0.0377069 -0.00361347 -0.0363712 31524.2 3267.39 33856.8 1757.67 nan nan nan -49.9689 nan nan nan 742.54 nan nan nan -1.193
3 45 0.18613 -0.03158 1758.87 0.309916 0.195538 0.308417 0.18613 0.0226794 -0.0377069 -0.00361347 -0.03158 31524.2 3267.39 33856.8 1758.87 nan nan nan 45.0364 nan nan nan 270.607 nan nan nan 1.07422
3 -48 0.186864 -0.0366813 1761.29 0.309636 0.195361 0.308139 0.186864 0.0226794 -0.0377069 -0.00361347 -0.0366813 31524.2 3267.39 33856.8 1761.29 nan nan nan -47.9684 nan nan nan 542.095 nan nan nan -1.14377
3 83 0.186104 -0.0278566 1784.19 0.309925 0.195544 0.308426 0.186104 0.0226794 -0.0377069 -0.00361347 -0.0278566 31524.2 3267.39 33856.8 1784.19 nan nan nan 83.0367 nan nan nan 5133.8 nan nan nan 1.97858
2 355 0.307866 0.00499162 34267.9 0.309363 0.195189 0.307866 0.187583 0.0226794 -0.0377069 0.00499162 -0.0278566 31524.2 3267.39 34267.9 1784.19 nan nan 355.004 nan nan nan 92170.7 nan nan nan 1.92934 nan
2 -135 0.310495 0.00173886 34196.4 0.308188 0.194447 0.310495 0.18687 0.0226794 -0.0377069 0.00173886 -0.0278566 31524.2 3267.39 34196.4 1784.19 nan nan -135.005 nan nan nan -16041.6 nan nan nan -0.729299 nan
2 -60 0.309662 0.000291692 34059.9 0.30856 0.194682 0.309662 0.187096 0.0226794 -0.0377069 0.000291692 -0.0278566 31524.2 3267.39 34059.9 1784.19 nan nan -60.0017 nan nan nan -30596.2 nan nan nan -0.324469 nan
3 53 0.187251 -0.0222574 1788.77 0.308816 0.194843 0.30909 0.187251 0.0226794 -0.0377069 0.000291692 -0.0222574 31524.2 3267.39 34059.9 1788.77 nan nan nan 53.0279 nan nan nan 1027.76 nan nan nan 1.2554
3 -60 0.188132 -0.0285824 1796.84 0.308481 0.194632 0.308755 0.188132 0.0226794 -0.0377069 0.000291692 -0.0285824 31524.2 3267.39 34059.9 1796.84 nan nan nan -59.9777 nan nan nan 1808.56 nan nan nan -1.41812
3 -45 0.187216 -0.0333142 1797.85 0.308829 0.194852 0.309103 0.187216 0.0226794 -0.0377069 0.000291692 -0.0333142 31524.2 3267.39 34059.9 1797.85 nan nan nan -44.9714 nan nan nan 225.588 nan nan nan -1.06092
3 -45 0.186503 -0.0380442 1798.85 0.3091 0.195023 0.309374 0.186503 0.0226794 -0.0377069 0.000291692 -0.0380442 31524.2 3267.39 34059.9 1798.85 nan nan nan -44.9667 nan nan nan 224.157 nan nan nan -1.06051
2 -75 0.309645 -0.00152084 33933.1 0.30937 0.195193 0.309645 0.185792 0.0226794 -0.0377069 -0.00152084 -0.0380442 31524.2 3267.39 33933.1 1798.85 nan nan -75.0003 nan nan nan -28434.9 nan nan nan -0.406388 nan
1 -50 0.195372 -0.0416053 3263.95 0.309653 0.195372 0.309013 0.185962 0.0226794 -0.0416053 -0.00152084 -0.0380442 31524.2 3263.95 33933.1 1798.85 nan -49.9623 nan nan nan -771.159 nan nan nan -0.874061 nan nan
0 -60 0.309894 0.0211716 31399.7 0.309894 0.194744 0.309254 0.186107 0.0211716 -0.0416053 -0.00152084 -0.0380442 31399.7 3263.95 33933.1 1798.85 -60.0227 nan nan nan -27921.5 nan nan nan -0.33806 nan nan nan
1 -45 0.194905 -0.0451151 3258.41 0.309323 0.194905 0.309511 0.186262 0.0211716 -0.0451151 -0.00152084 -0.0380442 31399.7 3258.41 33933.1 1798.85 nan -44.9584 nan nan nan -1242.69 nan nan nan -0.786935 nan nan
1 -168 0.19433 -0.0582382 3369.69 0.309544 0.19433 0.309732 0.186395 0.0211716 -0.0582382 -0.00152084 -0.0380442 31399.7 3369.69 33933.1 1798.85 nan -167.955 nan nan nan 24950.4 nan nan nan -2.94232 nan nan
3 -135 0.186753 -0.0522367 1872.06 0.310138 0.192783 0.310326 0.186753 0.0211716 -0.0582382 -0.00152084 -0.0522367 31399.7 3369.69 33933.1 1872.06 nan nan nan -134.962 nan nan nan 16415.9 nan nan nan -3.1821
2 -250 0.310982 -0.00757385 34060.5 0.310793 0.19319 0.310982 0.185035 0.0211716 -0.0582382 -0.00757385 -0.0522367 31399.7 3369.69 34060.5 1872.06 nan nan -249.998 nan nan nan 28566.1 nan nan nan -1.35714 nan
1 -41 0.193484 -0.0613839 3362.14 0.311267 0.193484 0.309932 0.185317 0.0211716 -0.0613839 -0.00757385 -0.0522367 31399.7 3362.14 34060.5 1872.06 nan -40.9418 nan nan nan -1693.46 nan nan nan -0.705296 nan nan
1 -45 0.19296 -0.0648406 3356.15 0.311469 0.19296 0.310133 0.185437 0.0211716 -0.0648406 -0.00757385 -0.0522367 31399.7 3356.15 34060.5 1872.06 nan -44.9386 nan nan nan -1342.66 nan nan nan -0.775018 nan nan
1 -45 0.192396 -0.0683 3350.19 0.311687 0.192396 0.31035 0.185567 0.0211716 -0.0683 -0.00757385 -0.0522367 31399.7 3350.19 34060.5 1872.06 nan -44.9352 nan nan nan -1336.98 nan nan nan -0.77565 nan nan
0 -170 0.311904 0.0168922 31388.6 0.311904 0.191832 0.310567 0.185696 0.0168922 -0.0683 -0.00757385 -0.0522367 31388.6 3350.19 34060.5 1872.06 -170.021 nan nan nan -2492.49 nan nan nan -0.95949 nan nan nan
1 -158 0.192095 -0.0804698 3446.49 0.310964 0.192095 0.310991 0.18595 0.0168922 -0.0804698 -0.00757385 -0.0522367 31388.6 3446.49 34060.5 1872.06 nan -157.932 nan nan nan 21592.2 nan nan nan -2.72857 nan nan
1 465 0.190636 -0.0451364 4395.84 0.311526 0.190636 0.311553 0.186286 0.0168922 -0.0451364 -0.00757385 -0.0522367 31388.6 4395.84 34060.5 1872.06 nan 465.08 nan nan nan 212853 nan nan nan 7.92209 nan nan
0 -83 0.307861 0.0148023 31279.3 0.307861 0.200158 0.307887 0.184094 0.0148023 -0.0451364 -0.00757385 -0.0522367 31279.3 4395.84 34060.5 1872.06 -83.0169 nan nan nan -24496.8 nan nan nan -0.468577 nan nan nan
1 -60 0.20035 -0.0491696 4392.26 0.307197 0.20035 0.308182 0.18427 0.0148023 -0.0491696 -0.00757385 -0.0522367 31279.3 4392.26 34060.5 1872.06 nan -59.9549 nan nan nan -801.253 nan nan nan -0.904281 nan nan
1 -45 0.19969 -0.0521947 4381.69 0.30745 0.19969 0.308437 0.184422 0.0148023 -0.0521947 -0.00757385 -0.0522367 31279.3 4381.69 34060.5 1872.06 nan -44.9508 nan nan nan -2371.69 nan nan nan -0.678256 nan nan
2 685 0.308639 0.00898062 36001.4 0.307652 0.199165 0.308639 0.184544 0.0148023 -0.0521947 0.00898062 -0.0522367 31279.3 4381.69 36001.4 1872.06 nan nan 685.008 nan nan nan 435175 nan nan nan 3.71167 nan
2 -165 0.315896 0.00510186 35962.3 0.304423 0.197075 0.315896 0.182607 0.0148023 -0.0521947 0.00510186 -0.0522367 31279.3 4381.69 35962.3 1872.06 nan nan -165.009 nan nan nan -8773.48 nan nan nan -0.869656 nan
2 335 0.314984 0.0129807 36302.4 0.304829 0.197337 0.314984 0.18285 0.0148023 -0.0521947 0.0129807 -0.0522367 31279.3 4381.69 36302.4 1872.06 nan nan 334.995 nan nan nan 76259.3 nan nan nan 1.7665 nan
2 -90 0.31733 0.0108736 36176.7 0.303785 0.196661 0.31733 0.182224 0.0148023 -0.0521947 0.0108736 -0.0522367 31279.3 4381.69 36176.7 1872.06 nan nan -90.013 nan nan nan -28200.1 nan nan nan -0.47243 nan
2 420 0.316636 0.0207221 36802 0.304094 0.196861 0.316636 0.182409 0.0148023 -0.0521947 0.0207221 -0.0522367 31279.3 4381.69 36802 1872.06 nan nan 419.989 nan nan nan 140214 nan nan nan 2.20813 nan
2 -165 0.319954 0.0168854 36759.3 0.302617 0.195906 0.319954 0.181523 0.0148023 -0.0521947 0.0168854 -0.0522367 31279.3 4381.69 36759.3 1872.06 nan nan -165.021 nan nan nan -9570.19 nan nan nan -0.860206 nan
2 410 0.319039 0.0264228 37345.1 0.303024 0.196169 0.319039 0.181767 0.0148023 -0.0521947 0.0264228 -0.0522367 31279.3 4381.69 37345.1 1872.06 nan nan 409.983 nan nan nan 131327 nan nan nan 2.13837 nan
3 59 0.180919 -0.0461494 1879.27 0.30161 0.195253 0.322218 0.180919 0.0148023 -0.0521947 0.0264228 -0.0461494 31279.3 4381.69 37345.1 1879.27 nan nan nan 59.0522 nan nan nan 1615.1 nan nan nan 1.36482
2 -150 0.321847 0.0229602 37278.9 0.301262 0.195028 0.321847 0.181864 0.0148023 -0.0521947 0.0229602 -0.0461494 31279.3 4381.69 37278.9 1879.27 nan nan -150.026 nan nan nan -14837.2 nan nan nan -0.776338 nan
3 82 0.1821 -0.0377081 1900.91 0.301652 0.195281 0.320967 0.1821 0.0148023 -0.0521947 0.0229602 -0.0377081 31279.3 4381.69 37278.9 1900.91 nan nan nan 82.0461 nan nan nan 4852.3 nan nan nan 1.89262
2 -135 0.320424 0.0198412 37193.9 0.301142 0.19495 0.320424 0.183484 0.0148023 -0.0521947 0.0198412 -0.0377081 31279.3 4381.69 37193.9 1900.91 nan nan -135.023 nan nan nan -19047.7 nan nan nan -0.69932 nan
2 -250 0.319586 0.0140591 37306.9 0.301513 0.195191 0.319586 0.18371 0.0148023 -0.0521947 0.0140591 -0.0377081 31279.3 4381.69 37306.9 1900.91 nan nan -250.02 nan nan nan 25316 nan nan nan -1.2964 nan
3 -135 0.183992 -0.0515144 1973.67 0.301976 0.19549 0.318541 0.183992 0.0148023 -0.0521947 0.0140591 -0.0515144 31279.3 4381.69 37306.9 1973.67 nan nan nan -134.962 nan nan nan 16313.9 nan nan nan -3.09551
1 -150 0.195887 -0.062298 4462.43 0.302588 0.195887 0.319187 0.182338 0.0148023 -0.062298 0.0140591 -0.0515144 31279.3 4462.43 37306.9 1973.67 nan -149.948 nan nan nan 18102.7 nan nan nan -2.26527 nan nan
0 -130 0.303066 0.0115235 31215.2 0.303066 0.194616 0.319691 0.182626 0.0115235 -0.062298 0.0140591 -0.0515144 31215.2 4462.43 37306.9 1973.67 -130.015 nan nan nan -14375.5 nan nan nan -0.73513 nan nan nan
3 -142 0.182841 -0.0657652 2054.74 0.302247 0.194845 0.320067 0.182841 0.0115235 -0.062298 0.0140591 -0.0657652 31215.2 4462.43 37306.9 2054.74 nan nan nan -141.948 nan nan nan 18175.7 nan nan nan -3.19517
2 615 0.320723 0.02826 38827.3 0.302867 0.195244 0.320723 0.181166 0.0115235 -0.062298 0.02826 -0.0657652 31215.2 4462.43 38827.3 2054.74 nan nan 614.986 nan nan nan 340901 nan nan nan 3.18398 nan
2 -75 0.326667 0.0265618 38679.2 0.300216 0.193536 0.326667 0.179581 0.0115235 -0.062298 0.0265618 -0.0657652 31215.2 4462.43 38679.2 2054.74 nan nan -75.0283 nan nan nan -33198.1 nan nan nan -0.380764 nan
2 -250 0.326019 0.0208917 38785.6 0.300505 0.193722 0.326019 0.179754 0.0115235 -0.062298 0.0208917 -0.0657652 31215.2 4462.43 38785.6 2054.74 nan nan -250.027 nan nan nan 23834 nan nan nan -1.2713 nan
3 79 0.180033 -0.0579857 2073.45 0.300972 0.194023 0.324971 0.180033 0.0115235 -0.062298 0.0208917 -0.0579857 31215.2 4462.43 38785.6 2073.45 nan nan nan 79.0658 nan nan nan 4196.66 nan nan nan 1.74426
3 -50 0.181286 -0.0628774 2075.33 0.300513 0.193727 0.324475 0.181286 0.0115235 -0.062298 0.0208917 -0.0628774 31215.2 4462.43 38785.6 2075.33 nan nan nan -49.942 nan nan nan 420.752 nan nan nan -1.09678
3 -43 0.180571 -0.0670811 2074.3 0.300775 0.193896 0.324758 0.180571 0.0115235 -0.062298 0.0208917 -0.0670811 31215.2 4462.43 38785.6 2074.3 nan nan nan -42.9371 nan nan nan -231.733 nan nan nan -0.942517
3 -60 0.179944 -0.0729503 2081.06 0.301005 0.194044 0.325006 0.179944 0.0115235 -0.062298 0.0208917 -0.0729503 31215.2 4462.43 38785.6 2081.06 nan nan nan -59.9329 nan nan nan 1517.66 nan nan nan -1.31592
1 -165 0.19424 -0.0733103 4563.86 0.301309 0.19424 0.325334 0.179116 0.0115235 -0.0733103 0.0208917 -0.0729503 31215.2 4563.86 38785.6 2081.06 nan -164.938 nan nan nan 22742 nan nan nan -2.46908 nan nan
0 1516 0.301805 0.0497935 41326.3 0.301805 0.192913 0.32587 0.179411 0.0497935 -0.0733103 0.0208917 -0.0729503 41326.3 4563.86 38785.6 2081.06 1515.99 nan nan nan 2.26701e+06 nan nan nan 8.5805 nan nan nan
0 -172 0.329158 0.0460188 41274 0.329158 0.185355 0.313104 0.172383 0.0460188 -0.0733103 0.0208917 -0.0729503 41274 4563.86 38785.6 2081.06 -172.05 nan nan nan -11725.2 nan nan nan -0.846332 nan nan nan
0 -60 0.328231 0.0447006 41106 0.328231 0.185612 0.313537 0.172621 0.0447006 -0.0733103 0.0208917 -0.0729503 41106 4563.86 38785.6 2081.06 -60.046 nan nan nan -37668.5 nan nan nan -0.29556 nan nan nan
0 -158 0.327637 0.0412238 41034.1 0.327637 0.185776 0.313814 0.172773 0.0412238 -0.0733103 0.0208917 -0.0729503 41034.1 4563.86 38785.6 2081.06 -158.045 nan nan nan -16127.9 nan nan nan -0.77952 nan nan nan
0 -83 0.326742 0.0393954 40881.8 0.326742 0.186023 0.314232 0.173003 0.0393954 -0.0733103 0.0208917 -0.0729503 40881.8 4563.86 38785.6 2081.06 -83.0412 nan nan nan -34138.2 nan nan nan -0.409941 nan nan nan
3 -50 0.173177 -0.0778316 2082.9 0.326065 0.18621 0.314548 0.173177 0.0393954 -0.0733103 0.0208917 -0.0778316 40881.8 4563.86 38785.6 2082.9 nan nan nan -49.927 nan nan nan 411.645 nan nan nan -1.09444
3 135 0.172489 -0.064631 2154.99 0.326336 0.186365 0.31481 0.172489 0.0393954 -0.0733103 0.0208917 -0.064631 40881.8 4563.86 38785.6 2154.99 nan nan nan 135.078 nan nan nan 16163.1 nan nan nan 2.95971
3 -130 0.174757 -0.0771149 2220.68 0.325442 0.185854 0.313947 0.174757 0.0393954 -0.0733103 0.0208917 -0.0771149 40881.8 4563.86 38785.6 2220.68 nan nan nan -129.935 nan nan nan 14728.2 nan nan nan -2.79901
3 -127 0.173298 -0.0891276 2282.62 0.326018 0.186183 0.314502 0.173298 0.0393954 -0.0733103 0.0208917 -0.0891276 40881.8 4563.86 38785.6 2282.62 nan nan nan -126.923 nan nan nan 13888.7 nan nan nan -2.69338
3 -125 0.171892 -0.100788 2342.03 0.326572 0.186499 0.315037 0.171892 0.0393954 -0.0733103 0.0208917 -0.100788 40881.8 4563.86 38785.6 2342.03 nan nan nan -124.911 nan nan nan 13320.1 nan nan nan -2.61447
0 -153 0.327109 0.0360196 40803.9 0.327109 0.186807 0.315555 0.170529 0.0360196 -0.0733103 0.0208917 -0.100788 40803.9 4563.86 38785.6 2342.03 -153.039 nan nan nan -17460.7 nan nan nan -0.756899 nan nan nan
1 -55 0.187052 -0.0769366 4556.96 0.326226 0.187052 0.31597 0.170753 0.0360196 -0.0769366 0.0208917 -0.100788 40803.9 4556.96 38785.6 2342.03 nan -54.9267 nan nan nan -1546.92 nan nan nan -0.81305 nan nan
1 -55 0.186475 -0.0805654 4550.09 0.326457 0.186475 0.316194 0.170874 0.0360196 -0.0805654 0.0208917 -0.100788 40803.9 4550.09 38785.6 2342.03 nan -54.9231 nan nan nan -1540.42 nan nan nan -0.813612 nan nan
