0 100 0.25 3.5931e-05 10000 0.25 0.25 0.25 0.25 3.5931e-05 0 0 0 10000 1 1 1 100 nan nan nan 0 nan nan nan 1 nan nan nan
0 120 0.220774 7.90482e-05 10000.2 0.220774 0.259742 0.259742 0.259742 7.90482e-05 0 0 0 10000.2 1 1 1 120 nan nan nan 4399.99 nan nan nan 1.2 nan nan nan
1 100 0.25974 3.5931e-05 10000 0.220781 0.25974 0.25974 0.25974 7.90482e-05 3.5931e-05 0 0 10000.2 10000 1 1 nan 100 nan nan nan 0 nan nan nan 1 nan nan
1 80 0.229724 6.46758e-05 9999.87 0.229733 0.229724 0.270272 0.270272 7.90482e-05 6.46758e-05 0 0 10000.2 9999.87 1 1 nan 80 nan nan nan -3600.01 nan nan nan 0.8 nan nan
2 50 0.27027 3.5931e-05 2500 0.229732 0.229729 0.27027 0.27027 7.90482e-05 6.46758e-05 3.5931e-05 0 10000.2 9999.87 2500 1 nan nan 50 nan nan nan 0 nan nan nan 1 nan
3 50 0.276035 3.5931e-05 2500 0.234633 0.23463 0.254702 0.276035 7.90482e-05 6.46758e-05 3.5931e-05 3.5931e-05 10000.2 9999.87 2500 2500 nan nan nan 50 nan nan nan 0 nan nan nan 1
1 110 0.239745 0.0001042 9999.95 0.239747 0.239745 0.260254 0.260254 7.90482e-05 0.0001042 3.5931e-05 3.5931e-05 10000.2 9999.95 2500 2500 nan 110 nan nan nan 2100.12 nan nan nan 1.10001 nan nan
1 120 0.239752 0.000147317 10000.1 0.239745 0.239752 0.260252 0.260252 7.90482e-05 0.000147317 3.5931e-05 3.5931e-05 10000.2 10000.1 2500 2500 nan 120 nan nan nan 4400.03 nan nan nan 1.2 nan nan
1 90 0.239759 0.000179655 10000 0.239743 0.239759 0.260249 0.260249 7.90482e-05 0.000179655 3.5931e-05 3.5931e-05 10000.2 10000 2500 2500 nan 89.9999 nan nan nan -1900.13 nan nan nan 0.899994 nan nan
0 -70 0.239741 5.38967e-05 9999.97 0.239741 0.239765 0.260247 0.260247 5.38967e-05 0.000179655 3.5931e-05 3.5931e-05 9999.97 10000 2500 2500 -70.0001 nan nan nan -5100.15 nan nan nan -0.699995 nan nan nan
1 100 0.239767 0.000215586 10000 0.239737 0.239767 0.260248 0.260248 5.38967e-05 0.000215586 3.5931e-05 3.5931e-05 9999.97 10000 2500 2500 nan 99.9998 nan nan nan -0.0718623 nan nan nan 0.999996 nan nan
2 60 0.260246 7.90482e-05 2500.04 0.239735 0.239773 0.260246 0.260246 5.38967e-05 0.000215586 7.90482e-05 3.5931e-05 9999.97 10000 2500.04 2500 nan nan 60 nan nan nan 1100 nan nan nan 1.2 nan
3 40 0.260243 6.46758e-05 2499.97 0.239732 0.239771 0.260254 0.260243 5.38967e-05 0.000215586 7.90482e-05 6.46758e-05 9999.97 10000 2500.04 2499.97 nan nan nan 40 nan nan nan -900.003 nan nan nan 0.799999
1 90 0.239769 0.000247924 9999.97 0.23973 0.239769 0.260252 0.260249 5.38967e-05 0.000247924 7.90482e-05 6.46758e-05 9999.97 9999.97 2500.04 2499.97 nan 89.9998 nan nan nan -1900.07 nan nan nan 0.899996 nan nan
2 -10 0.26025 7.1862e-05 2499.95 0.239728 0.239775 0.26025 0.260247 5.38967e-05 0.000247924 7.1862e-05 6.46758e-05 9999.97 9999.97 2499.95 2499.97 nan nan -10.0001 nan nan nan -2400.04 nan nan nan -0.2 nan
1 120 0.239775 0.000291041 10000.1 0.239729 0.239775 0.260249 0.260247 5.38967e-05 0.000291041 7.1862e-05 6.46758e-05 9999.97 10000.1 2499.95 2499.97 nan 120 nan nan nan 4399.97 nan nan nan 1.2 nan nan
3 45 0.260245 9.70138e-05 2499.95 0.239726 0.239783 0.260247 0.260245 5.38967e-05 0.000291041 7.1862e-05 9.70138e-05 9999.97 10000.1 2499.95 2499.95 nan nan nan 44.9999 nan nan nan -474.973 nan nan nan 0.900005
1 -1140 0.239781 -0.00011857 10046.5 0.239724 0.239781 0.260244 0.260251 5.38967e-05 -0.00011857 7.1862e-05 9.70138e-05 9999.97 10046.5 2499.95 2499.95 nan -1140 nan nan nan 1.2896e+06 nan nan nan -11.3999 nan nan
1 80 0.239637 -8.98917e-05 10046.3 0.239769 0.239637 0.260294 0.2603 5.38967e-05 -8.98917e-05 7.1862e-05 9.70138e-05 9999.97 10046.3 2499.95 2499.95 nan 80.0001 nan nan nan -3646.44 nan nan nan 0.798149 nan nan
3 45 0.260298 0.000129352 2499.93 0.239768 0.239642 0.260292 0.260298 5.38967e-05 -8.98917e-05 7.1862e-05 0.000129352 9999.97 10046.3 2499.95 2499.93 nan nan nan 44.9999 nan nan nan -474.959 nan nan nan 0.900007
3 55 0.260305 0.000168877 2499.95 0.239766 0.23964 0.26029 0.260305 5.38967e-05 -8.98917e-05 7.1862e-05 0.000168877 9999.97 10046.3 2499.95 2499.95 nan nan nan 54.9999 nan nan nan 525.052 nan nan nan 1.10001
1 110 0.239638 -5.04589e-05 10046.4 0.239763 0.239638 0.260287 0.260312 5.38967e-05 -5.04589e-05 7.1862e-05 0.000168877 9999.97 10046.4 2499.95 2499.95 nan 110 nan nan nan 2053.69 nan nan nan 1.09746 nan nan
2 55 0.260284 0.000111386 2499.97 0.239761 0.239645 0.260284 0.26031 5.38967e-05 -5.04589e-05 0.000111386 0.000168877 9999.97 10046.4 2499.97 2499.95 nan nan 54.9999 nan nan nan 525.039 nan nan nan 1.10001 nan
3 60 0.260307 0.000211994 2499.99 0.239759 0.239642 0.260292 0.260307 5.38967e-05 -5.04589e-05 0.000111386 0.000211994 9999.97 10046.4 2499.97 2499.99 nan nan nan 59.9998 nan nan nan 1100.03 nan nan nan 1.20001
3 40 0.260315 0.000240739 2499.96 0.239756 0.23964 0.260289 0.260315 5.38967e-05 -5.04589e-05 0.000111386 0.000240739 9999.97 10046.4 2499.97 2499.96 nan nan nan 39.9998 nan nan nan -900.009 nan nan nan 0.799997
0 90 0.239754 8.62346e-05 9999.91 0.239754 0.239638 0.260287 0.260321 8.62346e-05 -5.04589e-05 0.000111386 0.000240739 9999.91 10046.4 2499.97 2499.96 89.9999 nan nan nan -1899.98 nan nan nan 0.900001 nan nan nan
1 100 0.239636 -1.46109e-05 10046.4 0.23976 0.239636 0.260285 0.260319 8.62346e-05 -1.46109e-05 0.000111386 0.000240739 9999.91 10046.4 2499.97 2499.96 nan 100 nan nan nan -46.3951 nan nan nan 0.997688 nan nan
3 55 0.260317 0.000280263 2499.98 0.239758 0.239642 0.260283 0.260317 8.62346e-05 -1.46109e-05 0.000111386 0.000280263 9999.91 10046.4 2499.97 2499.98 nan nan nan 54.9998 nan nan nan 525.014 nan nan nan 1.1
2 5 0.26028 0.000114979 2499.88 0.239756 0.23964 0.26028 0.260324 8.62346e-05 -1.46109e-05 0.000114979 0.000280263 9999.91 10046.4 2499.88 2499.98 nan nan 4.99989 nan nan nan -2474.97 nan nan nan 0.0999983 nan
2 45 0.260281 0.000147318 2499.87 0.239755 0.23964 0.260281 0.260324 8.62346e-05 -1.46109e-05 0.000147318 0.000280263 9999.91 10046.4 2499.87 2499.98 nan nan 44.9999 nan nan nan -474.894 nan nan nan 0.900019 nan
3 50 0.260322 0.000316194 2499.98 0.239753 0.239638 0.260287 0.260322 8.62346e-05 -1.46109e-05 0.000147318 0.000316194 9999.91 10046.4 2499.87 2499.98 nan nan nan 49.9997 nan nan nan -0.00647297 nan nan nan 0.999999
0 -190 0.239751 1.79653e-05 10000.8 0.239751 0.239635 0.260285 0.260329 1.79653e-05 -1.46109e-05 0.000147318 0.000316194 10000.8 10046.4 2499.87 2499.98 -190 nan nan nan 26100.1 nan nan nan -1.90001 nan nan nan
3 -190 0.260333 0.000179655 2501.19 0.239737 0.23964 0.26029 0.260333 1.79653e-05 -1.46109e-05 0.000147318 0.000179655 10000.8 10046.4 2499.87 2501.19 nan nan nan -190 nan nan nan 33600.1 nan nan nan -3.80002
0 100 0.239747 5.38948e-05 10000.8 0.239747 0.23965 0.2603 0.260303 5.38948e-05 -1.46109e-05 0.000147318 0.000179655 10000.8 10046.4 2499.87 2501.19 100 nan nan nan -0.847971 nan nan nan 0.999958 nan nan nan
1 90 0.239647 1.76522e-05 10046.3 0.239753 0.239647 0.260298 0.260301 5.38948e-05 1.76522e-05 0.000147318 0.000179655 10000.8 10046.3 2499.87 2501.19 nan 90 nan nan nan -1946.4 nan nan nan 0.897919 nan nan
0 -120 0.239752 1.07794e-05 10001 0.239752 0.239653 0.260296 0.260299 1.07794e-05 1.76522e-05 0.000147318 0.000179655 10001 10046.3 2499.87 2501.19 -120 nan nan nan 4399.17 nan nan nan -1.19995 nan nan nan
1 -1370 0.239656 -0.000473466 10113.4 0.239743 0.239656 0.260299 0.260302 1.07794e-05 -0.000473466 0.000147318 0.000179655 10001 10113.4 2499.87 2501.19 nan -1370 nan nan nan 1.86685e+06 nan nan nan -13.6684 nan nan
3 55 0.260366 0.00021917 2501.2 0.239803 0.239467 0.260364 0.260366 1.07794e-05 -0.000473466 0.000147318 0.00021917 10001 10113.4 2499.87 2501.2 nan nan nan 54.9998 nan nan nan 523.795 nan nan nan 1.09974
3 40 0.260374 0.000247908 2501.17 0.239801 0.239464 0.260361 0.260374 1.07794e-05 -0.000473466 0.000147318 0.000247908 10001 10113.4 2499.87 2501.17 nan nan nan 39.9998 nan nan nan -901.222 nan nan nan 0.799803
2 0 0.260359 0.000147318 2499.78 0.239799 0.239462 0.260359 0.26038 1.07794e-05 -0.000473466 0.000147318 0.000247908 10001 10113.4 2499.78 2501.17 nan nan -0.000147318 nan nan nan -2499.87 nan nan nan -2.94644e-06 nan
1 120 0.239462 -0.000430591 10113.6 0.239799 0.239462 0.260359 0.26038 1.07794e-05 -0.000430591 0.000147318 0.000247908 10001 10113.6 2499.78 2501.17 nan 120 nan nan nan 4286.7 nan nan nan 1.19326 nan nan
1 130 0.23947 -0.000384144 10113.8 0.239796 0.23947 0.260357 0.260377 1.07794e-05 -0.000384144 0.000147318 0.000247908 10001 10113.8 2499.78 2501.17 nan 130 nan nan nan 6786.55 nan nan nan 1.29268 nan nan
2 45 0.260354 0.000179657 2499.76 0.239794 0.239478 0.260354 0.260374 1.07794e-05 -0.000384144 0.000179657 0.000247908 10001 10113.8 2499.76 2501.17 nan nan 44.9999 nan nan nan -474.79 nan nan nan 0.900037 nan
3 60 0.260372 0.000291015 2501.21 0.239792 0.239476 0.26036 0.260372 1.07794e-05 -0.000384144 0.000179657 0.000291015 10001 10113.8 2499.76 2501.21 nan nan nan 59.9998 nan nan nan 1098.8 nan nan nan 1.19971
1 110 0.239473 -0.000344842 10113.9 0.239789 0.239473 0.260357 0.26038 1.07794e-05 -0.000344842 0.000179657 0.000291015 10001 10113.9 2499.76 2501.21 nan 110 nan nan nan 1986.28 nan nan nan 1.0938 nan nan
3 40 0.260378 0.000319752 2501.18 0.239787 0.23948 0.260355 0.260378 1.07794e-05 -0.000344842 0.000179657 0.000319752 10001 10113.9 2499.76 2501.18 nan nan nan 39.9997 nan nan nan -901.235 nan nan nan 0.7998
1 90 0.239478 -0.000312687 10113.8 0.239785 0.239478 0.260353 0.260383 1.07794e-05 -0.000312687 0.000179657 0.000319752 10001 10113.8 2499.76 2501.18 nan 90.0003 nan nan nan -2013.82 nan nan nan 0.894922 nan nan
3 45 0.260381 0.000352082 2501.16 0.239783 0.239484 0.260351 0.260381 1.07794e-05 -0.000312687 0.000179657 0.000352082 10001 10113.8 2499.76 2501.16 nan nan nan 44.9997 nan nan nan -476.208 nan nan nan 0.899781
3 55 0.260388 0.000391597 2501.18 0.239781 0.239482 0.260349 0.260388 1.07794e-05 -0.000312687 0.000179657 0.000391597 10001 10113.8 2499.76 2501.18 nan nan nan 54.9996 nan nan nan 523.799 nan nan nan 1.09974
2 10 0.260346 0.000186844 2499.67 0.239779 0.23948 0.260346 0.260395 1.07794e-05 -0.000312687 0.000186844 0.000391597 10001 10113.8 2499.67 2501.18 nan nan 9.99982 nan nan nan -2399.76 nan nan nan 0.200006 nan
3 65 0.260395 0.000438296 2501.24 0.239778 0.239479 0.260348 0.260395 1.07794e-05 -0.000312687 0.000186844 0.000438296 10001 10113.8 2499.67 2501.24 nan nan nan 64.9996 nan nan nan 1723.77 nan nan nan 1.29969
1 100 0.239477 -0.000276959 10113.8 0.239775 0.239477 0.260345 0.260403 1.07794e-05 -0.000276959 0.000186844 0.000438296 10001 10113.8 2499.67 2501.24 nan 100 nan nan nan -113.746 nan nan nan 0.994361 nan nan
0 120 0.239773 5.38944e-05 10001.2 0.239773 0.239483 0.260342 0.260401 5.38944e-05 -0.000276959 0.000186844 0.000438296 10001.2 10113.8 2499.67 2501.24 120 nan nan nan 4398.99 nan nan nan 1.19994 nan nan nan
3 70 0.260399 0.000488586 2501.33 0.239781 0.239481 0.26034 0.260399 5.38944e-05 -0.000276959 0.000186844 0.000488586 10001.2 10113.8 2499.67 2501.33 nan nan nan 69.9996 nan nan nan 2398.7 nan nan nan 1.39964
1 120 0.239478 -0.000234085 10114 0.239778 0.239478 0.260336 0.260408 5.38944e-05 -0.000234085 0.000186844 0.000488586 10001.2 10114 2499.67 2501.33 nan 120 nan nan nan 4286.26 nan nan nan 1.19323 nan nan
3 50 0.260405 0.000524508 2501.33 0.239776 0.239485 0.260334 0.260405 5.38944e-05 -0.000234085 0.000186844 0.000524508 10001.2 10114 2499.67 2501.33 nan nan nan 49.9995 nan nan nan -1.37796 nan nan nan 0.999725
0 -140 0.239773 3.59394e-06 10001.5 0.239773 0.239483 0.260331 0.260412 3.59394e-06 -0.000234085 0.000186844 0.000524508 10001.5 10114 2499.67 2501.33 -140 nan nan nan 9598.85 nan nan nan -1.39992 nan nan nan
3 -205 0.260416 0.000377229 2502.75 0.239764 0.239486 0.260335 0.260416 3.59394e-06 -0.000234085 0.000186844 0.000377229 10001.5 10114 2499.67 2502.75 nan nan nan -205.001 nan nan nan 39523.9 nan nan nan -4.09892
1 -1630 0.239497 -0.000816451 10209.1 0.239774 0.239497 0.260346 0.260383 3.59394e-06 -0.000816451 0.000186844 0.000377229 10001.5 10209.1 2499.67 2502.75 nan -1630 nan nan nan 2.64679e+06 nan nan nan -16.2079 nan nan
3 60 0.260467 0.000420322 2502.79 0.239852 0.23925 0.260431 0.260467 3.59394e-06 -0.000816451 0.000186844 0.000420322 10001.5 10209.1 2499.67 2502.79 nan nan nan 59.9996 nan nan nan 1097.21 nan nan nan 1.19933
3 55 0.260476 0.000459824 2502.81 0.239849 0.239247 0.260428 0.260476 3.59394e-06 -0.000816451 0.000186844 0.000459824 10001.5 10209.1 2499.67 2502.81 nan nan nan 54.9996 nan nan nan 522.165 nan nan nan 1.09938
2 -10 0.260425 0.000179657 2499.59 0.239847 0.239244 0.260425 0.260483 3.59394e-06 -0.000816451 0.000179657 0.000459824 10001.5 10209.1 2499.59 2502.81 nan nan -10.0002 nan nan nan -2399.67 nan nan nan -0.200017 nan
1 110 0.239245 -0.000777333 10209.1 0.239847 0.239245 0.260424 0.260483 3.59394e-06 -0.000777333 0.000179657 0.000459824 10001.5 10209.1 2499.59 2502.81 nan 110.001 nan nan nan 1891.12 nan nan nan 1.08869 nan nan
3 65 0.260481 0.000506508 2502.87 0.239845 0.239252 0.260422 0.260481 3.59394e-06 -0.000777333 0.000179657 0.000506508 10001.5 10209.1 2499.59 2502.87 nan nan nan 64.9995 nan nan nan 1722.13 nan nan nan 1.29926
0 -260 0.239842 -8.98196e-05 10003.6 0.239842 0.239249 0.260419 0.26049 -8.98196e-05 -0.000777333 0.000179657 0.000506508 10003.6 10209.1 2499.59 2502.87 -260 nan nan nan 57598.5 nan nan nan -2.5998 nan nan nan
1 140 0.239255 -0.000727548 10209.5 0.239822 0.239255 0.260426 0.260497 -8.98196e-05 -0.000727548 0.000179657 0.000506508 10003.6 10209.5 2499.59 2502.87 nan 140.001 nan nan nan 9391.09 nan nan nan 1.38559 nan nan
3 80 0.260494 0.000563964 2503.01 0.23982 0.239264 0.260423 0.260494 -8.98196e-05 -0.000727548 0.000179657 0.000563964 10003.6 10209.5 2499.59 2503.01 nan nan nan 79.9995 nan nan nan 3897.05 nan nan nan 1.59907
0 110 0.239816 -5.03026e-05 10003.7 0.239816 0.23926 0.260419 0.260504 -5.03026e-05 -0.000727548 0.000179657 0.000563964 10003.7 10209.5 2499.59 2503.01 110 nan nan nan 2096.44 nan nan nan 1.0998 nan nan nan
1 130 0.239258 -0.000681319 10209.7 0.239823 0.239258 0.260417 0.260502 -5.03026e-05 -0.000681319 0.000179657 0.000563964 10003.7 10209.7 2499.59 2503.01 nan 130.001 nan nan nan 6690.72 nan nan nan 1.2866 nan nan
3 40 0.260499 0.000592691 2502.98 0.239821 0.239266 0.260414 0.260499 -5.03026e-05 -0.000681319 0.000179657 0.000592691 10003.7 10209.7 2499.59 2502.98 nan nan nan 39.9994 nan nan nan -903.054 nan nan nan 0.799508
3 80 0.260505 0.000650146 2503.12 0.239819 0.239264 0.260412 0.260505 -5.03026e-05 -0.000681319 0.000179657 0.000650146 10003.7 10209.7 2499.59 2503.12 nan nan nan 79.9994 nan nan nan 3896.93 nan nan nan 1.59904
1 100 0.239261 -0.000645758 10209.7 0.239815 0.239261 0.260408 0.260516 -5.03026e-05 -0.000645758 0.000179657 0.000650146 10003.7 10209.7 2499.59 2503.12 nan 100.001 nan nan nan -209.569 nan nan nan 0.989684 nan nan
1 110 0.239268 -0.000606642 10209.8 0.239813 0.239268 0.260406 0.260513 -5.03026e-05 -0.000606642 0.000179657 0.000650146 10003.7 10209.8 2499.59 2503.12 nan 110.001 nan nan nan 1890.44 nan nan nan 1.08865 nan nan
1 120 0.239275 -0.00056397 10209.9 0.239811 0.239275 0.260403 0.260511 -5.03026e-05 -0.00056397 0.000179657 0.000650146 10003.7 10209.9 2499.59 2503.12 nan 120.001 nan nan nan 4190.38 nan nan nan 1.18761 nan nan
3 40 0.260508 0.000678873 2503.08 0.239809 0.239282 0.260401 0.260508 -5.03026e-05 -0.00056397 0.000179657 0.000678873 10003.7 10209.9 2499.59 2503.08 nan nan nan 39.9993 nan nan nan -903.169 nan nan nan 0.799489
0 -220 0.239807 -0.000129336 10005 0.239807 0.23928 0.260399 0.260514 -0.000129336 -0.00056397 0.000179657 0.000678873 10005 10209.9 2499.59 2503.08 -220 nan nan nan 38396.3 nan nan nan -2.1996 nan nan nan
1 120 0.239285 -0.000521298 10210.1 0.23979 0.239285 0.260405 0.26052 -0.000129336 -0.000521298 0.000179657 0.000678873 10005 10210.1 2499.59 2503.08 nan 120.001 nan nan nan 4190.22 nan nan nan 1.18761 nan nan
3 65 0.260517 0.000725554 2503.15 0.239788 0.239293 0.260402 0.260517 -0.000129336 -0.000521298 0.000179657 0.000725554 10005 10210.1 2499.59 2503.15 nan nan nan 64.9993 nan nan nan 1721.83 nan nan nan 1.29919
3 -245 0.260526 0.000549602 2505.21 0.239785 0.23929 0.260399 0.260526 -0.000129336 -0.000521298 0.000179657 0.000549602 10005 10210.1 2499.59 2505.21 nan nan nan -245.001 nan nan nan 57522.2 nan nan nan -4.89693
1 140 0.239303 -0.000471515 10210.4 0.239798 0.239303 0.260413 0.260485 -0.000129336 -0.000471515 0.000179657 0.000549602 10005 10210.4 2499.59 2505.21 nan 140.001 nan nan nan 9390.08 nan nan nan 1.38553 nan nan
2 55 0.26041 0.000219184 2499.61 0.239796 0.239312 0.26041 0.260482 -0.000129336 -0.000471515 0.000219184 0.000549602 10005 10210.4 2499.61 2505.21 nan nan 54.9998 nan nan nan 525.393 nan nan nan 1.10009 nan
1 110 0.239309 -0.0004324 10210.5 0.239793 0.239309 0.260418 0.26048 -0.000129336 -0.0004324 0.000219184 0.000549602 10005 10210.5 2499.61 2505.21 nan 110 nan nan nan 1889.7 nan nan nan 1.08861 nan nan
3 60 0.260477 0.000592674 2505.25 0.239791 0.239316 0.260415 0.260477 -0.000129336 -0.0004324 0.000219184 0.000592674 10005 10210.5 2499.61 2505.25 nan nan nan 59.9995 nan nan nan 1094.72 nan nan nan 1.19874
3 65 0.260486 0.000639335 2505.31 0.239788 0.239314 0.260412 0.260486 -0.000129336 -0.0004324 0.000219184 0.000639335 10005 10210.5 2499.61 2505.31 nan nan nan 64.9994 nan nan nan 1719.67 nan nan nan 1.29862
0 90 0.239785 -9.70065e-05 10005 0.239785 0.239311 0.260409 0.260494 -9.70065e-05 -0.0004324 0.000219184 0.000639335 10005 10210.5 2499.61 2505.31 90.0001 nan nan nan -1905.01 nan nan nan 0.899775 nan nan nan
1 130 0.239309 -0.000386173 10210.7 0.239791 0.239309 0.260407 0.260492 -9.70065e-05 -0.000386173 0.000219184 0.000639335 10005 10210.7 2499.61 2505.31 nan 130 nan nan nan 6689.64 nan nan nan 1.28654 nan nan
3 75 0.26049 0.000693174 2505.43 0.239789 0.239317 0.260405 0.26049 -9.70065e-05 -0.000386173 0.000219184 0.000693174 10005 10210.7 2499.61 2505.43 nan nan nan 74.9994 nan nan nan 3119.59 nan nan nan 1.4984
1 -1860 0.239314 -0.00104756 10334.7 0.239786 0.239314 0.260401 0.2605 -9.70065e-05 -0.00104756 0.000219184 0.000693174 10005 10334.7 2499.61 2505.43 nan -1860 nan nan nan 3.44939e+06 nan nan nan -18.4071 nan nan
3 60 0.260603 0.000736244 2505.47 0.239881 0.239011 0.260505 0.260603 -9.70065e-05 -0.00104756 0.000219184 0.000736244 10005 10334.7 2499.61 2505.47 nan nan nan 59.9993 nan nan nan 1094.49 nan nan nan 1.19869
0 -150 0.239879 -0.00015089 10005.4 0.239879 0.239008 0.260502 0.260612 -0.00015089 -0.00104756 0.000219184 0.000736244 10005.4 10334.7 2499.61 2505.47 -150 nan nan nan 12495 nan nan nan -1.49963 nan nan nan
0 -80 0.239868 -0.000179627 10005.3 0.239868 0.239011 0.260505 0.260615 -0.000179627 -0.00104756 0.000219184 0.000736244 10005.3 10334.7 2499.61 2505.47 -79.9998 nan nan nan -3605.43 nan nan nan -0.799782 nan nan nan
3 65 0.260617 0.000782902 2505.53 0.239863 0.239013 0.260507 0.260617 -0.000179627 -0.00104756 0.000219184 0.000782902 10005.3 10334.7 2499.61 2505.53 nan nan nan 64.9993 nan nan nan 1719.44 nan nan nan 1.29857
2 30 0.260504 0.000240744 2499.55 0.23986 0.23901 0.260504 0.260626 -0.000179627 -0.00104756 0.000240744 0.000782902 10005.3 10334.7 2499.55 2505.53 nan nan 29.9998 nan nan nan -1599.62 nan nan nan 0.600043 nan
3 -250 0.260624 0.000603445 2507.68 0.239859 0.239009 0.260508 0.260624 -0.000179627 -0.00104756 0.000240744 0.000603445 10005.3 10334.7 2499.55 2507.68 nan nan nan -250.001 nan nan nan 59994.9 nan nan nan -4.9945
0 110 0.239872 -0.000140113 10005.4 0.239872 0.239022 0.260523 0.260583 -0.000140113 -0.00104756 0.000240744 0.000603445 10005.4 10334.7 2499.55 2507.68 110 nan nan nan 2094.76 nan nan nan 1.09971 nan nan nan
1 120 0.23902 -0.00100514 10334.8 0.239879 0.23902 0.260521 0.26058 -0.000140113 -0.00100514 0.000240744 0.000603445 10005.4 10334.8 2499.55 2507.68 nan 120.001 nan nan nan 4065.6 nan nan nan 1.18042 nan nan
1 110 0.239027 -0.000966265 10334.9 0.239877 0.239027 0.260518 0.260578 -0.000140113 -0.000966265 0.000240744 0.000603445 10005.4 10334.9 2499.55 2507.68 nan 110.001 nan nan nan 1765.42 nan nan nan 1.08205 nan nan
3 85 0.260575 0.000664434 2507.85 0.239875 0.239034 0.260516 0.260575 -0.000140113 -0.000966265 0.000240744 0.000664434 10005.4 10334.9 2499.55 2507.85 nan nan nan 84.9994 nan nan nan 4717.21 nan nan nan 1.69738
3 45 0.260587 0.000696721 2507.84 0.239871 0.239031 0.260512 0.260587 -0.000140113 -0.000966265 0.000240744 0.000696721 10005.4 10334.9 2499.55 2507.84 nan nan nan 44.9993 nan nan nan -482.912 nan nan nan 0.898577
3 55 0.260593 0.000736182 2507.85 0.239869 0.239029 0.260509 0.260593 -0.000140113 -0.000966265 0.000240744 0.000736182 10005.4 10334.9 2499.55 2507.85 nan nan nan 54.9993 nan nan nan 517.088 nan nan nan 1.09827
0 100 0.25 3.5931e-05 10000 0.25 0.25 0.25 0.25 3.5931e-05 0 0 0 10000 1 1 1 100 nan nan nan 0 nan nan nan 1 nan nan nan
1 250 0.259742 3.5931e-05 62500 0.220774 0.259742 0.259742 0.259742 3.5931e-05 3.5931e-05 0 0 10000 62500 1 1 nan 250 nan nan nan 0 nan nan nan 1 nan nan
2 250 0.284547 3.5931e-05 62500 0.241857 0.189049 0.284547 0.284547 3.5931e-05 3.5931e-05 3.5931e-05 0 10000 62500 62500 1 nan nan 250 nan nan nan 0 nan nan nan 1 nan
3 100 0.314589 3.5931e-05 10000 0.267393 0.209009 0.209009 0.314589 3.5931e-05 3.5931e-05 3.5931e-05 3.5931e-05 10000 62500 62500 10000 nan nan nan 100 nan nan nan 0 nan nan nan 1
0 -130 0.280638 -1.07793e-05 10000.2 0.280638 0.219362 0.219362 0.280638 -1.07793e-05 3.5931e-05 3.5931e-05 3.5931e-05 10000.2 62500 62500 10000 -130 nan nan nan 6900.01 nan nan nan -1.3 nan nan nan
1 220 0.219365 6.75503e-05 62499.5 0.280628 0.219365 0.219365 0.280642 -1.07793e-05 6.75503e-05 3.5931e-05 3.5931e-05 10000.2 62499.5 62500 10000 nan 220 nan nan nan -14100 nan nan nan 0.88 nan nan
2 220 0.219363 6.75503e-05 62499.5 0.280626 0.219371 0.219363 0.28064 -1.07793e-05 6.75503e-05 6.75503e-05 3.5931e-05 10000.2 62499.5 62499.5 10000 nan nan 220 nan nan nan -14100 nan nan nan 0.88 nan
3 117 0.280638 7.79703e-05 10000.1 0.280624 0.219369 0.219369 0.280638 -1.07793e-05 6.75503e-05 6.75503e-05 7.79703e-05 10000.2 62499.5 62499.5 10000.1 nan nan nan 117 nan nan nan 3688.99 nan nan nan 1.17
3 30 0.280646 8.87495e-05 9999.81 0.280621 0.219367 0.219367 0.280646 -1.07793e-05 6.75503e-05 6.75503e-05 8.87495e-05 10000.2 62499.5 62499.5 9999.81 nan nan nan 29.9999 nan nan nan -9100.14 nan nan nan 0.299997
3 280 0.280649 0.000189357 10002.3 0.28062 0.219366 0.219366 0.280649 -1.07793e-05 6.75503e-05 6.75503e-05 0.000189357 10000.2 62499.5 62499.5 10002.3 nan nan nan 280 nan nan nan 68400.1 nan nan nan 2.80003
3 -15 0.280665 0.000183968 10001.9 0.280613 0.219361 0.219361 0.280665 -1.07793e-05 6.75503e-05 6.75503e-05 0.000183968 10000.2 62499.5 62499.5 10001.9 nan nan nan -15.0002 nan nan nan -9777.26 nan nan nan -0.149985
3 90 0.280664 0.000216303 10001.8 0.280614 0.219361 0.219361 0.280664 -1.07793e-05 6.75503e-05 6.75503e-05 0.000216303 10000.2 62499.5 62499.5 10001.8 nan nan nan 89.9998 nan nan nan -1901.95 nan nan nan 0.899912
2 265 0.219359 0.000105637 62499.8 0.280611 0.219359 0.219359 0.280671 -1.07793e-05 6.75503e-05 0.000105637 0.000216303 10000.2 62499.5 62499.8 10001.8 nan nan 265 nan nan nan 7725.47 nan nan nan 1.06 nan
2 108 0.219365 0.000121159 62497.9 0.280609 0.219357 0.219365 0.280669 -1.07793e-05 6.75503e-05 0.000121159 0.000216303 10000.2 62499.5 62497.9 10001.8 nan nan 108 nan nan nan -50835.8 nan nan nan 0.432 nan
2 108 0.219369 0.000136682 62496.1 0.280607 0.219356 0.219369 0.280667 -1.07793e-05 6.75503e-05 0.000136682 0.000216303 10000.2 62499.5 62496.1 10001.8 nan nan 108 nan nan nan -50834 nan nan nan 0.432007 nan
2 -673 0.219373 3.99526e-05 62510.1 0.280606 0.219355 0.219373 0.280666 -1.07793e-05 6.75503e-05 3.99526e-05 0.000216303 10000.2 62499.5 62510.1 10001.8 nan nan -673 nan nan nan 390433 nan nan nan -2.69208 nan
1 80 0.219362 7.90482e-05 62497.5 0.280615 0.219362 0.219348 0.280675 -1.07793e-05 7.90482e-05 3.99526e-05 0.000216303 10000.2 62497.5 62510.1 10001.8 nan 79.9999 nan nan nan -56099.5 nan nan nan 0.320001 nan nan
1 280 0.219365 0.000119292 62498 0.280614 0.219365 0.219347 0.280674 -1.07793e-05 0.000119292 3.99526e-05 0.000216303 10000.2 62498 62510.1 10001.8 nan 280 nan nan nan 15902.5 nan nan nan 1.12002 nan nan
3 -520 0.280671 2.94788e-05 10011.2 0.280611 0.219372 0.219346 0.280671 -1.07793e-05 0.000119292 3.99526e-05 2.94788e-05 10000.2 62498 62510.1 10011.2 nan nan nan -520 nan nan nan 260398 nan nan nan -5.19952
1 110 0.219388 0.000135102 62496.2 0.280632 0.219388 0.219362 0.280618 -1.07793e-05 0.000135102 3.99526e-05 2.94788e-05 10000.2 62496.2 62510.1 10011.2 nan 110 nan nan nan -50398.1 nan nan nan 0.440006 nan nan
2 235 0.219361 7.3725e-05 62509.9 0.280631 0.219392 0.219361 0.280617 -1.07793e-05 0.000135102 7.3725e-05 2.94788e-05 10000.2 62496.2 62509.9 10011.2 nan nan 235 nan nan nan -7285.17 nan nan nan 0.939924 nan
1 -775 0.21939 2.37122e-05 62515.6 0.280629 0.21939 0.219367 0.280615 -1.07793e-05 2.37122e-05 7.3725e-05 2.94788e-05 10000.2 62515.6 62509.9 10011.2 nan -775 nan nan nan 538129 nan nan nan -3.10009 nan nan
1 80 0.21936 3.52086e-05 62513.6 0.280639 0.21936 0.219375 0.280626 -1.07793e-05 3.52086e-05 7.3725e-05 2.94788e-05 10000.2 62513.6 62509.9 10011.2 nan 80 nan nan nan -56115.6 nan nan nan 0.31996 nan nan
2 90 0.219374 8.66592e-05 62507.9 0.280638 0.219363 0.219374 0.280624 -1.07793e-05 3.52086e-05 8.66592e-05 2.94788e-05 10000.2 62513.6 62507.9 10011.2 nan nan 89.9999 nan nan nan -54409.9 nan nan nan 0.359971 nan
0 265 0.280637 8.44367e-05 10002.4 0.280637 0.219362 0.219377 0.280623 8.44367e-05 3.52086e-05 8.66592e-05 2.94788e-05 10002.4 62513.6 62507.9 10011.2 265 nan nan nan 60224.8 nan nan nan 2.64997 nan nan nan
3 280 0.280617 0.000130029 10013.7 0.280653 0.219357 0.219373 0.280617 8.44367e-05 3.52086e-05 8.66592e-05 0.000130029 10002.4 62513.6 62507.9 10013.7 nan nan nan 280 nan nan nan 68388.8 nan nan nan 2.79843
0 -145 0.280646 3.2343e-05 10002.8 0.280646 0.219352 0.219368 0.280633 3.2343e-05 3.52086e-05 8.66592e-05 0.000130029 10002.8 62513.6 62507.9 10013.7 -145 nan nan nan 11022.6 nan nan nan -1.44983 nan nan nan
3 -250 0.280638 4.0263e-05 10015.5 0.280635 0.219356 0.219371 0.280638 3.2343e-05 3.52086e-05 8.66592e-05 4.0263e-05 10002.8 62513.6 62507.9 10015.5 nan nan nan -250 nan nan nan 52486.4 nan nan nan -2.4983
1 280 0.219362 7.5447e-05 62514.1 0.280644 0.219362 0.219378 0.280616 3.2343e-05 7.5447e-05 8.66592e-05 4.0263e-05 10002.8 62514.1 62507.9 10015.5 nan 280 nan nan nan 15886.4 nan nan nan 1.11988 nan nan
1 -1060 0.219369 -7.68832e-05 62552.3 0.280641 0.219369 0.219376 0.280614 3.2343e-05 -7.68832e-05 8.66592e-05 4.0263e-05 10002.8 62552.3 62507.9 10015.5 nan -1060 nan nan nan 1.06109e+06 nan nan nan -4.23952 nan nan
2 117 0.219389 0.000103474 62506.2 0.280658 0.219321 0.219389 0.280631 3.2343e-05 -7.68832e-05 0.000103474 4.0263e-05 10002.8 62552.3 62506.2 10015.5 nan nan 117 nan nan nan -48819 nan nan nan 0.46797 nan
2 -470 0.219393 3.59268e-05 62511.9 0.280657 0.21932 0.219393 0.28063 3.2343e-05 -7.68832e-05 3.59268e-05 4.0263e-05 10002.8 62552.3 62511.9 10015.5 nan nan -470 nan nan nan 158394 nan nan nan -1.87991 nan
3 -362 0.280635 -8.97063e-05 10019.9 0.280662 0.219324 0.219378 0.280635 3.2343e-05 -7.68832e-05 3.59268e-05 -8.97063e-05 10002.8 62552.3 62511.9 10019.9 nan nan nan -362 nan nan nan 121028 nan nan nan -3.61719
1 285 0.219335 -3.5939e-05 62552.9 0.280675 0.219335 0.219388 0.280602 3.2343e-05 -3.5939e-05 3.59268e-05 -8.97063e-05 10002.8 62552.9 62511.9 10019.9 nan 285 nan nan nan 18672.8 nan nan nan 1.13952 nan nan
1 110 0.219341 -2.01361e-05 62551.1 0.280673 0.219341 0.219387 0.280599 3.2343e-05 -2.01361e-05 3.59268e-05 -8.97063e-05 10002.8 62551.1 62511.9 10019.9 nan 110 nan nan nan -50452.9 nan nan nan 0.439814 nan nan
1 250 0.219345 1.57803e-05 62551.1 0.280672 0.219345 0.219386 0.280598 3.2343e-05 1.57803e-05 3.59268e-05 -8.97063e-05 10002.8 62551.1 62511.9 10019.9 nan 250 nan nan nan -51.1022 nan nan nan 0.999591 nan nan
0 235 0.280669 0.000116769 10004.4 0.280669 0.219351 0.219384 0.280596 0.000116769 1.57803e-05 3.59268e-05 -8.97063e-05 10004.4 62551.1 62511.9 10019.9 235 nan nan nan 45222.2 nan nan nan 2.34967 nan nan nan
0 100 0.280684 0.000152692 10004.4 0.280684 0.219347 0.219379 0.28059 0.000152692 1.57803e-05 3.59268e-05 -8.97063e-05 10004.4 62551.1 62511.9 10019.9 99.9999 nan nan nan -4.45615 nan nan nan 0.999777 nan nan nan
1 90 0.219345 2.87101e-05 62549.2 0.280691 0.219345 0.219377 0.280587 0.000152692 2.87101e-05 3.59268e-05 -8.97063e-05 10004.4 62549.2 62511.9 10019.9 nan 90 nan nan nan -54451.1 nan nan nan 0.359853 nan nan
1 -905 0.219348 -0.000101309 62576.3 0.28069 0.219348 0.219376 0.280586 0.000152692 -0.000101309 3.59268e-05 -8.97063e-05 10004.4 62576.3 62511.9 10019.9 nan -905 nan nan nan 756476 nan nan nan -3.61858 nan nan
3 108 0.2806 -5.09393e-05 10020 0.280703 0.21931 0.219387 0.2806 0.000152692 -0.000101309 3.59268e-05 -5.09393e-05 10004.4 62576.3 62511.9 10020 nan nan nan 108 nan nan nan 1644.13 nan nan nan 1.07893
3 -177 0.280607 -0.000114474 10020.7 0.2807 0.219308 0.219384 0.280607 0.000152692 -0.000101309 3.59268e-05 -0.000114474 10004.4 62576.3 62511.9 10020.7 nan nan nan -177 nan nan nan 21309 nan nan nan -1.76824
1 280 0.219312 -6.10908e-05 62576.9 0.280706 0.219312 0.219389 0.280593 0.000152692 -6.10908e-05 3.59268e-05 -0.000114474 10004.4 62576.9 62511.9 10020.7 nan 280 nan nan nan 15823.7 nan nan nan 1.11932 nan nan
0 -15 0.280703 0.000147303 10004.1 0.280703 0.219319 0.219387 0.280591 0.000147303 -6.10908e-05 3.59268e-05 -0.000114474 10004.1 62576.9 62511.9 10020.7 -15.0002 nan nan nan -9779.43 nan nan nan -0.149968 nan nan nan
1 295 0.219319 -1.87183e-05 62577.8 0.280703 0.219319 0.219387 0.280591 0.000147303 -1.87183e-05 3.59268e-05 -0.000114474 10004.1 62577.8 62511.9 10020.7 nan 295 nan nan nan 24448.1 nan nan nan 1.17927 nan nan
1 90 0.219326 -5.79114e-06 62575.8 0.2807 0.219326 0.219385 0.280589 0.000147303 -5.79114e-06 3.59268e-05 -0.000114474 10004.1 62575.8 62511.9 10020.7 nan 90 nan nan nan -54477.8 nan nan nan 0.359776 nan nan
0 120 0.280699 0.000190412 10004.2 0.280699 0.219329 0.219384 0.280587 0.000190412 -5.79114e-06 3.59268e-05 -0.000114474 10004.2 62575.8 62511.9 10020.7 120 nan nan nan 4395.88 nan nan nan 1.19975 nan nan nan
0 -190 0.280708 0.000122157 10005.2 0.280708 0.219326 0.219382 0.280584 0.000122157 -5.79114e-06 3.59268e-05 -0.000114474 10005.2 62575.8 62511.9 10020.7 -190 nan nan nan 26095.8 nan nan nan -1.8996 nan nan nan
0 -90 0.280692 8.98277e-05 10005.1 0.280692 0.219331 0.219386 0.28059 8.98277e-05 -5.79114e-06 3.59268e-05 -0.000114474 10005.1 62575.8 62511.9 10020.7 -90.0001 nan nan nan -1905.15 nan nan nan -0.899768 nan nan nan
0 265 0.280686 0.000185021 10007.3 0.280686 0.219333 0.219388 0.280593 0.000185021 -5.79114e-06 3.59268e-05 -0.000114474 10007.3 62575.8 62511.9 10020.7 265 nan nan nan 60219.8 nan nan nan 2.64932 nan nan nan
1 -1215 0.219328 -0.00018031 62626.6 0.280702 0.219328 0.219384 0.280587 0.000185021 -0.00018031 3.59268e-05 -0.000114474 10007.3 62626.6 62511.9 10020.7 nan -1215 nan nan nan 1.41365e+06 nan nan nan -4.85705 nan nan
0 -130 0.280723 0.000138327 10007.5 0.280723 0.21927 0.2194 0.280608 0.000138327 -0.00018031 3.59268e-05 -0.000114474 10007.5 62626.6 62511.9 10020.7 -130 nan nan nan 6892.78 nan nan nan -1.29953 nan nan nan
3 -425 0.280611 -0.000267023 10026.8 0.280713 0.219273 0.219403 0.280611 0.000138327 -0.00018031 3.59268e-05 -0.000267023 10007.5 62626.6 62511.9 10026.8 nan nan nan -425 nan nan nan 170604 nan nan nan -4.2456
2 265 0.219415 7.40101e-05 62512.1 0.280729 0.219285 0.219415 0.28057 0.000138327 -0.00018031 7.40101e-05 -0.000267023 10007.5 62626.6 62512.1 10026.8 nan nan 265 nan nan nan 7713.11 nan nan nan 1.0599 nan
2 250 0.219422 0.000109938 62512.1 0.280726 0.219284 0.219422 0.280568 0.000138327 -0.00018031 0.000109938 -0.000267023 10007.5 62626.6 62512.1 10026.8 nan nan 250 nan nan nan -12.181 nan nan nan 0.999903 nan
2 285 0.219428 0.000150895 62512.8 0.280724 0.219282 0.219428 0.280566 0.000138327 -0.00018031 0.000150895 -0.000267023 10007.5 62626.6 62512.8 10026.8 nan nan 285 nan nan nan 18712.8 nan nan nan 1.13989 nan
2 90 0.219435 0.000163829 62510.9 0.280722 0.21928 0.219435 0.280564 0.000138327 -0.00018031 0.000163829 -0.000267023 10007.5 62626.6 62510.9 10026.8 nan nan 89.9998 nan nan nan -54412.8 nan nan nan 0.359962 nan
0 285 0.280721 0.000240692 10010.1 0.280721 0.219279 0.219438 0.280562 0.000240692 -0.00018031 0.000163829 -0.000267023 10010.1 62626.6 62510.9 10026.8 285 nan nan nan 71217.4 nan nan nan 2.84893 nan nan nan
1 350 0.219274 -0.000130057 62628.8 0.280737 0.219274 0.219433 0.280556 0.000240692 -0.000130057 0.000163829 -0.000267023 10010.1 62628.8 62510.9 10026.8 nan 350 nan nan nan 59873.5 nan nan nan 1.39858 nan nan
0 -50 0.280734 0.000222735 10009.8 0.280734 0.219281 0.219431 0.280553 0.000222735 -0.000130057 0.000163829 -0.000267023 10009.8 62628.8 62510.9 10026.8 -50.0002 nan nan nan -7510.05 nan nan nan -0.499751 nan nan nan
2 -606 0.219432 7.67395e-05 62521.8 0.280731 0.219282 0.219432 0.280555 0.000222735 -0.000130057 7.67395e-05 -0.000267023 10009.8 62628.8 62521.8 10026.8 nan nan -606 nan nan nan 304725 nan nan nan -2.42379 nan
3 295 0.280562 -0.000161168 10029.6 0.280739 0.219288 0.219411 0.280562 0.000222735 -0.000130057 7.67395e-05 -0.000161168 10009.8 62628.8 62521.8 10029.6 nan nan nan 295 nan nan nan 76998.3 nan nan nan 2.94605
1 305 0.219283 -8.62667e-05 62629.9 0.280732 0.219283 0.219406 0.280579 0.000222735 -8.62667e-05 7.67395e-05 -0.000161168 10009.8 62629.9 62521.8 10029.6 nan 305 nan nan nan 30396.3 nan nan nan 1.21875 nan nan
0 -50 0.28073 0.000204779 10009.5 0.28073 0.21929 0.219404 0.280576 0.000204779 -8.62667e-05 7.67395e-05 -0.000161168 10009.5 62629.9 62521.8 10029.6 -50.0002 nan nan nan -7509.79 nan nan nan -0.499757 nan nan nan
1 -1120 0.219291 -0.000247071 62672.7 0.280727 0.219291 0.219405 0.280578 0.000204779 -0.000247071 7.67395e-05 -0.000161168 10009.5 62672.7 62521.8 10029.6 nan -1120 nan nan nan 1.19177e+06 nan nan nan -4.47535 nan nan
0 70 0.280745 0.000229918 10009.4 0.280745 0.21924 0.219419 0.280596 0.000229918 -0.000247071 7.67395e-05 -0.000161168 10009.4 62672.7 62521.8 10029.6 69.9998 nan nan nan -5109.57 nan nan nan 0.699664 nan nan nan
0 100 0.280751 0.000265832 10009.4 0.280751 0.219238 0.219418 0.280594 0.000265832 -0.000247071 7.67395e-05 -0.000161168 10009.4 62672.7 62521.8 10029.6 99.9998 nan nan nan -9.40144 nan nan nan 0.99953 nan nan nan
0 -135 0.280758 0.000217348 10009.7 0.280758 0.219236 0.219415 0.280591 0.000217348 -0.000247071 7.67395e-05 -0.000161168 10009.7 62672.7 62521.8 10029.6 -135 nan nan nan 8215.72 nan nan nan -1.34937 nan nan nan
3 5 0.280595 -0.000159374 10029.3 0.280747 0.219239 0.219418 0.280595 0.000217348 -0.000247071 7.67395e-05 -0.000159374 10009.7 62672.7 62521.8 10029.3 nan nan nan 5.00016 nan nan nan -10004.6 nan nan nan 0.0499277
2 84 0.219418 8.88102e-05 62519.8 0.280747 0.219239 0.219418 0.280596 0.000217348 -0.000247071 8.88102e-05 -0.000159374 10009.7 62672.7 62519.8 10029.3 nan nan 83.9999 nan nan nan -55465.8 nan nan nan 0.335941 nan
0 -140 0.280746 0.000167069 10010 0.280746 0.219238 0.219421 0.280595 0.000167069 -0.000247071 8.88102e-05 -0.000159374 10010 62672.7 62519.8 10029.3 -140 nan nan nan 9590.41 nan nan nan -1.39933 nan nan nan
1 140 0.219241 -0.000226977 62671.1 0.280735 0.219241 0.219425 0.280599 0.000167069 -0.000226977 8.88102e-05 -0.000159374 10010 62671.1 62519.8 10029.3 nan 140 nan nan nan -43072.6 nan nan nan 0.559229 nan nan
1 310 0.219245 -0.000182483 62672.3 0.280734 0.219245 0.219423 0.280598 0.000167069 -0.000182483 8.88102e-05 -0.000159374 10010 62672.3 62519.8 10029.3 nan 310 nan nan nan 33429 nan nan nan 1.23831 nan nan
1 110 0.219252 -0.000166695 62670.5 0.280731 0.219252 0.219421 0.280595 0.000167069 -0.000166695 8.88102e-05 -0.000159374 10010 62670.5 62519.8 10029.3 nan 110 nan nan nan -50572.3 nan nan nan 0.439395 nan nan
1 300 0.219256 -0.000123637 62671.5 0.28073 0.219256 0.21942 0.280594 0.000167069 -0.000123637 8.88102e-05 -0.000159374 10010 62671.5 62519.8 10029.3 nan 300 nan nan nan 27329.6 nan nan nan 1.19837 nan nan
1 300 0.219263 -8.05787e-05 62672.5 0.280727 0.219263 0.219418 0.280591 0.000167069 -8.05787e-05 8.88102e-05 -0.000159374 10010 62672.5 62519.8 10029.3 nan 300 nan nan nan 27328.6 nan nan nan 1.19836 nan nan
3 295 0.280589 -5.35323e-05 10032 0.280725 0.21927 0.219417 0.280589 0.000167069 -8.05787e-05 8.88102e-05 -5.35323e-05 10010 62672.5 62519.8 10032 nan nan nan 295 nan nan nan 76995.8 nan nan nan 2.9457
0 55 0.280718 0.000186821 10009.7 0.280718 0.219264 0.219411 0.280606 0.000186821 -8.05787e-05 8.88102e-05 -5.35323e-05 10009.7 62672.5 62519.8 10032 54.9998 nan nan nan -6985.01 nan nan nan 0.549724 nan nan nan
0 -175 0.280723 0.000123972 10010.5 0.280723 0.219263 0.21941 0.280604 0.000123972 -8.05787e-05 8.88102e-05 -5.35323e-05 10010.5 62672.5 62519.8 10032 -175 nan nan nan 20615.3 nan nan nan -1.74915 nan nan nan
1 280 0.219267 -4.03914e-05 62673 0.280709 0.219267 0.219414 0.280609 0.000123972 -4.03914e-05 8.88102e-05 -5.35323e-05 10010.5 62673 62519.8 10032 nan 280 nan nan nan 15727.6 nan nan nan 1.11846 nan nan
1 -1205 0.219274 -0.00021334 62723 0.280707 0.219274 0.219413 0.280607 0.000123972 -0.00021334 8.88102e-05 -5.35323e-05 10010.5 62723 62519.8 10032 nan -1205 nan nan nan 1.38935e+06 nan nan nan -4.81334 nan nan
2 99 0.219429 0.000103037 62517.9 0.280727 0.219216 0.219429 0.280628 0.000123972 -0.00021334 0.000103037 -5.35323e-05 10010.5 62723 62517.9 10032 nan nan 98.9999 nan nan nan -52718.8 nan nan nan 0.395937 nan
0 0 0.280726 0.000123972 10010.1 0.280726 0.219215 0.219432 0.280627 0.000123972 -0.00021334 0.000103037 -5.35323e-05 10010.1 62723 62517.9 10032 -0.000123972 nan nan nan -10010.5 nan nan nan -1.23907e-06 nan nan nan
1 140 0.219215 -0.000193254 62721.4 0.280727 0.219215 0.219432 0.280626 0.000123972 -0.000193254 0.000103037 -5.35323e-05 10010.1 62721.4 62517.9 10032 nan 140 nan nan nan -43122.9 nan nan nan 0.559005 nan nan
3 -175 0.280625 -0.000116311 10032.8 0.280725 0.219219 0.219431 0.280625 0.000123972 -0.000193254 0.000103037 -0.000116311 10010.1 62721.4 62517.9 10032.8 nan nan nan -175 nan nan nan 20593 nan nan nan -1.7472
2 117 0.219435 0.00011985 62516.2 0.28073 0.219224 0.219435 0.280611 0.000123972 -0.000193254 0.00011985 -0.000116311 10010.1 62721.4 62516.2 10032.8 nan nan 117 nan nan nan -48828.9 nan nan nan 0.467932 nan
1 295 0.219223 -0.00015093 62722.3 0.280729 0.219223 0.219439 0.28061 0.000123972 -0.00015093 0.00011985 -0.000116311 10010.1 62722.3 62516.2 10032.8 nan 295 nan nan nan 24303.7 nan nan nan 1.17792 nan nan
0 110 0.280727 0.000163476 10010.2 0.280727 0.219229 0.219437 0.280607 0.000163476 -0.00015093 0.00011985 -0.000116311 10010.2 62722.3 62516.2 10032.8 110 nan nan nan 2089.85 nan nan nan 1.09944 nan nan nan
1 295 0.219227 -0.000108607 62723.2 0.280734 0.219227 0.219435 0.280604 0.000163476 -0.000108607 0.00011985 -0.000116311 10010.2 62723.2 62516.2 10032.8 nan 295 nan nan nan 24302.8 nan nan nan 1.17791 nan nan
0 95 0.280732 0.000197593 10010.2 0.280732 0.219234 0.219433 0.280602 0.000197593 -0.000108607 0.00011985 -0.000116311 10010.2 62723.2 62516.2 10032.8 94.9998 nan nan nan -985.231 nan nan nan 0.949514 nan nan nan
1 -1430 0.219232 -0.000313766 62794.4 0.280739 0.219232 0.219431 0.280599 0.000197593 -0.000313766 0.00011985 -0.000116311 10010.2 62794.4 62516.2 10032.8 nan -1430 nan nan nan 1.98218e+06 nan nan nan -5.70981 nan nan
1 140 0.219156 -0.000293692 62792.8 0.280766 0.219156 0.219452 0.280626 0.000197593 -0.000293692 0.00011985 -0.000116311 10010.2 62792.8 62516.2 10032.8 nan 140 nan nan nan -43194.3 nan nan nan 0.558687 nan nan
0 75 0.280764 0.000224528 10010 0.280764 0.219161 0.21945 0.280624 0.000224528 -0.000293692 0.00011985 -0.000116311 10010 62792.8 62516.2 10032.8 74.9998 nan nan nan -4385.19 nan nan nan 0.749617 nan nan nan
1 310 0.219159 -0.000249242 62794 0.28077 0.219159 0.219449 0.280622 0.000224528 -0.000249242 0.00011985 -0.000116311 10010 62794 62516.2 10032.8 nan 310 nan nan nan 33307.3 nan nan nan 1.23711 nan nan
1 300 0.219166 -0.000206225 62795 0.280768 0.219166 0.219447 0.28062 0.000224528 -0.000206225 0.00011985 -0.000116311 10010 62795 62516.2 10032.8 nan 300 nan nan nan 27206.1 nan nan nan 1.19719 nan nan
1 325 0.219173 -0.000159625 62796.5 0.280765 0.219173 0.219445 0.280617 0.000224528 -0.000159625 0.00011985 -0.000116311 10010 62796.5 62516.2 10032.8 nan 325 nan nan nan 42830.1 nan nan nan 1.29694 nan nan
0 -60 0.280763 0.00020298 10009.8 0.280763 0.21918 0.219443 0.280615 0.00020298 -0.000159625 0.00011985 -0.000116311 10009.8 62796.5 62516.2 10032.8 -60.0002 nan nan nan -6409.98 nan nan nan -0.599702 nan nan nan
0 -45 0.280759 0.000186819 10009.5 0.280759 0.219181 0.219444 0.280616 0.000186819 -0.000159625 0.00011985 -0.000116311 10009.5 62796.5 62516.2 10032.8 -45.0002 nan nan nan -7984.76 nan nan nan -0.449782 nan nan nan
0 60 0.280756 0.000208367 10009.3 0.280756 0.219182 0.219445 0.280617 0.000208367 -0.000159625 0.00011985 -0.000116311 10009.3 62796.5 62516.2 10032.8 59.9998 nan nan nan -6409.51 nan nan nan 0.599714 nan nan nan
0 170 0.280761 0.000269421 10009.9 0.280761 0.21918 0.219444 0.280615 0.000269421 -0.000159625 0.00011985 -0.000116311 10009.9 62796.5 62516.2 10032.8 170 nan nan nan 18890.7 nan nan nan 1.69921 nan nan nan
0 -100 0.25 -3.5931e-05 10000 0.25 0.25 0.25 0.25 -3.5931e-05 0 0 0 10000 1 1 1 -100 nan nan nan 0 nan nan nan -1 nan nan nan
1 -50 0.259746 -3.5931e-05 2500 0.220762 0.259746 0.259746 0.259746 -3.5931e-05 -3.5931e-05 0 0 10000 2500 1 1 nan -50 nan nan nan 0 nan nan nan -1 nan nan
2 -90 0.265072 -3.5931e-05 8100 0.225288 0.244568 0.265072 0.265072 -3.5931e-05 -3.5931e-05 -3.5931e-05 0 10000 2500 8100 1 nan nan -90 nan nan nan 0 nan nan nan -1 nan
3 -50 0.274986 -3.5931e-05 2500 0.233714 0.253715 0.237584 0.274986 -3.5931e-05 -3.5931e-05 -3.5931e-05 -3.5931e-05 10000 2500 8100 2500 nan nan nan -50 nan nan nan 0 nan nan nan -1
1 -60 0.259229 -7.90482e-05 2500.04 0.238794 0.259229 0.242748 0.259229 -3.5931e-05 -7.90482e-05 -3.5931e-05 -3.5931e-05 10000 2500.04 8100 2500 nan -60 nan nan nan 1100 nan nan nan -1.2 nan nan
3 -40 0.259232 -6.46758e-05 2499.97 0.238796 0.259221 0.24275 0.259232 -3.5931e-05 -7.90482e-05 -3.5931e-05 -6.46758e-05 10000 2500.04 8100 2499.97 nan nan nan -40 nan nan nan -900.003 nan nan nan -0.799999
0 -120 0.238798 -7.90482e-05 10000.2 0.238798 0.259223 0.242752 0.259227 -7.90482e-05 -7.90482e-05 -3.5931e-05 -6.46758e-05 10000.2 2500.04 8100 2499.97 -120 nan nan nan 4399.99 nan nan nan -1.2 nan nan nan
2 40 0.242755 -1.99617e-05 8099.77 0.23879 0.259226 0.242755 0.25923 -7.90482e-05 -7.90482e-05 -1.99617e-05 -6.46758e-05 10000.2 2500.04 8099.77 2499.97 nan nan 40 nan nan nan -6500 nan nan nan 0.444445 nan
1 -40 0.259225 -0.000107793 2500.01 0.238789 0.259225 0.242758 0.259229 -7.90482e-05 -0.000107793 -1.99617e-05 -6.46758e-05 10000.2 2500.01 8099.77 2499.97 nan -39.9999 nan nan nan -900.046 nan nan nan -0.799992 nan nan
2 -120 0.24276 -6.78703e-05 8099.99 0.238791 0.259219 0.24276 0.25923 -7.90482e-05 -0.000107793 -6.78703e-05 -6.46758e-05 10000.2 2500.01 8099.99 2499.97 nan nan -120 nan nan nan 6300.23 nan nan nan -1.33335 nan
3 -45 0.259234 -9.70138e-05 2499.95 0.238794 0.259222 0.242751 0.259234 -7.90482e-05 -0.000107793 -6.78703e-05 -9.70138e-05 10000.2 2500.01 8099.99 2499.95 nan nan nan -44.9999 nan nan nan -474.973 nan nan nan -0.900005
1 -30 0.259224 -0.000129351 2499.95 0.238796 0.259224 0.242753 0.259227 -7.90482e-05 -0.000129351 -6.78703e-05 -9.70138e-05 10000.2 2499.95 8099.99 2499.95 nan -29.9999 nan nan nan -1600.01 nan nan nan -0.599997 nan nan
3 -45 0.259229 -0.000129352 2499.93 0.238797 0.25922 0.242754 0.259229 -7.90482e-05 -0.000129351 -6.78703e-05 -0.000129352 10000.2 2499.95 8099.99 2499.93 nan nan nan -44.9999 nan nan nan -474.959 nan nan nan -0.900007
1 -5 0.259223 -0.000132944 2499.86 0.238799 0.259223 0.242756 0.259223 -7.90482e-05 -0.000132944 -6.78703e-05 -0.000129352 10000.2 2499.86 8099.99 2499.93 nan -4.99987 nan nan nan -2474.95 nan nan nan -0.0999984 nan nan
1 -45 0.259222 -0.000165283 2499.84 0.238799 0.259222 0.242756 0.259223 -7.90482e-05 -0.000165283 -6.78703e-05 -0.000129352 10000.2 2499.84 8099.99 2499.93 nan -44.9999 nan nan nan -474.873 nan nan nan -0.900022 nan nan
0 1170 0.238801 0.000341341 10049 0.238801 0.259216 0.242758 0.259225 0.000341341 -0.000165283 -6.78703e-05 -0.000129352 10049 2499.84 8099.99 2499.93 1170 nan nan nan 1.3589e+06 nan nan nan 11.6999 nan nan nan
1 -50 0.259215 -0.000201215 2499.84 0.238805 0.259215 0.242757 0.259224 0.000341341 -0.000201215 -6.78703e-05 -0.000129352 10049 2499.84 8099.99 2499.93 nan -49.9998 nan nan nan 0.139768 nan nan nan -1.00003 nan nan
2 120 0.242759 -1.99623e-05 8100.22 0.238807 0.259208 0.242759 0.259226 0.000341341 -0.000201215 -1.99623e-05 -0.000129352 10049 2499.84 8100.22 2499.93 nan nan 120 nan nan nan 6300.02 nan nan nan 1.33333 nan
3 -55 0.259223 -0.000168877 2499.95 0.238804 0.259205 0.242768 0.259223 0.000341341 -0.000201215 -1.99623e-05 -0.000168877 10049 2499.84 8100.22 2499.95 nan nan nan -54.9999 nan nan nan 525.052 nan nan nan -1.10001
1 30 0.259208 -0.000179656 2499.79 0.238807 0.259208 0.24277 0.259216 0.000341341 -0.000179656 -1.99623e-05 -0.000168877 10049 2499.79 8100.22 2499.95 nan 30.0002 nan nan nan -1599.83 nan nan nan 0.600023 nan nan
0 -90 0.238805 0.000309082 10048.9 0.238805 0.259212 0.242769 0.259214 0.000309082 -0.000179656 -1.99623e-05 -0.000168877 10048.9 2499.79 8100.22 2499.95 -90.0003 nan nan nan -1948.92 nan nan nan -0.897807 nan nan nan
1 -35 0.259214 -0.000204808 2499.74 0.238799 0.259214 0.242771 0.259216 0.000309082 -0.000204808 -1.99623e-05 -0.000168877 10048.9 2499.74 8100.22 2499.95 nan -34.9998 nan nan nan -1274.8 nan nan nan -0.700026 nan nan
3 -60 0.259218 -0.000211994 2499.99 0.238801 0.259209 0.242772 0.259218 0.000309082 -0.000204808 -1.99623e-05 -0.000211994 10048.9 2499.74 8100.22 2499.99 nan nan nan -59.9998 nan nan nan 1100.03 nan nan nan -1.20001
2 -100 0.242775 -5.98851e-05 8100.29 0.238804 0.259212 0.242775 0.259209 0.000309082 -0.000204808 -5.98851e-05 -0.000211994 10048.9 2499.74 8100.29 2499.99 nan nan -100 nan nan nan 1899.78 nan nan nan -1.1111 nan
0 -110 0.238806 0.000269654 10049 0.238806 0.259215 0.242767 0.259212 0.000269654 -0.000204808 -5.98851e-05 -0.000211994 10049 2499.74 8100.29 2499.99 -110 nan nan nan 2051.15 nan nan nan -1.09732 nan nan nan
1 35 0.259217 -0.000179655 2499.69 0.238799 0.259217 0.24277 0.259214 0.000269654 -0.000179655 -5.98851e-05 -0.000211994 10049 2499.69 8100.29 2499.99 nan 35.0002 nan nan nan -1274.73 nan nan nan 0.70004 nan nan
1 15 0.259222 -0.000168875 2499.61 0.238797 0.259222 0.242768 0.259213 0.000269654 -0.000168875 -5.98851e-05 -0.000211994 10049 2499.61 8100.29 2499.99 nan 15.0002 nan nan nan -2274.69 nan nan nan 0.300022 nan nan
1 -40 0.259225 -0.000197622 2499.58 0.238796 0.259225 0.242767 0.259212 0.000269654 -0.000197622 -5.98851e-05 -0.000211994 10049 2499.58 8100.29 2499.99 nan -39.9998 nan nan nan -899.626 nan nan nan -0.800059 nan nan
1 -55 0.259219 -0.000237149 2499.6 0.238798 0.259219 0.242769 0.259214 0.000269654 -0.000237149 -5.98851e-05 -0.000211994 10049 2499.6 8100.29 2499.99 nan -54.9998 nan nan nan 525.398 nan nan nan -1.10009 nan nan
3 -40 0.259216 -0.000240739 2499.96 0.238801 0.259211 0.242772 0.259216 0.000269654 -0.000237149 -5.98851e-05 -0.000240739 10049 2499.6 8100.29 2499.96 nan nan nan -39.9998 nan nan nan -900.009 nan nan nan -0.799997
2 190 0.242773 1.59679e-05 8101.29 0.238802 0.259213 0.242773 0.259211 0.000269654 -0.000237149 1.59679e-05 -0.000240739 10049 2499.6 8101.29 2499.96 nan nan 190 nan nan nan 27999.7 nan nan nan 2.11107 nan
1 -50 0.259209 -0.000273083 2499.6 0.238798 0.259209 0.242786 0.259207 0.000269654 -0.000273083 1.59679e-05 -0.000240739 10049 2499.6 8101.29 2499.96 nan -49.9998 nan nan nan 0.376845 nan nan nan -1.00008 nan nan
0 -100 0.238801 0.000233811 10049 0.238801 0.259202 0.242788 0.259209 0.000233811 -0.000273083 1.59679e-05 -0.000240739 10049 2499.6 8101.29 2499.96 -100 nan nan nan -48.9345 nan nan nan -0.997562 nan nan nan
1 -60 0.259205 -0.000316203 2499.64 0.238794 0.259205 0.24279 0.259211 0.000233811 -0.000316203 1.59679e-05 -0.000240739 10049 2499.64 8101.29 2499.96 nan -59.9997 nan nan nan 1100.37 nan nan nan -1.20009 nan nan
2 160 0.242793 7.98402e-05 8101.92 0.238797 0.259196 0.242793 0.259214 0.000233811 -0.000316203 7.98402e-05 -0.000240739 10049 2499.64 8101.92 2499.96 nan nan 160 nan nan nan 17498.7 nan nan nan 1.77764 nan
3 195 0.259211 -0.000100606 2501.24 0.238793 0.259192 0.242803 0.259211 0.000233811 -0.000316203 7.98402e-05 -0.000100606 10049 2499.64 8101.92 2501.24 nan nan nan 195 nan nan nan 35525.1 nan nan nan 3.90004
3 -50 0.259234 -0.000136529 2501.24 0.238786 0.259184 0.242796 0.259234 0.000233811 -0.000316203 7.98402e-05 -0.000136529 10049 2499.64 8101.92 2501.24 nan nan nan -49.9999 nan nan nan -1.2461 nan nan nan -0.999751
2 -80 0.242798 4.79053e-05 8101.86 0.238788 0.259187 0.242798 0.259227 0.000233811 -0.000316203 4.79053e-05 -0.000136529 10049 2499.64 8101.86 2501.24 nan nan -80.0001 nan nan nan -1701.91 nan nan nan -0.888784 nan
1 10 0.259189 -0.000309016 2499.55 0.23879 0.259189 0.242792 0.259229 0.000233811 -0.000309016 4.79053e-05 -0.000136529 10049 2499.55 8101.86 2501.24 nan 10.0003 nan nan nan -2399.63 nan nan nan 0.200021 nan nan
1 0 0.25919 -0.000309016 2499.46 0.23879 0.25919 0.242792 0.259228 0.000233811 -0.000309016 4.79053e-05 -0.000136529 10049 2499.46 8101.86 2501.24 nan 0.000309016 nan nan nan -2499.55 nan nan nan 6.18088e-06 nan nan
1 -45 0.259191 -0.000341357 2499.45 0.23879 0.259191 0.242792 0.259228 0.000233811 -0.000341357 4.79053e-05 -0.000136529 10049 2499.45 8101.86 2501.24 nan -44.9997 nan nan nan -474.491 nan nan nan -0.900091 nan nan
3 -60 0.25923 -0.000179635 2501.28 0.238792 0.259185 0.242794 0.25923 0.000233811 -0.000341357 4.79053e-05 -0.000179635 10049 2499.45 8101.86 2501.28 nan nan nan -59.9999 nan nan nan 1098.75 nan nan nan -1.1997
2 230 0.242797 0.000139718 8103.47 0.238794 0.259188 0.242797 0.259222 0.000233811 -0.000341357 0.000139718 -0.000179635 10049 2499.45 8103.47 2501.28 nan nan 230 nan nan nan 44798.1 nan nan nan 2.55526 nan
0 -80 0.23879 0.000205136 10048.9 0.23879 0.259183 0.242811 0.259217 0.000205136 -0.000341357 0.000139718 -0.000179635 10048.9 2499.45 8103.47 2501.28 -80.0002 nan nan nan -3648.95 nan nan nan -0.79805 nan nan nan
1 -55 0.259184 -0.000380885 2499.46 0.238785 0.259184 0.242812 0.259219 0.000205136 -0.000380885 0.000139718 -0.000179635 10048.9 2499.46 8103.47 2501.28 nan -54.9997 nan nan nan 525.517 nan nan nan -1.10012 nan nan
2 -100 0.242815 9.98035e-05 8103.54 0.238787 0.259177 0.242815 0.259221 0.000205136 -0.000380885 9.98035e-05 -0.000179635 10048.9 2499.46 8103.54 2501.28 nan nan -100 nan nan nan 1896.56 nan nan nan -1.11087 nan
3 -55 0.259224 -0.000219149 2501.29 0.23879 0.259179 0.242807 0.259224 0.000205136 -0.000380885 9.98035e-05 -0.000219149 10048.9 2499.46 8103.54 2501.29 nan nan nan -54.9998 nan nan nan 523.705 nan nan nan -1.09972
1 -15 0.259182 -0.000391666 2499.38 0.238792 0.259182 0.24281 0.259216 0.000205136 -0.000391666 9.98035e-05 -0.000219149 10048.9 2499.38 8103.54 2501.29 nan -14.9996 nan nan nan -2274.48 nan nan nan -0.300024 nan nan
1 -50 0.25918 -0.000427601 2499.38 0.238793 0.25918 0.24281 0.259217 0.000205136 -0.000427601 9.98035e-05 -0.000219149 10048.9 2499.38 8103.54 2501.29 nan -49.9996 nan nan nan 0.577766 nan nan nan -1.00012 nan nan
1 -60 0.259173 -0.000470723 2499.42 0.238795 0.259173 0.242813 0.259219 0.000205136 -0.000470723 9.98035e-05 -0.000219149 10048.9 2499.42 8103.54 2501.29 nan -59.9996 nan nan nan 1100.57 nan nan nan -1.20014 nan nan
1 -40 0.259165 -0.000499471 2499.39 0.238798 0.259165 0.242816 0.259222 0.000205136 -0.000499471 9.98035e-05 -0.000219149 10048.9 2499.39 8103.54 2501.29 nan -39.9995 nan nan nan -899.46 nan nan nan -0.800083 nan nan
2 -100 0.242817 5.98889e-05 8103.61 0.238799 0.259159 0.242817 0.259224 0.000205136 -0.000499471 5.98889e-05 -0.000219149 10048.9 2499.39 8103.61 2501.29 nan nan -100 nan nan nan 1896.48 nan nan nan -1.11087 nan
3 -65 0.259227 -0.000265847 2501.36 0.238802 0.259162 0.24281 0.259227 0.000205136 -0.000499471 5.98889e-05 -0.000265847 10048.9 2499.39 8103.61 2501.36 nan nan nan -64.9998 nan nan nan 1723.68 nan nan nan -1.29966
0 -120 0.238805 0.000162124 10049 0.238805 0.259165 0.242813 0.259217 0.000162124 -0.000499471 5.98889e-05 -0.000265847 10049 2499.39 8103.61 2501.36 -120 nan nan nan 4351.19 nan nan nan -1.19708 nan nan nan
1 -55 0.259168 -0.000538999 2499.41 0.238797 0.259168 0.242815 0.25922 0.000162124 -0.000538999 5.98889e-05 -0.000265847 10049 2499.41 8103.61 2501.36 nan -54.9995 nan nan nan 525.555 nan nan nan -1.10012 nan nan
1 40 0.25916 -0.000510251 2499.38 0.238799 0.25916 0.242818 0.259223 0.000162124 -0.000510251 5.98889e-05 -0.000265847 10049 2499.38 8103.61 2501.36 nan 40.0005 nan nan nan -899.366 nan nan nan 0.800105 nan nan
0 -110 0.238797 0.000122696 10049.1 0.238797 0.259166 0.242816 0.259221 0.000122696 -0.000510251 5.98889e-05 -0.000265847 10049.1 2499.38 8103.61 2501.36 -110 nan nan nan 2051.02 nan nan nan -1.09732 nan nan nan
1 -45 0.259168 -0.000542592 2499.36 0.23879 0.259168 0.242818 0.259223 0.000122696 -0.000542592 5.98889e-05 -0.000265847 10049.1 2499.36 8103.61 2501.36 nan -44.9995 nan nan nan -474.423 nan nan nan -0.900102 nan nan
2 -120 0.24282 1.19915e-05 8103.83 0.238792 0.259162 0.24282 0.259225 0.000122696 -0.000542592 1.19915e-05 -0.000265847 10049.1 2499.36 8103.83 2501.36 nan nan -120 nan nan nan 6296.41 nan nan nan -1.33304 nan
3 -60 0.259229 -0.000308952 2501.4 0.238795 0.259165 0.242811 0.259229 0.000122696 -0.000542592 1.19915e-05 -0.000308952 10049.1 2499.36 8103.83 2501.4 nan nan nan -59.9997 nan nan nan 1098.61 nan nan nan -1.19967
1 -55 0.259168 -0.000582121 2499.38 0.238798 0.259168 0.242814 0.25922 0.000122696 -0.000582121 1.19915e-05 -0.000308952 10049.1 2499.38 8103.83 2501.4 nan -54.9995 nan nan nan 525.58 nan nan nan -1.10013 nan nan
0 -90 0.2388 9.04372e-05 10049 0.2388 0.259161 0.242816 0.259223 9.04372e-05 -0.000582121 1.19915e-05 -0.000308952 10049 2499.38 8103.83 2501.4 -90.0001 nan nan nan -1949.06 nan nan nan -0.8978 nan nan nan
2 270 0.242818 0.000119759 8106.16 0.238794 0.259163 0.242818 0.259225 9.04372e-05 -0.000582121 0.000119759 -0.000308952 10049 2499.38 8106.16 2501.4 nan nan 270 nan nan nan 64796.2 nan nan nan 2.99929 nan
3 -50 0.259219 -0.000344873 2501.4 0.238789 0.259157 0.242834 0.259219 9.04372e-05 -0.000582121 0.000119759 -0.000344873 10049 2499.38 8106.16 2501.4 nan nan nan -49.9997 nan nan nan -1.42659 nan nan nan -0.999715
2 -90 0.242836 8.38416e-05 8106.16 0.238791 0.25916 0.242836 0.259213 9.04372e-05 -0.000582121 8.38416e-05 -0.000344873 10049 2499.38 8106.16 2501.4 nan nan -90.0001 nan nan nan -6.1399 nan nan nan -0.999621 nan
1 -40 0.259162 -0.000610869 2499.35 0.238793 0.259162 0.24283 0.259215 9.04372e-05 -0.000610869 8.38416e-05 -0.000344873 10049 2499.35 8106.16 2501.4 nan -39.9994 nan nan nan -899.425 nan nan nan -0.800088 nan nan
0 1330 0.238795 0.000567153 10112.2 0.238795 0.259156 0.242832 0.259217 0.000567153 -0.000610869 8.38416e-05 -0.000344873 10112.2 2499.35 8106.16 2501.4 1330 nan nan nan 1.75885e+06 nan nan nan 13.2675 nan nan nan
3 -50 0.259219 -0.000380794 2501.4 0.238788 0.259159 0.242834 0.259219 0.000567153 -0.000610869 8.38416e-05 -0.000380794 10112.2 2499.35 8106.16 2501.4 nan nan nan -49.9997 nan nan nan -1.43013 nan nan nan -0.999714
2 -110 0.242836 3.99426e-05 8106.3 0.23879 0.259161 0.242836 0.259212 0.000567153 -0.000610869 3.99426e-05 -0.000380794 10112.2 2499.35 8106.3 2501.4 nan nan -110 nan nan nan 3993.86 nan nan nan -1.22176 nan
1 15 0.259164 -0.000600088 2499.26 0.238793 0.259164 0.242828 0.259215 0.000567153 -0.000600088 3.99426e-05 -0.000380794 10112.2 2499.26 8106.3 2501.4 nan 15.0006 nan nan nan -2274.33 nan nan nan 0.300051 nan nan
1 -50 0.259167 -0.000636024 2499.26 0.238792 0.259167 0.242827 0.259214 0.000567153 -0.000636024 3.99426e-05 -0.000380794 10112.2 2499.26 8106.3 2501.4 nan -49.9994 nan nan nan 0.675306 nan nan nan -1.00014 nan nan
0 -135 0.238794 0.000518915 10112.5 0.238794 0.25916 0.242829 0.259217 0.000518915 -0.000636024 3.99426e-05 -0.000380794 10112.5 2499.26 8106.3 2501.4 -135.001 nan nan nan 8112.94 nan nan nan -1.34249 nan nan nan
1 -60 0.259163 -0.000679147 2499.3 0.238785 0.259163 0.242832 0.25922 0.000518915 -0.000679147 3.99426e-05 -0.000380794 10112.5 2499.3 8106.3 2501.4 nan -59.9994 nan nan nan 1100.66 nan nan nan -1.20016 nan nan
2 -100 0.242835 3.47838e-08 8106.37 0.238788 0.259154 0.242835 0.259223 0.000518915 -0.000679147 3.47838e-08 -0.000380794 10112.5 2499.3 8106.37 2501.4 nan nan -100 nan nan nan 1893.7 nan nan nan -1.11068 nan
3 -45 0.259225 -0.000413122 2501.38 0.23879 0.259157 0.242828 0.259225 0.000518915 -0.000679147 3.47838e-08 -0.000413122 10112.5 2499.3 8106.37 2501.38 nan nan nan -44.9996 nan nan nan -476.43 nan nan nan -0.899741
1 -55 0.259159 -0.000718676 2499.32 0.238792 0.259159 0.24283 0.259219 0.000518915 -0.000718676 3.47838e-08 -0.000413122 10112.5 2499.32 8106.37 2501.38 nan -54.9993 nan nan nan 525.621 nan nan nan -1.10014 nan nan
0 -95 0.238795 0.000484971 10112.5 0.238795 0.259151 0.242832 0.259222 0.000484971 -0.000718676 3.47838e-08 -0.000413122 10112.5 2499.32 8106.37 2501.38 -95.0005 nan nan nan -1087.41 nan nan nan -0.944706 nan nan nan
1 -45 0.259153 -0.000751018 2499.31 0.238788 0.259153 0.242834 0.259224 0.000484971 -0.000751018 3.47838e-08 -0.000413122 10112.5 2499.31 8106.37 2501.38 nan -44.9993 nan nan nan -474.388 nan nan nan -0.900107 nan nan
2 -80 0.242836 -3.18913e-05 8106.31 0.23879 0.259147 0.242836 0.259226 0.000484971 -0.000751018 -3.18913e-05 -0.000413122 10112.5 2499.31 8106.31 2501.38 nan nan -80 nan nan nan -1706.37 nan nan nan -0.888539 nan
3 -65 0.259228 -0.000459819 2501.44 0.238792 0.259149 0.24283 0.259228 0.000484971 -0.000751018 -3.18913e-05 -0.000459819 10112.5 2499.31 8106.31 2501.44 nan nan nan -64.9996 nan nan nan 1723.57 nan nan nan -1.29963
0 -105 0.238795 0.000447454 10112.5 0.238795 0.259152 0.242833 0.259219 0.000447454 -0.000751018 -3.18913e-05 -0.000459819 10112.5 2499.31 8106.31 2501.44 -105 nan nan nan 912.637 nan nan nan -1.04415 nan nan nan
2 525 0.242836 0.000177625 8115.92 0.238788 0.259155 0.242836 0.259221 0.000447454 -0.000751018 0.000177625 -0.000459819 10112.5 2499.31 8115.92 2501.44 nan nan 525 nan nan nan 267519 nan nan nan 5.83106 nan
2 -110 0.242858 0.000133752 8116.07 0.238781 0.259147 0.242858 0.259214 0.000447454 -0.000751018 0.000133752 -0.000459819 10112.5 2499.31 8116.07 2501.44 nan nan -110 nan nan nan 3984.12 nan nan nan -1.22102 nan
1 -10 0.25915 -0.000758204 2499.22 0.238784 0.25915 0.24285 0.259216 0.000447454 -0.000758204 0.000133752 -0.000459819 10112.5 2499.22 8116.07 2501.44 nan -9.99925 nan nan nan -2399.32 nan nan nan -0.200013 nan nan
3 -55 0.259217 -0.000499332 2501.46 0.238784 0.259149 0.24285 0.259217 0.000447454 -0.000758204 0.000133752 -0.000499332 10112.5 2499.22 8116.07 2501.46 nan nan nan -54.9995 nan nan nan 523.509 nan nan nan -1.09967
0 -125 0.238787 0.00040279 10112.7 0.238787 0.259152 0.242853 0.259209 0.00040279 -0.000758204 0.000133752 -0.000499332 10112.7 2499.22 8116.07 2501.46 -125 nan nan nan 5512.61 nan nan nan -1.24303 nan nan nan
1 -40 0.259154 -0.000786953 2499.19 0.238778 0.259154 0.242855 0.259212 0.00040279 -0.000786953 0.000133752 -0.000499332 10112.7 2499.19 8116.07 2501.46 nan -39.9992 nan nan nan -899.281 nan nan nan -0.80011 nan nan
1 -60 0.259149 -0.000830077 2499.23 0.23878 0.259149 0.242857 0.259214 0.00040279 -0.000830077 0.000133752 -0.000499332 10112.7 2499.23 8116.07 2501.46 nan -59.9992 nan nan nan 1100.72 nan nan nan -1.20018 nan nan
1 -50 0.259141 -0.000866013 2499.23 0.238783 0.259141 0.24286 0.259217 0.00040279 -0.000866013 0.000133752 -0.000499332 10112.7 2499.23 8116.07 2501.46 nan -49.9992 nan nan nan 0.689867 nan nan nan -1.00014 nan nan
2 210 0.242862 0.000217508 8117.36 0.238785 0.259134 0.242862 0.259219 0.00040279 -0.000866013 0.000217508 -0.000499332 10112.7 2499.23 8117.36 2501.46 nan nan 210 nan nan nan 35983.9 nan nan nan 2.33102 nan
3 -60 0.259215 -0.000542436 2501.5 0.238781 0.259129 0.242875 0.259215 0.00040279 -0.000866013 0.000217508 -0.000542436 10112.7 2499.23 8117.36 2501.5 nan nan nan -59.9995 nan nan nan 1098.48 nan nan nan -1.19964
2 -100 0.242878 0.000177627 8117.43 0.238784 0.259132 0.242878 0.259206 0.00040279 -0.000866013 0.000177627 -0.000542436 10112.7 2499.23 8117.43 2501.5 nan nan -100 nan nan nan 1882.68 nan nan nan -1.10992 nan
1 -55 0.259135 -0.000905542 2499.25 0.238786 0.259135 0.242871 0.259209 0.00040279 -0.000905542 0.000177627 -0.000542436 10112.7 2499.25 8117.43 2501.5 nan -54.9991 nan nan nan 525.678 nan nan nan -1.10015 nan nan
1 -15 0.259127 -0.000916323 2499.16 0.238788 0.259127 0.242873 0.259212 0.00040279 -0.000916323 0.000177627 -0.000542436 10112.7 2499.16 8117.43 2501.5 nan -14.9991 nan nan nan -2274.27 nan nan nan -0.300027 nan nan
1 5 0.259125 -0.000912728 2499.08 0.238789 0.259125 0.242874 0.259212 0.00040279 -0.000912728 0.000177627 -0.000542436 10112.7 2499.08 8117.43 2501.5 nan 5.00092 nan nan nan -2474.16 nan nan nan 0.100035 nan nan
1 -45 0.259126 -0.000945071 2499.06 0.238789 0.259126 0.242873 0.259212 0.00040279 -0.000945071 0.000177627 -0.000542436 10112.7 2499.06 8117.43 2501.5 nan -44.9991 nan nan nan -474.158 nan nan nan -0.900148 nan nan
1 -60 0.25912 -0.000988196 2499.1 0.238791 0.25912 0.242875 0.259214 0.00040279 -0.000988196 0.000177627 -0.000542436 10112.7 2499.1 8117.43 2501.5 nan -59.9991 nan nan nan 1100.83 nan nan nan -1.20021 nan nan
1 -45 0.259112 -0.00102054 2499.08 0.238793 0.259112 0.242878 0.259217 0.00040279 -0.00102054 0.000177627 -0.000542436 10112.7 2499.08 8117.43 2501.5 nan -44.999 nan nan nan -474.187 nan nan nan -0.900143 nan nan
1 -50 0.259105 -0.00105648 2499.08 0.238795 0.259105 0.24288 0.259219 0.00040279 -0.00105648 0.000177627 -0.000542436 10112.7 2499.08 8117.43 2501.5 nan -49.999 nan nan nan 0.817045 nan nan nan -1.00016 nan nan
0 -115 0.238798 0.000361701 10112.8 0.238798 0.259099 0.242882 0.259222 0.000361701 -0.00105648 0.000177627 -0.000542436 10112.8 2499.08 8117.43 2501.5 -115 nan nan nan 3112.4 nan nan nan -1.14358 nan nan nan
0 -150 0.25 -3.5931e-05 22500 0.25 0.25 0.25 0.25 -3.5931e-05 0 0 0 22500 1 1 1 -150 nan nan nan 0 nan nan nan -1 nan nan nan
1 -45 0.264347 -3.5931e-05 2025 0.20696 0.264347 0.264347 0.264347 -3.5931e-05 -3.5931e-05 0 0 22500 2025 1 1 nan -45 nan nan nan 0 nan nan nan -1 nan nan
2 -185 0.269312 -3.5931e-05 34225 0.210847 0.250529 0.269312 0.269312 -3.5931e-05 -3.5931e-05 -3.5931e-05 0 22500 2025 34225 1 nan nan -185 nan nan nan 0 nan nan nan -1 nan
3 -40 0.289658 -3.5931e-05 1600 0.226777 0.269456 0.214109 0.289658 -3.5931e-05 -3.5931e-05 -3.5931e-05 -3.5931e-05 22500 2025 34225 1600 nan nan nan -40 nan nan nan 0 nan nan nan -1
1 -40 0.27439 -6.78696e-05 2024.98 0.230929 0.27439 0.218029 0.276652 -3.5931e-05 -6.78696e-05 -3.5931e-05 -3.5931e-05 22500 2024.98 34225 1600 nan -40 nan nan nan -425.003 nan nan nan -0.888888 nan nan
3 -50 0.276654 -8.08447e-05 1600.03 0.230931 0.274383 0.218031 0.276654 -3.5931e-05 -6.78696e-05 -3.5931e-05 -8.08447e-05 22500 2024.98 34225 1600.03 nan nan nan -50 nan nan nan 899.996 nan nan nan -1.25
0 -150 0.230934 -7.1862e-05 22500 0.230934 0.274387 0.218034 0.276645 -7.1862e-05 -6.78696e-05 -3.5931e-05 -8.08447e-05 22500 2024.98 34225 1600.03 -150 nan nan nan -0.0107793 nan nan nan -1 nan nan nan
2 80 0.218036 -2.03933e-05 34224 0.230927 0.274389 0.218036 0.276648 -7.1862e-05 -6.78696e-05 -2.03933e-05 -8.08447e-05 22500 2024.98 34224 1600.03 nan nan 80 nan nan nan -27825 nan nan nan 0.432433 nan
1 -135 0.274388 -0.000175663 2025.57 0.230926 0.274388 0.218039 0.276646 -7.1862e-05 -0.000175663 -2.03933e-05 -8.08447e-05 22500 2025.57 34224 1600.03 nan -135 nan nan nan 16200 nan nan nan -3.00001 nan nan
2 -75 0.218046 -3.49601e-05 34223 0.230934 0.274364 0.218046 0.276655 -7.1862e-05 -0.000175663 -3.49601e-05 -8.08447e-05 22500 2025.57 34223 1600.03 nan nan -75 nan nan nan -28599 nan nan nan -0.405411 nan
3 -137 0.276656 -0.000203907 1600.65 0.230934 0.274365 0.218045 0.276656 -7.1862e-05 -0.000175663 -3.49601e-05 -0.000203907 22500 2025.57 34223 1600.65 nan nan nan -137 nan nan nan 17168.9 nan nan nan -3.42496
2 207 0.218053 5.24498e-06 34223.3 0.230943 0.274375 0.218053 0.276629 -7.1862e-05 -0.000175663 5.24498e-06 -0.000203907 22500 2025.57 34223.3 1600.65 nan nan 207 nan nan nan 8626.04 nan nan nan 1.11895 nan
2 -83 0.218059 -1.08758e-05 34222.3 0.230941 0.274373 0.218059 0.276627 -7.1862e-05 -0.000175663 -1.08758e-05 -0.000203907 22500 2025.57 34222.3 1600.65 nan nan -83 nan nan nan -27334.3 nan nan nan -0.44866 nan
2 133 0.218057 1.49567e-05 34221.7 0.230942 0.274374 0.218057 0.276627 -7.1862e-05 -0.000175663 1.49567e-05 -0.000203907 22500 2025.57 34221.7 1600.65 nan nan 133 nan nan nan -16533.3 nan nan nan 0.718947 nan
2 185 0.218062 5.08894e-05 34221.7 0.23094 0.274372 0.218062 0.276626 -7.1862e-05 -0.000175663 5.08894e-05 -0.000203907 22500 2025.57 34221.7 1600.65 nan nan 185 nan nan nan 3.2881 nan nan nan 1.00005 nan
2 -90 0.218068 3.34086e-05 34220.8 0.230938 0.27437 0.218068 0.276623 -7.1862e-05 -0.000175663 3.34086e-05 -0.000203907 22500 2025.57 34220.8 1600.65 nan nan -90.0001 nan nan nan -26121.7 nan nan nan -0.48651 nan
2 245 0.218066 8.09958e-05 34221.7 0.230939 0.274371 0.218066 0.276624 -7.1862e-05 -0.000175663 8.09958e-05 -0.000203907 22500 2025.57 34221.7 1600.65 nan nan 245 nan nan nan 25804.2 nan nan nan 1.32441 nan
2 -167 0.218074 4.85592e-05 34221.5 0.230937 0.274368 0.218074 0.276622 -7.1862e-05 -0.000175663 4.85592e-05 -0.000203907 22500 2025.57 34221.5 1600.65 nan nan -167 nan nan nan -6332.67 nan nan nan -0.902747 nan
2 -220 0.218068 5.82827e-06 34222 0.230939 0.27437 0.218068 0.276623 -7.1862e-05 -0.000175663 5.82827e-06 -0.000203907 22500 2025.57 34222 1600.65 nan nan -220 nan nan nan 14178.6 nan nan nan -1.18925 nan
2 -180 0.218061 -2.91332e-05 34221.9 0.230941 0.274373 0.218061 0.276626 -7.1862e-05 -0.000175663 -2.91332e-05 -0.000203907 22500 2025.57 34221.9 1600.65 nan nan -180 nan nan nan -1821.97 nan nan nan -0.973016 nan
1 -45 0.274375 -0.000211589 2025.57 0.230943 0.274375 0.218055 0.276628 -7.1862e-05 -0.000211589 -2.91332e-05 -0.000203907 22500 2025.57 34221.9 1600.65 nan -44.9998 nan nan nan -0.582621 nan nan nan -0.999856 nan nan
0 1440 0.230945 0.000273076 22573.7 0.230945 0.274367 0.218057 0.276631 0.000273076 -0.000211589 -2.91332e-05 -0.000203907 22573.7 2025.57 34221.9 1600.65 1440 nan nan nan 2.0511e+06 nan nan nan 9.6 nan nan nan
2 355 0.21806 3.98186e-05 34225.2 0.230935 0.274371 0.21806 0.276635 0.000273076 -0.000211589 3.98186e-05 -0.000203907 22573.7 2025.57 34225.2 1600.65 nan nan 355 nan nan nan 91803.1 nan nan nan 1.91901 nan
3 42 0.276631 -0.000166187 1600.66 0.230932 0.274368 0.218069 0.276631 0.000273076 -0.000211589 3.98186e-05 -0.000166187 22573.7 2025.57 34225.2 1600.66 nan nan nan 42.0002 nan nan nan 163.368 nan nan nan 1.04979
3 40 0.276639 -0.000130263 1600.66 0.230929 0.274365 0.218067 0.276639 0.000273076 -0.000211589 3.98186e-05 -0.000130263 22573.7 2025.57 34225.2 1600.66 nan nan nan 40.0002 nan nan nan -0.64181 nan nan nan 0.999799
3 -135 0.276646 -0.000251505 1601.25 0.230927 0.274362 0.218065 0.276646 0.000273076 -0.000211589 3.98186e-05 -0.000251505 22573.7 2025.57 34225.2 1601.25 nan nan nan -135 nan nan nan 16624.3 nan nan nan -3.37431
1 -50 0.274372 -0.000251506 2025.58 0.230936 0.274372 0.218073 0.276619 0.000273076 -0.000251506 3.98186e-05 -0.000251505 22573.7 2025.58 34225.2 1601.25 nan -49.9998 nan nan nan 474.412 nan nan nan -1.11095 nan nan
0 -135 0.230938 0.00024079 22573.5 0.230938 0.274364 0.218075 0.276622 0.00024079 -0.000251506 3.98186e-05 -0.000251505 22573.5 2025.58 34225.2 1601.25 -135 nan nan nan -4348.62 nan nan nan -0.898531 nan nan nan
1 -135 0.274366 -0.000359284 2026.17 0.230933 0.274366 0.218077 0.276624 0.00024079 -0.000359284 3.98186e-05 -0.000251505 22573.5 2026.17 34225.2 1601.25 nan -135 nan nan nan 16199.3 nan nan nan -2.99956 nan nan
1 -40 0.274343 -0.000391213 2026.15 0.23094 0.274343 0.218084 0.276633 0.00024079 -0.000391213 3.98186e-05 -0.000251505 22573.5 2026.15 34225.2 1601.25 nan -39.9996 nan nan nan -426.195 nan nan nan -0.888625 nan nan
0 -162 0.230942 0.000202048 22573.7 0.230942 0.274337 0.218086 0.276636 0.000202048 -0.000391213 3.98186e-05 -0.000251505 22573.7 2026.15 34225.2 1601.25 -162 nan nan nan 3670.54 nan nan nan -1.07824 nan nan nan
1 455 0.274339 -2.80134e-05 2033.52 0.230935 0.274339 0.218088 0.276638 0.000202048 -2.80134e-05 3.98186e-05 -0.000251505 22573.7 2033.52 34225.2 1601.25 nan 455 nan nan nan 204999 nan nan nan 10.1082 nan nan
2 -135 0.218074 1.35988e-05 34224.6 0.230921 0.274385 0.218074 0.276621 0.000202048 -2.80134e-05 1.35988e-05 -0.000251505 22573.7 2033.52 34224.6 1601.25 nan nan -135 nan nan nan -16000.2 nan nan nan -0.729728 nan
3 -50 0.276622 -0.000296401 1601.28 0.230922 0.274386 0.21807 0.276622 0.000202048 -2.80134e-05 1.35988e-05 -0.000296401 22573.7 2033.52 34224.6 1601.28 nan nan nan -49.9997 nan nan nan 898.722 nan nan nan -1.2495
1 -155 0.274389 -0.000151516 2034.31 0.230925 0.274389 0.218073 0.276613 0.000202048 -0.000151516 1.35988e-05 -0.000296401 22573.7 2034.31 34224.6 1601.28 nan -155 nan nan nan 21991.5 nan nan nan -3.43722 nan nan
0 -150 0.230933 0.000166176 22573.7 0.230933 0.274362 0.218081 0.276624 0.000166176 -0.000151516 1.35988e-05 -0.000296401 22573.7 2034.31 34224.6 1601.28 -150 nan nan nan -73.6131 nan nan nan -0.998368 nan nan nan
2 -60 0.218083 1.94542e-06 34223.5 0.230927 0.274364 0.218083 0.276626 0.000166176 -0.000151516 1.94542e-06 -0.000296401 22573.7 2034.31 34223.5 1601.28 nan nan -60 nan nan nan -30624.6 nan nan nan -0.324326 nan
3 45 0.276626 -0.000255995 1601.3 0.230927 0.274365 0.218081 0.276626 0.000166176 -0.000151516 1.94542e-06 -0.000255995 22573.7 2034.31 34223.5 1601.3 nan nan nan 45.0003 nan nan nan 423.742 nan nan nan 1.12456
0 -60 0.230925 0.000151827 22573 0.230925 0.274362 0.218079 0.276634 0.000151827 -0.000151516 1.94542e-06 -0.000255995 22573 2034.31 34223.5 1601.3 -60.0002 nan nan nan -18973.7 nan nan nan -0.399348 nan nan nan
1 -60 0.274362 -0.000199314 2034.36 0.230923 0.274362 0.21808 0.276635 0.000151827 -0.000199314 1.94542e-06 -0.000255995 22573 2034.36 34223.5 1601.3 nan -59.9998 nan nan nan 1565.68 nan nan nan -1.33028 nan nan
2 -75 0.218083 -1.26215e-05 34222.5 0.230926 0.274353 0.218083 0.276639 0.000151827 -0.000199314 -1.26215e-05 -0.000255995 22573 2034.36 34222.5 1601.3 nan nan -75 nan nan nan -28598.5 nan nan nan -0.405414 nan
0 -170 0.230927 0.000111171 22573.2 0.230927 0.274353 0.218081 0.276639 0.000111171 -0.000199314 -1.26215e-05 -0.000255995 22573.2 2034.36 34222.5 1601.3 -170 nan nan nan 6327.06 nan nan nan -1.1315 nan nan nan
1 -45 0.274356 -0.000235162 2034.36 0.230919 0.274356 0.218083 0.276642 0.000111171 -0.000235162 -1.26215e-05 -0.000255995 22573.2 2034.36 34222.5 1601.3 nan -44.9998 nan nan nan -9.38078 nan nan nan -0.997692 nan nan
2 -250 0.218085 -6.11787e-05 34223.5 0.230921 0.274349 0.218085 0.276645 0.000111171 -0.000235162 -6.11787e-05 -0.000255995 22573.2 2034.36 34223.5 1601.3 nan nan -250 nan nan nan 28277.5 nan nan nan -1.3514 nan
3 -48 0.276648 -0.000299094 1601.33 0.230924 0.274352 0.218076 0.276648 0.000111171 -0.000235162 -6.11787e-05 -0.000299094 22573.2 2034.36 34223.5 1601.33 nan nan nan -47.9997 nan nan nan 702.675 nan nan nan -1.19951
1 -158 0.274355 -0.000361029 2035.19 0.230927 0.274355 0.218079 0.276639 0.000111171 -0.000361029 -6.11787e-05 -0.000299094 22573.2 2035.19 34223.5 1601.33 nan -158 nan nan nan 22929.6 nan nan nan -3.50302 nan nan
3 83 0.27665 -0.000224568 1601.52 0.230936 0.274327 0.218087 0.27665 0.000111171 -0.000361029 -6.11787e-05 -0.000224568 22573.2 2035.19 34223.5 1601.52 nan nan nan 83.0003 nan nan nan 5287.72 nan nan nan 2.07415
3 53 0.276664 -0.000176982 1601.56 0.230931 0.274322 0.218083 0.276664 0.000111171 -0.000361029 -6.11787e-05 -0.000176982 22573.2 2035.19 34223.5 1601.56 nan nan nan 53.0002 nan nan nan 1207.51 nan nan nan 1.32438
3 -60 0.276674 -0.000230852 1601.63 0.230928 0.274318 0.21808 0.276674 0.000111171 -0.000361029 -6.11787e-05 -0.000230852 22573.2 2035.19 34223.5 1601.63 nan nan nan -59.9998 nan nan nan 1998.42 nan nan nan -1.49927
3 -45 0.276662 -0.000271254 1601.65 0.230932 0.274322 0.218083 0.276662 0.000111171 -0.000361029 -6.11787e-05 -0.000271254 22573.2 2035.19 34223.5 1601.65 nan nan nan -44.9998 nan nan nan 423.349 nan nan nan -1.12442
0 -83 0.230934 9.13214e-05 22572.7 0.230934 0.274326 0.218086 0.276654 9.13214e-05 -0.000361029 -6.11787e-05 -0.000271254 22572.7 2035.19 34223.5 1601.65 -83.0001 nan nan nan -15684.2 nan nan nan -0.552436 nan nan nan
1 -50 0.274327 -0.000400852 2035.2 0.230931 0.274327 0.218087 0.276655 9.13214e-05 -0.000400852 -6.11787e-05 -0.000271254 22572.7 2035.2 34223.5 1601.65 nan -49.9996 nan nan nan 464.778 nan nan nan -1.10832 nan nan
2 685 0.218089 7.1866e-05 34239.2 0.230934 0.274319 0.218089 0.276658 9.13214e-05 -0.000400852 7.1866e-05 -0.000271254 22572.7 2035.2 34239.2 1601.65 nan nan 685 nan nan nan 435002 nan nan nan 3.70278 nan
2 -165 0.2181 3.98261e-05 34238.9 0.230931 0.274315 0.2181 0.276655 9.13214e-05 -0.000400852 3.98261e-05 -0.000271254 22572.7 2035.2 34238.9 1601.65 nan nan -165 nan nan nan -7014.13 nan nan nan -0.891708 nan
3 -45 0.276656 -0.000311655 1601.66 0.230932 0.274317 0.218095 0.276656 9.13214e-05 -0.000400852 3.98261e-05 -0.000311655 22572.7 2035.2 34238.9 1601.66 nan nan nan -44.9997 nan nan nan 423.33 nan nan nan -1.12442
2 335 0.218097 0.000104877 34241.7 0.230935 0.27432 0.218097 0.276648 9.13214e-05 -0.000400852 0.000104877 -0.000311655 22572.7 2035.2 34241.7 1601.66 nan nan 335 nan nan nan 77986.1 nan nan nan 1.81044 nan
2 -90 0.218106 8.74014e-05 34240.8 0.230932 0.274317 0.218106 0.276645 9.13214e-05 -0.000400852 8.74014e-05 -0.000311655 22572.7 2035.2 34240.8 1601.66 nan nan -90.0001 nan nan nan -26141.7 nan nan nan -0.486368 nan
1 -45 0.274317 -0.000436693 2035.2 0.230933 0.274317 0.218104 0.276646 9.13214e-05 -0.000436693 8.74014e-05 -0.000311655 22572.7 2035.2 34240.8 1601.66 nan -44.9996 nan nan nan -10.2392 nan nan nan -0.997481 nan nan
3 -135 0.276649 -0.000432859 1602.26 0.230935 0.27431 0.218106 0.276649 9.13214e-05 -0.000436693 8.74014e-05 -0.000432859 22572.7 2035.2 34240.8 1602.26 nan nan nan -135 nan nan nan 16623.3 nan nan nan -3.37324
2 420 0.218114 0.000168956 34245.9 0.230944 0.27432 0.218114 0.276622 9.13214e-05 -0.000436693 0.000168956 -0.000432859 22572.7 2035.2 34245.9 1602.26 nan nan 420 nan nan nan 142159 nan nan nan 2.26975 nan
0 -130 0.230941 6.02313e-05 22572.4 0.230941 0.274317 0.218124 0.276618 6.02313e-05 -0.000436693 0.000168956 -0.000432859 22572.4 2035.2 34245.9 1602.26 -130 nan nan nan -5672.63 nan nan nan -0.865271 nan nan nan
2 -165 0.218126 0.000136919 34245.6 0.230935 0.274319 0.218126 0.27662 6.02313e-05 -0.000436693 0.000136919 -0.000432859 22572.4 2035.2 34245.6 1602.26 nan nan -165 nan nan nan -7020.82 nan nan nan -0.891621 nan
1 -168 0.274321 -0.000570498 2036.14 0.230937 0.274321 0.21812 0.276622 6.02313e-05 -0.000570498 0.000136919 -0.000432859 22572.4 2036.14 34245.6 1602.26 nan -168 nan nan nan 26188.7 nan nan nan -3.72395 nan nan
3 59 0.276634 -0.000379898 1602.33 0.230947 0.274291 0.218129 0.276634 6.02313e-05 -0.000570498 0.000136919 -0.000379898 22572.4 2036.14 34245.6 1602.33 nan nan nan 59.0004 nan nan nan 1878.79 nan nan nan 1.47397
3 82 0.276644 -0.000306292 1602.51 0.230943 0.274287 0.218126 0.276644 6.02313e-05 -0.000570498 0.000136919 -0.000306292 22572.4 2036.14 34245.6 1602.51 nan nan nan 82.0004 nan nan nan 5121.74 nan nan nan 2.04852
3 -135 0.276658 -0.000427464 1603.11 0.230939 0.274281 0.218122 0.276658 6.02313e-05 -0.000570498 0.000136919 -0.000427464 22572.4 2036.14 34245.6 1603.11 nan nan nan -135 nan nan nan 16622.4 nan nan nan -3.37235
2 410 0.21813 0.000216526 34250.4 0.230947 0.274292 0.21813 0.276631 6.02313e-05 -0.000570498 0.000216526 -0.000427464 22572.4 2036.14 34250.4 1603.11 nan nan 410 nan nan nan 133854 nan nan nan 2.21555 nan
2 -150 0.21814 0.000187403 34250 0.230944 0.274288 0.21814 0.276628 6.02313e-05 -0.000570498 0.000187403 -0.000427464 22572.4 2036.14 34250 1603.11 nan nan -150 nan nan nan -11750.4 nan nan nan -0.810511 nan
2 -135 0.218135 0.000161193 34249.4 0.230946 0.27429 0.218135 0.276629 6.02313e-05 -0.000570498 0.000161193 -0.000427464 22572.4 2036.14 34249.4 1603.11 nan nan -135 nan nan nan -16025 nan nan nan -0.729464 nan
1 -41 0.274291 -0.000603145 2036.13 0.230947 0.274291 0.218131 0.276631 6.02313e-05 -0.000603145 0.000161193 -0.000427464 22572.4 2036.13 34249.4 1603.11 nan -40.9994 nan nan nan -355.19 nan nan nan -0.908602 nan nan
3 -142 0.276633 -0.000554895 1603.77 0.230949 0.274285 0.218133 0.276633 6.02313e-05 -0.000603145 0.000161193 -0.000554895 22572.4 2036.13 34249.4 1603.77 nan nan nan -142 nan nan nan 18560.8 nan nan nan -3.54655
0 1516 0.230958 0.000422791 22654.2 0.230958 0.274295 0.218142 0.276605 0.000422791 -0.000603145 0.000161193 -0.000554895 22654.2 2036.13 34249.4 1603.77 1516 nan nan nan 2.27568e+06 nan nan nan 10.0904 nan nan nan
1 -45 0.274301 -0.000638977 2036.13 0.230943 0.274301 0.218146 0.27661 0.000422791 -0.000638977 0.000161193 -0.000554895 22654.2 2036.13 34249.4 1603.77 nan -44.9994 nan nan nan -11.1852 nan nan nan -0.99725 nan nan
1 -45 0.274294 -0.00067481 2036.13 0.230945 0.274294 0.218148 0.276613 0.000422791 -0.00067481 0.000161193 -0.000554895 22654.2 2036.13 34249.4 1603.77 nan -44.9994 nan nan nan -11.188 nan nan nan -0.997249 nan nan
1 -158 0.274286 -0.000800622 2036.95 0.230948 0.274286 0.21815 0.276616 0.000422791 -0.000800622 0.000161193 -0.000554895 22654.2 2036.95 34249.4 1603.77 nan -157.999 nan nan nan 22927.7 nan nan nan -3.50149 nan nan
1 465 0.274258 -0.000430425 2044.65 0.230957 0.274258 0.218159 0.276626 0.000422791 -0.000430425 0.000161193 -0.000554895 22654.2 2044.65 34249.4 1603.77 nan 465.001 nan nan nan 214189 nan nan nan 10.303 nan nan
1 -60 0.274304 -0.000478102 2044.71 0.230942 0.274304 0.218145 0.276609 0.000422791 -0.000478102 0.000161193 -0.000554895 22654.2 2044.71 34249.4 1603.77 nan -59.9996 nan nan nan 1555.3 nan nan nan -1.3269 nan nan
1 -45 0.274295 -0.000513859 2044.71 0.230945 0.274295 0.218148 0.276613 0.000422791 -0.000513859 0.000161193 -0.000554895 22654.2 2044.71 34249.4 1603.77 nan -44.9995 nan nan nan -19.7489 nan nan nan -0.995159 nan nan
1 -150 0.274287 -0.00063305 2045.44 0.230947 0.274287 0.21815 0.276615 0.000422791 -0.00063305 0.000161193 -0.000554895 22654.2 2045.44 34249.4 1603.77 nan -149.999 nan nan nan 20455.1 nan nan nan -3.31722 nan nan
1 -165 0.274261 -0.000764137 2046.34 0.230956 0.274261 0.218158 0.276625 0.000422791 -0.000764137 0.000161193 -0.000554895 22654.2 2046.34 34249.4 1603.77 nan -164.999 nan nan nan 25179.4 nan nan nan -3.64829 nan nan
3 79 0.276637 -0.000484014 1603.94 0.230965 0.274232 0.218167 0.276637 0.000422791 -0.000764137 0.000161193 -0.000484014 22654.2 2046.34 34249.4 1603.94 nan nan nan 79.0006 nan nan nan 4637.31 nan nan nan 1.97269
2 -250 0.218163 0.000112655 34250.4 0.230961 0.274227 0.218163 0.27665 0.000422791 -0.000764137 0.000112655 -0.000484014 22654.2 2046.34 34250.4 1603.94 nan nan -250 nan nan nan 28250.6 nan nan nan -1.35087 nan
1 -55 0.27423 -0.000807822 2046.38 0.230963 0.27423 0.218154 0.276653 0.000422791 -0.000807822 0.000112655 -0.000484014 22654.2 2046.38 34250.4 1603.94 nan -54.9992 nan nan nan 978.571 nan nan nan -1.21581 nan nan
1 -55 0.274221 -0.000851507 2046.42 0.230966 0.274221 0.218156 0.276657 0.000422791 -0.000851507 0.000112655 -0.000484014 22654.2 2046.42 34250.4 1603.94 nan -54.9992 nan nan nan 978.531 nan nan nan -1.2158 nan nan
1 -45 0.274212 -0.000887249 2046.41 0.230969 0.274212 0.218159 0.27666 0.000422791 -0.000887249 0.000112655 -0.000484014 22654.2 2046.41 34250.4 1603.94 nan -44.9991 nan nan nan -21.4918 nan nan nan -0.994735 nan nan
1 -50 0.274205 -0.000926962 2046.43 0.230971 0.274205 0.218161 0.276663 0.000422791 -0.000926962 0.000112655 -0.000484014 22654.2 2046.43 34250.4 1603.94 nan -49.9991 nan nan nan 453.497 nan nan nan -1.10526 nan nan
1 -180 0.274197 -0.00106993 2047.52 0.230974 0.274197 0.218163 0.276666 0.000422791 -0.00106993 0.000112655 -0.000484014 22654.2 2047.52 34250.4 1603.94 nan -179.999 nan nan nan 30353.2 nan nan nan -3.97898 nan nan
1 475 0.274165 -0.00069275 2055.55 0.230984 0.274165 0.218173 0.276678 0.000422791 -0.00069275 0.000112655 -0.000484014 22654.2 2055.55 34250.4 1603.94 nan 475.001 nan nan nan 223578 nan nan nan 10.4974 nan nan
1 -55 0.274211 -0.000736337 2055.59 0.230969 0.274211 0.218159 0.276661 0.000422791 -0.000736337 0.000112655 -0.000484014 22654.2 2055.59 34250.4 1603.94 nan -54.9993 nan nan nan 969.369 nan nan nan -1.21309 nan nan
1 -45 0.274202 -0.000771999 2055.59 0.230972 0.274202 0.218162 0.276664 0.000422791 -0.000771999 0.000112655 -0.000484014 22654.2 2055.59 34250.4 1603.94 nan -44.9993 nan nan nan -30.6558 nan nan nan -0.992515 nan nan
1 -169 0.274195 -0.000905932 2056.54 0.230975 0.274195 0.218164 0.276667 0.000422791 -0.000905932 0.000112655 -0.000484014 22654.2 2056.54 34250.4 1603.94 nan -168.999 nan nan nan 26505.2 nan nan nan -3.72749 nan nan
1 460 0.274165 -0.000541464 2064.07 0.230984 0.274165 0.218173 0.276678 0.000422791 -0.000541464 0.000112655 -0.000484014 22654.2 2064.07 34250.4 1603.94 nan 460.001 nan nan nan 209544 nan nan nan 10.1436 nan nan
1 -173 0.27421 -0.000678285 2065.07 0.23097 0.27421 0.218159 0.276661 0.000422791 -0.000678285 0.000112655 -0.000484014 22654.2 2065.07 34250.4 1603.94 nan -172.999 nan nan nan 27864.7 nan nan nan -3.80787 nan nan
1 -50 0.274179 -0.000717818 2065.09 0.230979 0.274179 0.218169 0.276673 0.000422791 -0.000717818 0.000112655 -0.000484014 22654.2 2065.09 34250.4 1603.94 nan -49.9993 nan nan nan 434.861 nan nan nan -1.10026 nan nan
1 -45 0.274171 -0.000753398 2065.09 0.230982 0.274171 0.218171 0.276676 0.000422791 -0.000753398 0.000112655 -0.000484014 22654.2 2065.09 34250.4 1603.94 nan -44.9993 nan nan nan -40.1514 nan nan nan -0.990231 nan nan
1 -55 0.274164 -0.000796885 2065.12 0.230984 0.274164 0.218173 0.276678 0.000422791 -0.000796885 0.000112655 -0.000484014 22654.2 2065.12 34250.4 1603.94 nan -54.9992 nan nan nan 959.832 nan nan nan -1.21029 nan nan
1 -188 0.274156 -0.000945531 2066.32 0.230987 0.274156 0.218176 0.276682 0.000422791 -0.000945531 0.000112655 -0.000484014 22654.2 2066.32 34250.4 1603.94 nan -187.999 nan nan nan 33278.6 nan nan nan -4.13698 nan nan
1 -50 0.274122 -0.000985052 2066.33 0.230998 0.274122 0.218186 0.276695 0.000422791 -0.000985052 0.000112655 -0.000484014 22654.2 2066.33 34250.4 1603.94 nan -49.9991 nan nan nan 433.59 nan nan nan -1.09993 nan nan
1 -70 0.274114 -0.00104038 2066.43 0.231 0.274114 0.218188 0.276698 0.000422791 -0.00104038 0.000112655 -0.000484014 22654.2 2066.43 34250.4 1603.94 nan -69.999 nan nan nan 2833.53 nan nan nan -1.5399 nan nan
1 -59 0.274102 -0.00108702 2066.48 0.231004 0.274102 0.218192 0.276702 0.000422791 -0.00108702 0.000112655 -0.000484014 22654.2 2066.48 34250.4 1603.94 nan -58.999 nan nan nan 1414.44 nan nan nan -1.29788 nan nan
