0 100 0.25 0.0264907 10000 0.25 0.25 0.25 0.25 0.0264907 0 0 0 10000 1 1 1 100 nan nan nan 0 nan nan nan 1 nan nan nan
0 120 0.278536 0.0582725 10116.4 0.278536 0.240488 0.240488 0.240488 0.0582725 0 0 0 10116.4 1 1 1 119.974 nan nan nan 4393.64 nan nan nan 1.19974 nan nan nan
1 100 0.238296 0.0264907 10000 0.285111 0.238296 0.238296 0.238296 0.0582725 0.0264907 0 0 10116.4 10000 1 1 nan 100 nan nan nan 0 nan nan nan 1 nan nan
1 80 0.26597 0.0476762 9904.52 0.274753 0.26597 0.229639 0.229639 0.0582725 0.0476762 0 0 10116.4 9904.52 1 1 nan 79.9735 nan nan nan -3604.24 nan nan nan 0.799735 nan nan
2 50 0.228374 0.0264907 2500 0.27324 0.270012 0.228374 0.228374 0.0582725 0.0476762 0.0264907 0 10116.4 9904.52 2500 1 nan nan 50 nan nan nan 0 nan nan nan 1 nan
2 60 0.243896 0.0582655 2529.06 0.267743 0.26458 0.243896 0.22378 0.0582725 0.0476762 0.0582655 0 10116.4 9904.52 2529.06 1 nan nan 59.9735 nan nan nan 1096.82 nan nan nan 1.19947 nan
3 50 0.222013 0.0264907 2500 0.265628 0.26249 0.249869 0.222013 0.0582725 0.0476762 0.0582655 0.0264907 10116.4 9904.52 2529.06 2500 nan nan nan 50 nan nan nan 0 nan nan nan 1
3 40 0.237235 0.0476692 2476.1 0.260431 0.257354 0.24498 0.237235 0.0582725 0.0476762 0.0582655 0.0476692 10116.4 9904.52 2529.06 2476.1 nan nan nan 39.9735 nan nan nan -902.119 nan nan nan 0.79947
0 -70 0.259133 0.0398207 9978.42 0.259133 0.256072 0.243759 0.241035 0.0398207 0.0476762 0.0582655 0.0476692 9978.42 9904.52 2529.06 2476.1 -70.0583 nan nan nan -5208.23 nan nan nan -0.696541 nan nan nan
0 90 0.255448 0.0636775 9928.47 0.255448 0.257346 0.244972 0.242234 0.0636775 0.0476762 0.0582655 0.0476692 9928.47 9904.52 2529.06 2476.1 89.9602 nan nan nan -1885.59 nan nan nan 0.900574 nan nan nan
0 -190 0.259953 0.0131473 10622.4 0.259953 0.255789 0.24349 0.240768 0.0131473 0.0476762 0.0582655 0.0476692 10622.4 9904.52 2529.06 2476.1 -190.064 nan nan nan 26195.7 nan nan nan -1.90747 nan nan nan
1 110 0.258838 0.0769434 9962.4 0.251133 0.258838 0.246392 0.243638 0.0131473 0.0769434 0.0582655 0.0476692 10622.4 9962.4 2529.06 2476.1 nan 109.952 nan nan nan 2184.99 nan nan nan 1.10481 nan nan
1 120 0.26456 0.108772 10079.5 0.249193 0.26456 0.244489 0.241757 0.0131473 0.108772 0.0582655 0.0476692 10622.4 10079.5 2529.06 2476.1 nan 119.923 nan nan nan 4419.14 nan nan nan 1.20149 nan nan
1 90 0.27094 0.132491 10026.5 0.247032 0.27094 0.242369 0.23966 0.0131473 0.132491 0.0582655 0.0476692 10622.4 10026.5 2529.06 2476.1 nan 89.8912 nan nan nan -1999.04 nan nan nan 0.895362 nan nan
1 100 0.275586 0.158911 10025.1 0.245457 0.275586 0.240824 0.238132 0.0131473 0.158911 0.0582655 0.0476692 10622.4 10025.1 2529.06 2476.1 nan 99.8675 nan nan nan -52.9939 nan nan nan 0.997354 nan nan
1 90 0.28089 0.182681 9973.35 0.24366 0.28089 0.239061 0.236389 0.0131473 0.182681 0.0582655 0.0476692 10622.4 9973.35 2529.06 2476.1 nan 89.8411 nan nan nan -1953.69 nan nan nan 0.897285 nan nan
1 120 0.285652 0.214464 10089.5 0.242047 0.285652 0.237478 0.234823 0.0131473 0.214464 0.0582655 0.0476692 10622.4 10089.5 2529.06 2476.1 nan 119.817 nan nan nan 4382.84 nan nan nan 1.19977 nan nan
1 -1140 0.292327 -0.0862451 44262.5 0.239785 0.292327 0.235259 0.232629 0.0131473 -0.0862451 0.0582655 0.0476692 10622.4 44262.5 2529.06 2476.1 nan -1140.21 nan nan nan 1.29e+06 nan nan nan -11.3515 nan nan
2 -10 0.246335 0.0529672 2464.74 0.251075 0.259009 0.246335 0.243582 0.0131473 -0.0862451 0.0529672 0.0476692 10622.4 44262.5 2464.74 2476.1 nan nan -10.0583 nan nan nan -2427.89 nan nan nan -0.200006 nan
2 55 0.245208 0.0822864 2479.43 0.25145 0.259396 0.245208 0.243946 0.0131473 -0.0862451 0.0822864 0.0476692 10622.4 44262.5 2479.43 2476.1 nan nan 54.947 nan nan nan 554.437 nan nan nan 1.10677 nan
0 100 0.249618 0.0388468 10605.9 0.249618 0.257506 0.250708 0.242168 0.0388468 -0.0862451 0.0822864 0.0476692 10605.9 44262.5 2479.43 2476.1 99.9869 nan nan nan -625.043 nan nan nan 0.970133 nan nan nan
0 -120 0.254444 0.00796924 10706.6 0.254444 0.25585 0.249096 0.240611 0.00796924 -0.0862451 0.0822864 0.0476692 10706.6 44262.5 2479.43 2476.1 -120.039 nan nan nan 3803.47 nan nan nan -1.1656 nan nan nan
0 120 0.248742 0.0386891 10804.4 0.248742 0.257807 0.251001 0.242451 0.0386891 -0.0862451 0.0822864 0.0476692 10804.4 44262.5 2479.43 2476.1 119.992 nan nan nan 3691.47 nan nan nan 1.15965 nan nan nan
0 -140 0.254635 0.00299959 11037.7 0.254635 0.255784 0.249032 0.240549 0.00299959 -0.0862451 0.0822864 0.0476692 11037.7 44262.5 2479.43 2476.1 -140.039 nan nan nan 8806.43 nan nan nan -1.34725 nan nan nan
1 80 0.258001 -0.076161 43259.8 0.248174 0.258001 0.251191 0.242634 0.00299959 -0.076161 0.0822864 0.0476692 11037.7 43259.8 2479.43 2476.1 nan 80.0862 nan nan nan -37848.6 nan nan nan 0.380663 nan nan
1 110 0.259376 -0.0621412 42434.8 0.247714 0.259376 0.250725 0.242184 0.00299959 -0.0621412 0.0822864 0.0476692 11037.7 42434.8 2479.43 2476.1 nan 110.076 nan nan nan -31143.1 nan nan nan 0.529238 nan nan
1 100 0.26161 -0.0492734 41575.9 0.246967 0.26161 0.249969 0.241454 0.00299959 -0.0492734 0.0822864 0.0476692 11037.7 41575.9 2479.43 2476.1 nan 100.062 nan nan nan -32422.4 nan nan nan 0.485745 nan nan
1 90 0.263608 -0.0375743 40689.4 0.246299 0.263608 0.249292 0.2408 0.00299959 -0.0375743 0.0822864 0.0476692 11037.7 40689.4 2479.43 2476.1 nan 90.0493 nan nan nan -33467 nan nan nan 0.441631 nan nan
1 -1370 0.265367 -0.217487 89329.1 0.24571 0.265367 0.248697 0.240225 0.00299959 -0.217487 0.0822864 0.0476692 11037.7 89329.1 2479.43 2476.1 nan -1369.96 nan nan nan 1.83611e+06 nan nan nan -6.79154 nan nan
1 120 0.253503 -0.206832 87345.6 0.249679 0.253503 0.252713 0.244105 0.00299959 -0.206832 0.0822864 0.0476692 11037.7 87345.6 2479.43 2476.1 nan 120.217 nan nan nan -74876.9 nan nan nan 0.402227 nan nan
1 130 0.254754 -0.195161 85480.9 0.24926 0.254754 0.25229 0.243696 0.00299959 -0.195161 0.0822864 0.0476692 11037.7 85480.9 2479.43 2476.1 nan 130.207 nan nan nan -70391.8 nan nan nan 0.440568 nan nan
1 110 0.25624 -0.185176 83538.1 0.248763 0.25624 0.251787 0.24321 0.00299959 -0.185176 0.0822864 0.0476692 11037.7 83538.1 2479.43 2476.1 nan 110.195 nan nan nan -73337.9 nan nan nan 0.376902 nan nan
1 90 0.25737 -0.176911 81540.6 0.248385 0.25737 0.251404 0.24284 0.00299959 -0.176911 0.0822864 0.0476692 11037.7 81540.6 2479.43 2476.1 nan 90.1852 nan nan nan -75404.7 nan nan nan 0.312028 nan nan
2 5 0.251143 0.0849027 2414.39 0.248127 0.258143 0.251143 0.242588 0.00299959 -0.176911 0.0849027 0.0476692 11037.7 81540.6 2414.39 2476.1 nan nan 4.91771 nan nan nan -2455.24 nan nan nan 0.0987615 nan
3 45 0.242477 0.0716003 2464.04 0.248014 0.258025 0.251485 0.242477 0.00299959 -0.176911 0.0849027 0.0716003 11037.7 81540.6 2414.39 2464.04 nan nan nan 44.9523 nan nan nan -455.39 nan nan nan 0.903375
1 100 0.256528 -0.167617 79646.3 0.246575 0.256528 0.250025 0.246872 0.00299959 -0.167617 0.0849027 0.0716003 11037.7 79646.3 2414.39 2464.04 nan 100.177 nan nan nan -71505.2 nan nan nan 0.350817 nan nan
1 120 0.257528 -0.156337 77919 0.246243 0.257528 0.249689 0.24654 0.00299959 -0.156337 0.0849027 0.0716003 11037.7 77919 2414.39 2464.04 nan 120.168 nan nan nan -65206.1 nan nan nan 0.425799 nan nan
1 -1630 0.258972 -0.311012 146225 0.245764 0.258972 0.249204 0.246061 0.00299959 -0.311012 0.0849027 0.0716003 11037.7 146225 2414.39 2464.04 nan -1629.84 nan nan nan 2.57847e+06 nan nan nan -5.83881 nan nan
1 110 0.253423 -0.30337 142673 0.247604 0.253423 0.251069 0.247903 0.00299959 -0.30337 0.0849027 0.0716003 11037.7 142673 2414.39 2464.04 nan 110.311 nan nan nan -134056 nan nan nan 0.288475 nan nan
1 140 0.253795 -0.29353 139415 0.247481 0.253795 0.250945 0.24778 0.00299959 -0.29353 0.0849027 0.0716003 11037.7 139415 2414.39 2464.04 nan 140.303 nan nan nan -122988 nan nan nan 0.371447 nan nan
3 45 0.247492 0.095577 2452.24 0.247194 0.25466 0.250653 0.247492 0.00299959 -0.29353 0.0849027 0.095577 11037.7 139415 2414.39 2452.24 nan nan nan 44.9284 nan nan nan -445.478 nan nan nan 0.905101
0 -260 0.245727 -0.0625595 12536.1 0.245727 0.253149 0.249166 0.251958 -0.0625595 -0.29353 0.0849027 0.095577 12536.1 139415 2414.39 2452.24 -260.003 nan nan nan 56563.9 nan nan nan -2.4748 nan nan nan
0 110 0.235287 -0.0365188 12524.9 0.235287 0.256653 0.252615 0.255445 -0.0365188 -0.29353 0.0849027 0.095577 12524.9 139415 2414.39 2452.24 110.063 nan nan nan -422.34 nan nan nan 0.983011 nan nan nan
1 130 0.255073 -0.284286 136172 0.239993 0.255073 0.25106 0.253873 -0.0365188 -0.284286 0.0849027 0.095577 12524.9 136172 2414.39 2452.24 nan 130.294 nan nan nan -122439 nan nan nan 0.348954 nan nan
3 55 0.253618 0.124948 2467.13 0.239752 0.255821 0.250808 0.253618 -0.0365188 -0.284286 0.0849027 0.124948 12524.9 136172 2414.39 2467.13 nan nan nan 54.9044 nan nan nan 562.258 nan nan nan 1.10873
3 60 0.259253 0.156881 2496.75 0.237942 0.25389 0.248915 0.259253 -0.0365188 -0.284286 0.0849027 0.156881 12524.9 136172 2414.39 2496.75 nan nan nan 59.8751 nan nan nan 1117.89 nan nan nan 1.20545
3 40 0.265503 0.178005 2472.66 0.235935 0.251748 0.246815 0.265503 -0.0365188 -0.284286 0.0849027 0.178005 12524.9 136172 2414.39 2472.66 nan nan nan 39.8431 nan nan nan -909.272 nan nan nan 0.797381
3 55 0.269585 0.20721 2486.77 0.234624 0.250349 0.245443 0.269585 -0.0365188 -0.284286 0.0849027 0.20721 12524.9 136172 2414.39 2486.77 nan nan nan 54.822 nan nan nan 532.793 nan nan nan 1.10249
3 50 0.275409 0.233661 2486.58 0.232753 0.248352 0.243486 0.275409 -0.0365188 -0.284286 0.0849027 0.233661 12524.9 136172 2414.39 2486.58 nan nan nan 49.7928 nan nan nan -7.45079 nan nan nan 0.998501
3 -190 0.280718 0.132601 3379.37 0.231048 0.246533 0.241702 0.280718 -0.0365188 -0.284286 0.0849027 0.132601 12524.9 136172 2414.39 3379.37 nan nan nan -190.234 nan nan nan 33702.3 nan nan nan -3.81493
1 100 0.252704 -0.277087 132831 0.236831 0.252704 0.247752 0.262714 -0.0365188 -0.277087 0.0849027 0.132601 12524.9 132831 2414.39 3379.37 nan 100.284 nan nan nan -126115 nan nan nan 0.271762 nan nan
1 110 0.253017 -0.269071 129634 0.236731 0.253017 0.247648 0.262603 -0.0365188 -0.269071 0.0849027 0.132601 12524.9 129634 2414.39 3379.37 nan 110.277 nan nan nan -120670 nan nan nan 0.302577 nan nan
1 120 0.253519 -0.260222 126583 0.236573 0.253519 0.247482 0.262427 -0.0365188 -0.260222 0.0849027 0.132601 12524.9 126583 2414.39 3379.37 nan 120.269 nan nan nan -115170 nan nan nan 0.334037 nan nan
3 55 0.262183 0.157604 3369.6 0.236352 0.254213 0.247251 0.262183 -0.0365188 -0.260222 0.0849027 0.157604 12524.9 126583 2414.39 3369.6 nan nan nan 54.8674 nan nan nan -368.941 nan nan nan 0.943836
3 40 0.267028 0.175786 3322.39 0.2348 0.252544 0.245628 0.267028 -0.0365188 -0.260222 0.0849027 0.175786 12524.9 126583 2414.39 3322.39 nan nan nan 39.8424 nan nan nan -1782.18 nan nan nan 0.686367
3 60 0.270504 0.203281 3329.18 0.233687 0.251346 0.244463 0.270504 -0.0365188 -0.260222 0.0849027 0.203281 12524.9 126583 2414.39 3329.18 nan nan nan 59.8242 nan nan nan 256.549 nan nan nan 1.03789
3 40 0.275978 0.221552 3282.95 0.231933 0.24946 0.242629 0.275978 -0.0365188 -0.260222 0.0849027 0.221552 12524.9 126583 2414.39 3282.95 nan nan nan 39.7967 nan nan nan -1745.4 nan nan nan 0.689729
3 45 0.279546 0.242255 3249.1 0.230791 0.248231 0.241433 0.279546 -0.0365188 -0.260222 0.0849027 0.242255 12524.9 126583 2414.39 3249.1 nan nan nan 44.7784 nan nan nan -1277.84 nan nan nan 0.781515
3 55 0.283661 0.267703 3242.45 0.229472 0.246813 0.240054 0.283661 -0.0365188 -0.260222 0.0849027 0.267703 12524.9 126583 2414.39 3242.45 nan nan nan 54.7577 nan nan nan -250.685 nan nan nan 0.960648
3 65 0.288846 0.297818 3267.56 0.227811 0.245026 0.238317 0.288846 -0.0365188 -0.260222 0.0849027 0.297818 12524.9 126583 2414.39 3267.56 nan nan nan 64.7323 nan nan nan 947.815 nan nan nan 1.1368
3 70 0.295126 0.33012 3309.71 0.225799 0.242862 0.236212 0.295126 -0.0365188 -0.260222 0.0849027 0.33012 12524.9 126583 2414.39 3309.71 nan nan nan 69.7022 nan nan nan 1590.83 nan nan nan 1.21937
3 50 0.301984 0.352991 3287.38 0.223602 0.2405 0.233914 0.301984 -0.0365188 -0.260222 0.0849027 0.352991 12524.9 126583 2414.39 3287.38 nan nan nan 49.6699 nan nan nan -842.608 nan nan nan 0.863373
3 -205 0.306777 0.258112 4317.41 0.222067 0.238848 0.232308 0.306777 -0.0365188 -0.260222 0.0849027 0.258112 12524.9 126583 2414.39 4317.41 nan nan nan -205.353 nan nan nan 38882.5 nan nan nan -3.58159
3 60 0.289065 0.282198 4297.58 0.227741 0.244951 0.238243 0.289065 -0.0365188 -0.260222 0.0849027 0.282198 12524.9 126583 2414.39 4297.58 nan nan nan 59.7419 nan nan nan -748.315 nan nan nan 0.909217
1 120 0.24325 -0.251268 123613 0.22616 0.24325 0.236589 0.294002 -0.0365188 -0.251268 0.0849027 0.282198 12524.9 123613 2414.39 4297.58 nan 120.26 nan nan nan -112121 nan nan nan 0.338013 nan nan
3 55 0.293726 0.304309 4263.05 0.225948 0.243959 0.236367 0.293726 -0.0365188 -0.251268 0.0849027 0.304309 12524.9 123613 2414.39 4263.05 nan nan nan 54.7178 nan nan nan -1303.55 nan nan nan 0.834673
3 65 0.298267 0.330558 4261 0.224495 0.242391 0.234847 0.298267 -0.0365188 -0.251268 0.0849027 0.330558 12524.9 123613 2414.39 4261 nan nan nan 64.6957 nan nan nan -77.5202 nan nan nan 0.990866
3 80 0.303786 0.36289 4316.26 0.22273 0.240484 0.233 0.303786 -0.0365188 -0.251268 0.0849027 0.36289 12524.9 123613 2414.39 4316.26 nan nan nan 79.6694 nan nan nan 2086.22 nan nan nan 1.2205
1 140 0.23807 -0.240701 120860 0.220493 0.23807 0.230661 0.310777 -0.0365188 -0.240701 0.0849027 0.36289 12524.9 120860 2414.39 4316.26 nan 140.251 nan nan nan -103943 nan nan nan 0.39891 nan nan
3 40 0.310348 0.378872 4243.54 0.220189 0.239119 0.230343 0.310348 -0.0365188 -0.240701 0.0849027 0.378872 12524.9 120860 2414.39 4243.54 nan nan nan 39.6371 nan nan nan -2745.16 nan nan nan 0.60332
3 80 0.313634 0.41125 4299.07 0.21914 0.23798 0.229246 0.313634 -0.0365188 -0.240701 0.0849027 0.41125 12524.9 120860 2414.39 4299.07 nan nan nan 79.6211 nan nan nan 2095.98 nan nan nan 1.22226
3 40 0.320758 0.427245 4226.7 0.216866 0.23551 0.226866 0.320758 -0.0365188 -0.240701 0.0849027 0.427245 12524.9 120860 2414.39 4226.7 nan nan nan 39.5887 nan nan nan -2731.8 nan nan nan 0.603788
1 110 0.234349 -0.2323 117980 0.215797 0.234349 0.225748 0.324105 -0.0365188 -0.2323 0.0849027 0.427245 12524.9 117980 2414.39 4226.7 nan 110.241 nan nan nan -108707 nan nan nan 0.317104 nan nan
3 65 0.323852 0.453557 4225.19 0.215628 0.234948 0.225572 0.323852 -0.0365188 -0.2323 0.0849027 0.453557 12524.9 117980 2414.39 4225.19 nan nan nan 64.5728 nan nan nan -57.0593 nan nan nan 0.993227
3 -245 0.329637 0.353524 5709.26 0.213783 0.232938 0.223642 0.329637 -0.0365188 -0.2323 0.0849027 0.353524 12524.9 117980 2414.39 5709.26 nan nan nan -245.454 nan nan nan 56022.3 nan nan nan -3.77612
3 60 0.310663 0.374436 5652.26 0.219834 0.239531 0.229972 0.310663 -0.0365188 -0.2323 0.0849027 0.374436 12524.9 117980 2414.39 5652.26 nan nan nan 59.6465 nan nan nan -2151.56 nan nan nan 0.789396
1 130 0.238003 -0.222256 115304 0.218432 0.238003 0.228505 0.31506 -0.0365188 -0.222256 0.0849027 0.374436 12524.9 115304 2414.39 5652.26 nan 130.232 nan nan nan -101019 nan nan nan 0.379153 nan nan
1 -1860 0.238962 -0.367345 203875 0.218157 0.238962 0.228217 0.314663 -0.0365188 -0.367345 0.0849027 0.374436 12524.9 203875 2414.39 5652.26 nan -1859.78 nan nan nan 3.34347e+06 nan nan nan -5.47695 nan nan
3 65 0.315334 0.397207 5613.17 0.218622 0.23734 0.228704 0.315334 -0.0365188 -0.367345 0.0849027 0.397207 12524.9 203875 2414.39 5613.17 nan nan nan 64.6256 nan nan nan -1475.8 nan nan nan 0.859594
1 120 0.235652 -0.360283 198858 0.217068 0.235652 0.227078 0.320202 -0.0365188 -0.360283 0.0849027 0.397207 12524.9 198858 2414.39 5613.17 nan 120.367 nan nan nan -189386 nan nan nan 0.26658 nan nan
3 75 0.320182 0.423585 5611.91 0.217055 0.2357 0.227064 0.320182 -0.0365188 -0.360283 0.0849027 0.423585 12524.9 198858 2414.39 5611.91 nan nan nan 74.6028 nan nan nan -47.5895 nan nan nan 0.995752
1 110 0.233701 -0.353727 193912 0.215213 0.233701 0.225138 0.325948 -0.0365188 -0.353727 0.0849027 0.423585 12524.9 193912 2414.39 5611.91 nan 110.36 nan nan nan -186678 nan nan nan 0.247481 nan nan
3 60 0.325966 0.444653 5557.27 0.215225 0.23366 0.22515 0.325966 -0.0365188 -0.353727 0.0849027 0.444653 12524.9 193912 2414.39 5557.27 nan nan nan 59.5764 nan nan nan -2062.56 nan nan nan 0.795278
3 65 0.330513 0.467593 5520.45 0.213773 0.232083 0.223631 0.330513 -0.0365188 -0.353727 0.0849027 0.467593 12524.9 193912 2414.39 5520.45 nan nan nan 64.5553 nan nan nan -1389.87 nan nan nan 0.865967
3 -250 0.335542 0.378292 7036.08 0.212167 0.23034 0.221951 0.335542 -0.0365188 -0.353727 0.0849027 0.378292 12524.9 193912 2414.39 7036.08 nan nan nan -250.468 nan nan nan 57213.6 nan nan nan -3.37104
1 130 0.236263 -0.345885 189226 0.217623 0.236263 0.227658 0.318456 -0.0365188 -0.345885 0.0849027 0.378292 12524.9 189226 2414.39 7036.08 nan 130.354 nan nan nan -176920 nan nan nan 0.29602 nan nan
3 85 0.318356 0.405016 7039.38 0.217554 0.236503 0.227587 0.318356 -0.0365188 -0.345885 0.0849027 0.405016 12524.9 189226 2414.39 7039.38 nan nan nan 84.6217 nan nan nan 124.758 nan nan nan 1.00883
1 150 0.23448 -0.336729 184812 0.215693 0.23448 0.225639 0.324188 -0.0365188 -0.336729 0.0849027 0.405016 12524.9 184812 2414.39 7039.38 nan 150.346 nan nan nan -166622 nan nan nan 0.345622 nan nan
3 45 0.323964 0.419097 6905.58 0.215544 0.235009 0.225483 0.323964 -0.0365188 -0.336729 0.0849027 0.419097 12524.9 184812 2414.39 6905.58 nan nan nan 44.595 nan nan nan -5050.67 nan nan nan 0.531519
1 110 0.234009 -0.32993 180239 0.214626 0.234009 0.224523 0.326841 -0.0365188 -0.32993 0.0849027 0.419097 12524.9 180239 2414.39 6905.58 nan 110.337 nan nan nan -172638 nan nan nan 0.256658 nan nan
3 55 0.326819 0.436496 6801.57 0.214612 0.234061 0.224508 0.326819 -0.0365188 -0.32993 0.0849027 0.436496 12524.9 180239 2414.39 6801.57 nan nan nan 54.5809 nan nan nan -3926.51 nan nan nan 0.656811
1 150 0.232785 -0.32055 176063 0.213442 0.232785 0.223284 0.330489 -0.0365188 -0.32055 0.0849027 0.436496 12524.9 176063 2414.39 6801.57 nan 150.33 nan nan nan -157639 nan nan nan 0.354097 nan nan
3 70 0.33023 0.45884 6749.58 0.213274 0.233387 0.223109 0.33023 -0.0365188 -0.32055 0.0849027 0.45884 12524.9 176063 2414.39 6749.58 nan nan nan 69.5635 nan nan nan -1962.49 nan nan nan 0.843484
1 120 0.231688 -0.312954 171782 0.211722 0.231688 0.221485 0.335105 -0.0365188 -0.312954 0.0849027 0.45884 12524.9 171782 2414.39 6749.58 nan 120.321 nan nan nan -161585 nan nan nan 0.286752 nan nan
3 55 0.335 0.476427 6649.58 0.211655 0.231929 0.221415 0.335 -0.0365188 -0.312954 0.0849027 0.476427 12524.9 171782 2414.39 6649.58 nan nan nan 54.5412 nan nan nan -3774.84 nan nan nan 0.663874
1 140 0.230617 -0.303986 167753 0.210458 0.230617 0.220163 0.338763 -0.0365188 -0.303986 0.0849027 0.476427 12524.9 167753 2414.39 6649.58 nan 140.313 nan nan nan -152094 nan nan nan 0.338539 nan nan
3 70 0.338526 0.499012 6601.47 0.210311 0.231154 0.220009 0.338526 -0.0365188 -0.303986 0.0849027 0.499012 12524.9 167753 2414.39 6601.47 nan nan nan 69.5236 nan nan nan -1816.06 nan nan nan 0.852579
1 140 0.229408 -0.294911 163831 0.208723 0.229408 0.218348 0.343521 -0.0365188 -0.294911 0.0849027 0.499012 12524.9 163831 2414.39 6601.47 nan 140.304 nan nan nan -148068 nan nan nan 0.342559 nan nan
3 80 0.343267 0.524933 6594.03 0.208569 0.229978 0.218186 0.343267 -0.0365188 -0.294911 0.0849027 0.524933 12524.9 163831 2414.39 6594.03 nan nan nan 79.501 nan nan nan -281.067 nan nan nan 0.97848
1 150 0.227927 -0.285074 160089 0.206709 0.227927 0.216241 0.349122 -0.0365188 -0.285074 0.0849027 0.524933 12524.9 160089 2414.39 6594.03 nan 150.295 nan nan nan -141242 nan nan nan 0.371319 nan nan
0 100 0.25 0.0264907 10000 0.25 0.25 0.25 0.25 0.0264907 0 0 0 10000 1 1 1 100 nan nan nan 0 nan nan nan 1 nan nan nan
0 -130 0.278536 -0.00795423 10183 0.278536 0.240488 0.240488 0.240488 -0.00795423 0 0 0 10183 1 1 1 -130.026 nan nan nan 6906.89 nan nan nan -1.30026 nan nan nan
1 250 0.242705 0.0264907 62500 0.271886 0.242705 0.242705 0.242705 -0.00795423 0.0264907 0 0 10183 62500 1 1 nan 250 nan nan nan 0 nan nan nan 1 nan nan
1 220 0.308183 0.0497997 62126.2 0.248378 0.308183 0.22172 0.22172 -0.00795423 0.0497997 0 0 10183 62126.2 1 1 nan 219.974 nan nan nan -14111.7 nan nan nan 0.879894 nan nan
2 250 0.220183 0.0264907 62500 0.246656 0.312979 0.220183 0.220183 -0.00795423 0.0497997 0.0264907 0 10183 62126.2 62500 1 nan nan 250 nan nan nan 0 nan nan nan 1 nan
2 220 0.281846 0.0497997 62126.2 0.227152 0.28823 0.281846 0.202772 -0.00795423 0.0497997 0.0497997 0 10183 62126.2 62126.2 1 nan nan 219.974 nan nan nan -14111.7 nan nan nan 0.879894 nan
3 100 0.201485 0.0264907 10000 0.225711 0.286402 0.286402 0.201485 -0.00795423 0.0497997 0.0497997 0.0264907 10183 62126.2 62126.2 10000 nan nan nan 100 nan nan nan 0 nan nan nan 1
3 117 0.226154 0.0574778 10097.6 0.218738 0.277554 0.277554 0.226154 -0.00795423 0.0497997 0.0497997 0.0574778 10183 62126.2 62126.2 10097.6 nan nan nan 116.974 nan nan nan 3682.8 nan nan nan 1.16974
3 30 0.231728 0.0653714 9853.82 0.217163 0.275555 0.275555 0.231728 -0.00795423 0.0497997 0.0497997 0.0653714 10183 62126.2 62126.2 9853.82 nan nan nan 29.9425 nan nan nan -9201.01 nan nan nan 0.297975
2 265 0.275145 0.0779589 62340 0.21684 0.275145 0.275145 0.232871 -0.00795423 0.0497997 0.0779589 0.0653714 10183 62126.2 62340 9853.82 nan nan 264.95 nan nan nan 8072.44 nan nan nan 1.06298 nan
2 108 0.280901 0.0894093 60997.1 0.215118 0.27296 0.280901 0.231021 -0.00795423 0.0497997 0.0894093 0.0653714 10183 62126.2 60997.1 9853.82 nan nan 107.922 nan nan nan -50692.8 nan nan nan 0.432242 nan
1 80 0.272333 0.0582969 60649.7 0.214623 0.272333 0.282553 0.230491 -0.00795423 0.0582969 0.0894093 0.0653714 10183 60649.7 60997.1 9853.82 nan 79.9502 nan nan nan -55734.1 nan nan nan 0.320762 nan nan
1 280 0.273299 0.0884094 61119.1 0.214338 0.273299 0.282178 0.230185 -0.00795423 0.0884094 0.0894093 0.0653714 10183 61119.1 60997.1 9853.82 nan 279.942 nan nan nan 17717.6 nan nan nan 1.13672 nan nan
2 108 0.279749 0.100984 59689.7 0.212494 0.279554 0.279749 0.228204 -0.00795423 0.0884094 0.100984 0.0653714 10183 61119.1 59689.7 9853.82 nan nan 107.911 nan nan nan -49352.4 nan nan nan 0.436927 nan
2 -673 0.281432 0.0280005 70110.5 0.211997 0.2789 0.281432 0.22767 -0.00795423 0.0884094 0.0280005 0.0653714 10183 61119.1 70110.5 9853.82 nan nan -673.101 nan nan nan 393375 nan nan nan -2.75506 nan
1 110 0.282635 0.100187 59820 0.214836 0.282635 0.27181 0.230719 -0.00795423 0.100187 0.0280005 0.0653714 10183 59820 70110.5 9853.82 nan 109.912 nan nan nan -49038.5 nan nan nan 0.444585 nan nan
1 -775 0.284375 0.0162354 74150.4 0.214315 0.284375 0.271151 0.23016 -0.00795423 0.0162354 0.0280005 0.0653714 10183 74150.4 70110.5 9853.82 nan -775.1 nan nan nan 540960 nan nan nan -3.16909 nan nan
1 80 0.274263 0.0240164 72355.6 0.217343 0.274263 0.274982 0.233412 -0.00795423 0.0240164 0.0280005 0.0653714 10183 72355.6 70110.5 9853.82 nan 79.9838 nan nan nan -67753 nan nan nan 0.293728 nan nan
2 235 0.274699 0.0515086 69715.9 0.21712 0.27501 0.274699 0.233172 -0.00795423 0.0240164 0.0515086 0.0653714 10183 72355.6 69715.9 9853.82 nan nan 234.972 nan nan nan -14898.7 nan nan nan 0.88741 nan
1 280 0.273294 0.051589 72515.4 0.215765 0.273294 0.279225 0.231717 -0.00795423 0.051589 0.0515086 0.0653714 10183 72515.4 69715.9 9853.82 nan 279.976 nan nan nan 6030.94 nan nan nan 1.04084 nan nan
1 -1060 0.278876 -0.052692 100362 0.214107 0.278876 0.27708 0.229936 -0.00795423 -0.052692 0.0515086 0.0653714 10183 100362 69715.9 9853.82 nan -1060.05 nan nan nan 1.05119e+06 nan nan nan -3.93652 nan nan
1 285 0.269621 -0.028856 99856.1 0.216855 0.269621 0.280636 0.232888 -0.00795423 -0.028856 0.0515086 0.0653714 10183 99856.1 69715.9 9853.82 nan 285.053 nan nan nan -19107.2 nan nan nan 0.899788 nan nan
2 90 0.278897 0.0605331 68083.4 0.215511 0.274147 0.278897 0.231444 -0.00795423 -0.028856 0.0605331 0.0653714 10183 99856.1 68083.4 9853.82 nan nan 89.9485 nan nan nan -61625.1 nan nan nan 0.340665 nan
1 110 0.273746 -0.0196321 97531.5 0.215196 0.273746 0.279953 0.231106 -0.00795423 -0.0196321 0.0605331 0.0653714 10183 97531.5 68083.4 9853.82 nan 110.029 nan nan nan -87749.7 nan nan nan 0.348192 nan nan
2 117 0.27959 0.0724053 66642 0.214917 0.274686 0.27959 0.230806 -0.00795423 -0.0196321 0.0724053 0.0653714 10183 97531.5 66642 9853.82 nan nan 116.939 nan nan nan -54408.5 nan nan nan 0.448168 nan
1 250 0.274033 0.00157562 96603.8 0.214406 0.274033 0.281305 0.230257 -0.00795423 0.00157562 0.0724053 0.0653714 10183 96603.8 66642 9853.82 nan 250.02 nan nan nan -35021.7 nan nan nan 0.800574 nan nan
2 -470 0.279803 0.0241679 70730.2 0.213261 0.277908 0.279803 0.229028 -0.00795423 0.00157562 0.0241679 0.0653714 10183 96603.8 70730.2 9853.82 nan nan -470.072 nan nan nan 154326 nan nan nan -1.82092 nan
1 90 0.280896 0.00924626 94259.2 0.215554 0.280896 0.272061 0.23149 -0.00795423 0.00924626 0.0241679 0.0653714 10183 94259.2 70730.2 9853.82 nan 89.9984 nan nan nan -88504.1 nan nan nan 0.28956 nan nan
3 280 0.231291 0.140076 11668.7 0.215369 0.281513 0.271827 0.231291 -0.00795423 0.00924626 0.0241679 0.140076 10183 94259.2 70730.2 11668.7 nan nan nan 279.935 nan nan nan 68509.6 nan nan nan 2.82003
1 -905 0.275829 -0.0688418 113459 0.21102 0.275829 0.266338 0.246813 -0.00795423 -0.0688418 0.0241679 0.140076 10183 113459 70730.2 11668.7 nan -905.009 nan nan nan 724782 nan nan nan -2.94775 nan nan
3 -15 0.249633 0.136363 11365.6 0.213431 0.267553 0.269382 0.249633 -0.00795423 -0.0688418 0.0241679 0.136363 10183 113459 70730.2 11365.6 nan nan nan -15.1401 nan nan nan -11439.5 nan nan nan -0.140158
3 90 0.248618 0.158693 11278.5 0.21372 0.267916 0.269747 0.248618 -0.00795423 -0.0688418 0.0241679 0.158693 10183 113459 70730.2 11278.5 nan nan nan 89.8636 nan nan nan -3290.17 nan nan nan 0.842921
3 -520 0.252718 0.0289438 18147.2 0.212554 0.266453 0.268275 0.252718 -0.00795423 -0.0688418 0.0241679 0.0289438 10183 113459 70730.2 18147.2 nan nan nan -520.159 nan nan nan 259287 nan nan nan -4.89791
1 280 0.272704 -0.0468156 112532 0.21754 0.272704 0.274568 0.235188 -0.00795423 -0.0468156 0.0241679 0.0289438 10183 112532 70730.2 18147.2 nan 280.069 nan nan nan -35020.7 nan nan nan 0.831467 nan nan
3 280 0.233877 0.0839995 19742.9 0.216327 0.276758 0.273037 0.233877 -0.00795423 -0.0468156 0.0241679 0.0839995 10183 112532 70730.2 19742.9 nan nan nan 279.971 nan nan nan 60236.6 nan nan nan 2.0783
2 265 0.269006 0.0505614 70716.5 0.213134 0.272672 0.269006 0.245188 -0.00795423 -0.0468156 0.0505614 0.0839995 10183 112532 70716.5 19742.9 nan nan 264.976 nan nan nan -518.055 nan nan nan 0.996331 nan
3 -250 0.243439 0.0368503 20876.7 0.211613 0.270727 0.274221 0.243439 -0.00795423 -0.0468156 0.0505614 0.0368503 10183 112532 70716.5 20876.7 nan nan nan -250.084 nan nan nan 42799.1 nan nan nan -1.77984
3 -362 0.235731 -0.0295264 23795.8 0.213769 0.273485 0.277015 0.235731 -0.00795423 -0.0468156 0.0505614 -0.0295264 10183 112532 70716.5 23795.8 nan nan nan -362.037 nan nan nan 110194 nan nan nan -2.50566
2 250 0.280522 0.0754606 70498.2 0.216475 0.276948 0.280522 0.226055 -0.00795423 -0.0468156 0.0754606 -0.0295264 10183 112532 70498.2 23795.8 nan nan 249.949 nan nan nan -8241.8 nan nan nan 0.939922 nan
1 295 0.275042 -0.0235161 111857 0.214986 0.275042 0.285473 0.224499 -0.00795423 -0.0235161 0.0754606 -0.0295264 10183 111857 70498.2 23795.8 nan 295.047 nan nan nan -25478.9 nan nan nan 0.879536 nan nan
3 108 0.223129 -0.0109746 23474.6 0.213674 0.279465 0.283732 0.223129 -0.00795423 -0.0235161 0.0754606 -0.0109746 10183 111857 70498.2 23474.6 nan nan nan 108.03 nan nan nan -12125.4 nan nan nan 0.700314
2 285 0.282632 0.103888 70781.2 0.212846 0.278382 0.282632 0.226139 -0.00795423 -0.0235161 0.103888 -0.0109746 10183 111857 70781.2 23474.6 nan nan 284.925 nan nan nan 10683.8 nan nan nan 1.0731 nan
1 90 0.27608 -0.0163856 109108 0.211086 0.27608 0.288564 0.224269 -0.00795423 -0.0163856 0.103888 -0.0109746 10183 109108 70781.2 23474.6 nan 90.0235 nan nan nan -103752 nan nan nan 0.269169 nan nan
0 265 0.210963 0.0616147 11773.6 0.210963 0.276501 0.288397 0.224139 0.0616147 -0.0163856 0.103888 -0.0109746 11773.6 109108 70781.2 23474.6 265.008 nan nan nan 60046.2 nan nan nan 2.62616 nan nan nan
2 90 0.283493 0.112839 69120.2 0.22438 0.271799 0.283493 0.220328 0.0616147 -0.0163856 0.112839 -0.0109746 11773.6 109108 69120.2 23474.6 nan nan 89.8961 nan nan nan -62699.9 nan nan nan 0.337895 nan
0 -145 0.224053 0.0261994 12019.2 0.224053 0.271403 0.284537 0.220007 0.0261994 -0.0163856 0.112839 -0.0109746 12019.2 109108 69120.2 23474.6 -145.062 nan nan nan 9269.24 nan nan nan -1.33689 nan nan nan
0 235 0.21819 0.0829768 13163.4 0.21819 0.273454 0.286687 0.221669 0.0829768 -0.0163856 0.112839 -0.0109746 13163.4 109108 69120.2 23474.6 234.974 nan nan nan 43193.5 nan nan nan 2.14329 nan nan nan
3 -177 0.218569 -0.041576 23682.5 0.229123 0.26963 0.282677 0.218569 0.0829768 -0.0163856 0.112839 -0.041576 13163.4 109108 69120.2 23682.5 nan nan nan -176.989 nan nan nan 7850.55 nan nan nan -1.15517
2 -606 0.284502 0.0517666 77021.2 0.230602 0.27137 0.284502 0.213526 0.0829768 -0.0163856 0.0517666 -0.041576 13163.4 109108 77021.2 23682.5 nan nan -606.113 nan nan nan 298253 nan nan nan -2.30542 nan
1 -1215 0.274681 -0.113825 145323 0.233416 0.274681 0.275771 0.216131 0.0829768 -0.113825 0.0517666 -0.041576 13163.4 145323 77021.2 23682.5 nan -1214.98 nan nan nan 1.36708e+06 nan nan nan -3.67826 nan nan
0 100 0.235676 0.106047 13079.2 0.235676 0.267656 0.278443 0.218225 0.106047 -0.113825 0.0517666 -0.041576 13079.2 145323 77021.2 23682.5 99.917 nan nan nan -3180 nan nan nan 0.870874 nan nan nan
2 84 0.276949 0.0597797 75167.5 0.239776 0.266221 0.276949 0.217054 0.106047 -0.113825 0.0597797 -0.041576 13079.2 145323 75167.5 23682.5 nan nan 83.9482 nan nan nan -69973.9 nan nan nan 0.302487 nan
0 -15 0.239515 0.102548 12738.7 0.239515 0.265931 0.277736 0.216818 0.102548 -0.113825 0.0597797 -0.041576 12738.7 145323 75167.5 23682.5 -15.106 nan nan nan -12851 nan nan nan -0.132087 nan nan nan
1 350 0.266269 -0.0894956 144720 0.238547 0.266269 0.27809 0.217094 0.102548 -0.0894956 0.0597797 -0.041576 12738.7 144720 75167.5 23682.5 nan 350.114 nan nan nan -22743.2 nan nan nan 0.918422 nan nan
2 99 0.27635 0.0693395 73435.6 0.237055 0.27086 0.27635 0.215736 0.102548 -0.0894956 0.0693395 -0.041576 12738.7 144720 73435.6 23682.5 nan nan 98.9402 nan nan nan -65378.3 nan nan nan 0.360876 nan
0 120 0.236681 0.130689 12782.1 0.236681 0.270433 0.277491 0.215396 0.130689 -0.0894956 0.0693395 -0.041576 12782.1 144720 73435.6 23682.5 119.897 nan nan nan 1636.66 nan nan nan 1.0623 nan nan nan
1 305 0.268603 -0.0682506 143352 0.241845 0.268603 0.275613 0.213938 0.130689 -0.0682506 0.0693395 -0.041576 12782.1 143352 73435.6 23682.5 nan 305.089 nan nan nan -51640.8 nan nan nan 0.801978 nan nan
2 117 0.274196 0.0807701 71852.4 0.240602 0.272362 0.274196 0.212839 0.130689 -0.0682506 0.0807701 -0.041576 12782.1 143352 71852.4 23682.5 nan nan 116.931 nan nan nan -59762.8 nan nan nan 0.431494 nan
0 -190 0.240083 0.0861391 13401.1 0.240083 0.271774 0.275763 0.212379 0.0861391 -0.0682506 0.0807701 -0.041576 13401.1 143352 71852.4 23682.5 -190.131 nan nan nan 23367.6 nan nan nan -1.68171 nan nan nan
1 -1120 0.274438 -0.146608 172781 0.232636 0.274438 0.278466 0.21446 0.0861391 -0.146608 0.0807701 -0.041576 13401.1 172781 71852.4 23682.5 nan -1119.93 nan nan nan 1.11089e+06 nan nan nan -2.95794 nan nan
2 134 0.280992 0.0940049 70424.1 0.234746 0.267856 0.280992 0.216406 0.0861391 -0.146608 0.0940049 -0.041576 13401.1 172781 70424.1 23682.5 nan nan 133.919 nan nan nan -53918.1 nan nan nan 0.4996 nan
0 -90 0.234087 0.0655242 13261.1 0.234087 0.267103 0.283012 0.215798 0.0655242 -0.146608 0.0940049 -0.041576 13261.1 172781 70424.1 23682.5 -90.0861 nan nan nan -5285.61 nan nan nan -0.778193 nan nan nan
0 265 0.23028 0.12647 14769.2 0.23028 0.268431 0.284419 0.21687 0.12647 -0.146608 0.0940049 -0.041576 14769.2 172781 70424.1 23682.5 264.934 nan nan nan 56929.2 nan nan nan 2.30064 nan nan nan
2 -448 0.279836 0.0492746 73877.5 0.242681 0.264106 0.279836 0.213376 0.12647 -0.146608 0.0492746 -0.041576 14769.2 172781 73877.5 23682.5 nan nan -448.094 nan nan nan 130364 nan nan nan -1.68853 nan
0 -130 0.245168 0.0981049 14826.5 0.245168 0.266812 0.272458 0.215562 0.0981049 -0.146608 0.0492746 -0.041576 14826.5 172781 73877.5 23682.5 -130.126 nan nan nan 2163.71 nan nan nan -1.07075 nan nan nan
0 285 0.240009 0.160087 16584 0.240009 0.268636 0.27432 0.217036 0.160087 -0.146608 0.0492746 -0.041576 16584 172781 73877.5 23682.5 284.902 nan nan nan 66342.6 nan nan nan 2.33978 nan nan nan
0 -50 0.253105 0.149769 16211.3 0.253105 0.264006 0.269593 0.213296 0.149769 -0.146608 0.0492746 -0.041576 16211.3 172781 73877.5 23682.5 -50.1601 nan nan nan -14067.9 nan nan nan -0.389506 nan nan nan
0 -50 0.250827 0.139335 15848.5 0.250827 0.264812 0.270415 0.213946 0.139335 -0.146608 0.0492746 -0.041576 15848.5 172781 73877.5 23682.5 -50.1498 nan nan nan -13696.3 nan nan nan -0.393876 nan nan nan
0 70 0.248546 0.154036 15557.9 0.248546 0.265618 0.271239 0.214598 0.154036 -0.146608 0.0492746 -0.041576 15557.9 172781 73877.5 23682.5 69.8607 nan nan nan -10968 nan nan nan 0.554931 nan nan nan
0 100 0.251036 0.175241 15409.9 0.251036 0.264738 0.27034 0.213886 0.175241 -0.146608 0.0492746 -0.041576 15409.9 172781 73877.5 23682.5 99.846 nan nan nan -5588.71 nan nan nan 0.800488 nan nan nan
0 -135 0.254907 0.146395 15485.7 0.254907 0.263369 0.268943 0.212781 0.146395 -0.146608 0.0492746 -0.041576 15485.7 172781 73877.5 23682.5 -135.175 nan nan nan 2862.47 nan nan nan -1.08892 nan nan nan
0 -140 0.249536 0.116561 15595.8 0.249536 0.265268 0.270881 0.214315 0.116561 -0.146608 0.0492746 -0.041576 15595.8 172781 73877.5 23682.5 -140.146 nan nan nan 4155.3 nan nan nan -1.1262 nan nan nan
1 140 0.267193 -0.137677 168724 0.24409 0.267193 0.272847 0.21587 0.116561 -0.137677 0.0492746 -0.041576 15595.8 168724 73877.5 23682.5 nan 140.147 nan nan nan -153140 nan nan nan 0.337159 nan nan
2 117 0.272631 0.0606729 72282.8 0.243897 0.267773 0.272631 0.215699 0.116561 -0.137677 0.0606729 -0.041576 15595.8 168724 72282.8 23682.5 nan nan 116.951 nan nan nan -60200.1 nan nan nan 0.430276 nan
0 55 0.243377 0.128203 15262.4 0.243377 0.267202 0.274183 0.215239 0.128203 -0.137677 0.0606729 -0.041576 15262.4 168724 72282.8 23682.5 54.8834 nan nan nan -12583.6 nan nan nan 0.439479 nan nan nan
2 125 0.273513 0.0729834 70781.5 0.245225 0.266549 0.273513 0.214713 0.128203 -0.137677 0.0729834 -0.041576 15262.4 168724 70781.5 23682.5 nan nan 124.939 nan nan nan -56673 nan nan nan 0.46471 nan
0 -175 0.244627 0.0906506 15670.6 0.244627 0.265899 0.275284 0.214189 0.0906506 -0.137677 0.0729834 -0.041576 15670.6 168724 70781.5 23682.5 -175.128 nan nan nan 15407.5 nan nan nan -1.41757 nan nan nan
1 310 0.268191 -0.117676 166802 0.238116 0.268191 0.277657 0.216036 0.0906506 -0.117676 0.0729834 -0.041576 15670.6 166802 70781.5 23682.5 nan 310.138 nan nan nan -72538.7 nan nan nan 0.755033 nan nan
0 0 0.237017 0.0906314 15255.5 0.237017 0.27157 0.276375 0.215038 0.0906314 -0.117676 0.0729834 -0.041576 15255.5 166802 70781.5 23682.5 -0.0906506 nan nan nan -15670.6 nan nan nan -0.000724149 nan nan nan
0 110 0.236646 0.114204 15171.3 0.236646 0.271702 0.276509 0.215142 0.114204 -0.117676 0.0729834 -0.041576 15171.3 166802 70781.5 23682.5 109.909 nan nan nan -3175.4 nan nan nan 0.889861 nan nan nan
2 210 0.274985 0.093886 70073.9 0.240855 0.270204 0.274985 0.213956 0.114204 -0.117676 0.093886 -0.041576 15171.3 166802 70073.9 23682.5 nan nan 209.927 nan nan nan -26712.1 nan nan nan 0.789057 nan
2 152 0.278845 0.109088 68828.9 0.239573 0.268765 0.278845 0.212817 0.114204 -0.117676 0.109088 -0.041576 15171.3 166802 68828.9 23682.5 nan nan 151.906 nan nan nan -46998.4 nan nan nan 0.573848 nan
2 -553 0.281331 0.0532382 75109.8 0.238747 0.267839 0.281331 0.212083 0.114204 -0.117676 0.0532382 -0.041576 15171.3 166802 75109.8 23682.5 nan nan -553.109 nan nan nan 237101 nan nan nan -2.10827 nan
2 300 0.272995 0.082231 75503.4 0.241516 0.270945 0.272995 0.214543 0.114204 -0.117676 0.082231 -0.041576 15171.3 166802 75503.4 23682.5 nan nan 299.947 nan nan nan 14858.2 nan nan nan 1.09445 nan
2 108 0.278963 0.092635 73811.8 0.239534 0.268721 0.278963 0.212782 0.114204 -0.117676 0.092635 -0.041576 15171.3 166802 73811.8 23682.5 nan nan 107.918 nan nan nan -63857.2 nan nan nan 0.392744 nan
2 125 0.2803 0.104814 72269.8 0.239089 0.268223 0.2803 0.212388 0.114204 -0.117676 0.104814 -0.041576 15171.3 166802 72269.8 23682.5 nan nan 124.907 nan nan nan -58210 nan nan nan 0.459754 nan
0 95 0.238505 0.134612 15008 0.238505 0.267567 0.282061 0.211868 0.134612 -0.117676 0.104814 -0.041576 15008 166802 72269.8 23682.5 94.8858 nan nan nan -6168.03 nan nan nan 0.770352 nan nan nan
2 -448 0.280735 0.0606577 75674.6 0.242082 0.26631 0.280735 0.210873 0.134612 -0.117676 0.0606577 -0.041576 15008 166802 75674.6 23682.5 nan nan -448.105 nan nan nan 128528 nan nan nan -1.66687 nan
0 75 0.244546 0.1508 14758.9 0.244546 0.26902 0.273416 0.213019 0.1508 -0.117676 0.0606577 -0.041576 14758.9 166802 75674.6 23682.5 74.8654 nan nan nan -9403.13 nan nan nan 0.611111 nan nan nan
3 -425 0.212237 -0.114728 27839.1 0.247318 0.268033 0.272412 0.212237 0.1508 -0.117676 0.0606577 -0.114728 14758.9 166802 75674.6 27839.1 nan nan nan -424.958 nan nan nan 156907 nan nan nan -2.76142
2 154 0.275676 0.0754818 74297.7 0.250281 0.271244 0.275676 0.2028 0.1508 -0.117676 0.0754818 -0.114728 14758.9 166802 74297.7 27839.1 nan nan 153.939 nan nan nan -51977.3 nan nan nan 0.559596 nan
2 295 0.278032 0.104144 74633.6 0.249467 0.270362 0.278032 0.20214 0.1508 -0.117676 0.104144 -0.114728 14758.9 166802 74633.6 27839.1 nan nan 294.925 nan nan nan 12682.8 nan nan nan 1.08199 nan
1 110 0.268136 -0.110533 162705 0.247413 0.268136 0.283974 0.200476 0.1508 -0.110533 0.104144 -0.114728 14758.9 162705 74633.6 27839.1 nan 110.118 nan nan nan -154677 nan nan nan 0.269622 nan nan
2 143 0.283897 0.118001 73197.5 0.247347 0.268334 0.283897 0.200422 0.1508 -0.110533 0.118001 -0.114728 14758.9 162705 73197.5 27839.1 nan nan 142.896 nan nan nan -54214.4 nan nan nan 0.523061 nan
1 300 0.267521 -0.0908236 160781 0.246598 0.267521 0.286066 0.199815 0.1508 -0.0908236 0.118001 -0.114728 14758.9 160781 73197.5 27839.1 nan 300.111 nan nan nan -72638.6 nan nan nan 0.744014 nan nan
2 108 0.284776 0.128564 71566.7 0.245485 0.270826 0.284776 0.198914 0.1508 -0.0908236 0.128564 -0.114728 14758.9 160781 71566.7 27839.1 nan nan 107.882 nan nan nan -61558.9 nan nan nan 0.39875 nan
1 300 0.270294 -0.0709979 158907 0.245003 0.270294 0.286178 0.198524 0.1508 -0.0709979 0.128564 -0.114728 14758.9 158907 71566.7 27839.1 nan 300.091 nan nan nan -70726.2 nan nan nan 0.748403 nan nan
2 117 0.28486 0.140137 70032.7 0.243875 0.273656 0.28486 0.197609 0.1508 -0.0709979 0.140137 -0.114728 14758.9 158907 70032.7 27839.1 nan nan 116.871 nan nan nan -57907.8 nan nan nan 0.436871 nan
1 280 0.273026 -0.052386 156775 0.243313 0.273026 0.286507 0.197154 0.1508 -0.052386 0.140137 -0.114728 14758.9 156775 70032.7 27839.1 nan 280.071 nan nan nan -80467.3 nan nan nan 0.702581 nan nan
2 -576 0.285302 0.0824641 76970.7 0.24229 0.276083 0.285302 0.196325 0.1508 -0.052386 0.0824641 -0.114728 14758.9 156775 76970.7 27839.1 nan nan -576.14 nan nan nan 261905 nan nan nan -2.1771 nan
0 -100 0.25 -0.0264907 10000 0.25 0.25 0.25 0.25 -0.0264907 0 0 0 10000 1 1 1 -100 nan nan nan 0 nan nan nan -1 nan nan nan
3 -50 0.243995 -0.0264907 2500 0.268015 0.243995 0.243995 0.243995 -0.0264907 0 0 -0.0264907 10000 1 1 2500 nan nan nan -50 nan nan nan 0 nan nan nan -1
1 -50 0.242008 -0.0264907 2500 0.265833 0.242008 0.242008 0.250151 -0.0264907 -0.0264907 0 -0.0264907 10000 2500 1 2500 nan -50 nan nan nan 0 nan nan nan -1 nan nan
2 -90 0.240053 -0.0264907 8100 0.263685 0.248131 0.240053 0.248131 -0.0264907 -0.0264907 -0.0264907 -0.0264907 10000 2500 8100 2500 nan nan -90 nan nan nan 0 nan nan nan -1 nan
0 -120 0.258402 -0.0582725 10116.4 0.258402 0.243159 0.255279 0.243159 -0.0582725 -0.0264907 -0.0264907 -0.0264907 10116.4 2500 8100 2500 -119.974 nan nan nan 4393.64 nan nan nan -1.19974 nan nan nan
3 -40 0.245097 -0.0476692 2476.1 0.252492 0.245097 0.257314 0.245097 -0.0582725 -0.0264907 -0.0264907 -0.0476692 10116.4 2500 8100 2476.1 nan nan nan -39.9735 nan nan nan -902.119 nan nan nan -0.79947
1 -60 0.24638 -0.0582655 2529.06 0.253813 0.24638 0.25866 0.241147 -0.0582725 -0.0582655 -0.0264907 -0.0476692 10116.4 2529.06 8100 2476.1 nan -59.9735 nan nan nan 1096.82 nan nan nan -1.19947 nan nan
2 40 0.260647 -0.0147093 7927.87 0.255763 0.240592 0.260647 0.242999 -0.0582725 -0.0582655 -0.0147093 -0.0476692 10116.4 2529.06 7927.87 2476.1 nan nan 40.0265 nan nan nan -6497.88 nan nan nan 0.444739 nan
3 -45 0.242325 -0.0716003 2464.04 0.255053 0.239925 0.262697 0.242325 -0.0582725 -0.0582655 -0.0147093 -0.0716003 10116.4 2529.06 7927.87 2464.04 nan nan nan -44.9523 nan nan nan -455.39 nan nan nan -0.903375
1 -40 0.241316 -0.0793053 2504.32 0.256532 0.241316 0.26422 0.237931 -0.0582725 -0.0793053 -0.0147093 -0.0716003 10116.4 2504.32 7927.87 2464.04 nan -39.9417 nan nan nan -933.713 nan nan nan -0.794233 nan nan
2 -120 0.265573 -0.0504072 8099.22 0.257846 0.237431 0.265573 0.23915 -0.0582725 -0.0793053 -0.0504072 -0.0716003 10116.4 2504.32 8099.22 2464.04 nan nan -119.985 nan nan nan 6468.6 nan nan nan -1.34757 nan
2 120 0.258892 -0.0150697 8266.46 0.260192 0.239591 0.258892 0.241325 -0.0582725 -0.0793053 -0.0150697 -0.0716003 10116.4 2504.32 8266.46 2464.04 nan nan 120.05 nan nan nan 6312.88 nan nan nan 1.33396 nan
2 -100 0.26595 -0.0442016 8312.3 0.257714 0.237309 0.26595 0.239027 -0.0582725 -0.0793053 -0.0442016 -0.0716003 10116.4 2504.32 8312.3 2464.04 nan nan -99.9849 nan nan nan 1730.53 nan nan nan -1.0997 nan
3 -45 0.240847 -0.095577 2452.24 0.259676 0.239116 0.26036 0.240847 -0.0582725 -0.0793053 -0.0442016 -0.095577 10116.4 2504.32 8312.3 2452.24 nan nan nan -44.9284 nan nan nan -445.478 nan nan nan -0.905101
2 190 0.261863 0.0110173 9048.86 0.261176 0.240497 0.261863 0.236464 -0.0582725 -0.0793053 0.0110173 -0.095577 10116.4 2504.32 9048.86 2452.24 nan nan 190.044 nan nan nan 27804.5 nan nan nan 2.08446 nan
2 160 0.273631 0.0555712 9487.22 0.257012 0.236663 0.273631 0.232695 -0.0582725 -0.0793053 0.0555712 -0.095577 10116.4 2504.32 9487.22 2452.24 nan nan 159.989 nan nan nan 16547.6 nan nan nan 1.68187 nan
2 -80 0.283136 0.0337984 9405.67 0.253648 0.233566 0.283136 0.22965 -0.0582725 -0.0793053 0.0337984 -0.095577 10116.4 2504.32 9405.67 2452.24 nan nan -80.0556 nan nan nan -3078.32 nan nan nan -0.821906 nan
1 -30 0.235032 -0.095144 2461.7 0.255241 0.235032 0.278636 0.231091 -0.0582725 -0.095144 0.0337984 -0.095577 10116.4 2461.7 9405.67 2452.24 nan -29.9207 nan nan nan -1609.07 nan nan nan -0.597897 nan nan
3 -55 0.231976 -0.124948 2467.13 0.256218 0.232104 0.279702 0.231976 -0.0582725 -0.095144 0.0337984 -0.124948 10116.4 2461.7 9405.67 2467.13 nan nan nan -54.9044 nan nan nan 562.258 nan nan nan -1.10873
1 -5 0.233663 -0.0977628 2397.12 0.257939 0.233663 0.281581 0.226817 -0.0582725 -0.0977628 0.0337984 -0.124948 10116.4 2397.12 9405.67 2467.13 nan -4.90486 nan nan nan -2437.64 nan nan nan -0.0988574 nan nan
2 230 0.281806 0.0966133 10557.5 0.258145 0.233052 0.281806 0.226997 -0.0582725 -0.0977628 0.0966133 -0.124948 10116.4 2397.12 10557.5 2467.13 nan nan 229.966 nan nan nan 43478.8 nan nan nan 2.37121 nan
2 -100 0.296151 0.0708065 10543.2 0.252989 0.228397 0.296151 0.222463 -0.0582725 -0.0977628 0.0708065 -0.124948 10116.4 2397.12 10543.2 2467.13 nan nan -100.097 nan nan nan -538.123 nan nan nan -0.974181 nan
1 -45 0.230139 -0.122058 2387.03 0.254918 0.230139 0.290783 0.22416 -0.0582725 -0.122058 0.0708065 -0.124948 10116.4 2387.03 10543.2 2467.13 nan -44.9022 nan nan nan -380.91 nan nan nan -0.917113 nan nan
2 -100 0.292406 0.044989 10529.2 0.256342 0.225841 0.292406 0.225412 -0.0582725 -0.122058 0.044989 -0.124948 10116.4 2387.03 10529.2 2467.13 nan nan -100.071 nan nan nan -529.033 nan nan nan -0.974588 nan
2 -120 0.287076 0.0139977 10632 0.258273 0.227542 0.287076 0.22711 -0.0582725 -0.122058 0.0139977 -0.124948 10116.4 2387.03 10632 2467.13 nan nan -120.045 nan nan nan 3881.61 nan nan nan -1.16989 nan
1 -50 0.229514 -0.149102 2389.7 0.260511 0.229514 0.280898 0.229078 -0.0582725 -0.149102 0.0139977 -0.124948 10116.4 2389.7 10632 2467.13 nan -49.8779 nan nan nan 100.779 nan nan nan -1.02089 nan nan
3 -60 0.230487 -0.156881 2496.75 0.262114 0.224772 0.282627 0.230487 -0.0582725 -0.149102 0.0139977 -0.156881 10116.4 2389.7 10632 2496.75 nan nan nan -59.8751 nan nan nan 1117.89 nan nan nan -1.20545
0 1170 0.264005 0.249896 46115.1 0.264005 0.226394 0.284666 0.224935 0.249896 -0.149102 0.0139977 -0.156881 46115.1 2389.7 10632 2496.75 1170.06 nan nan nan 1.35892e+06 nan nan nan 11.6331 nan nan nan
0 -90 0.359333 0.238763 45109.3 0.359333 0.197071 0.247795 0.195801 0.238763 -0.149102 0.0139977 -0.156881 45109.3 2389.7 10632 2496.75 -90.2499 nan nan nan -37970.1 nan nan nan -0.420267 nan nan nan
2 270 0.249039 0.0833605 12281.3 0.356117 0.19806 0.249039 0.196784 0.238763 -0.149102 0.0833605 -0.156881 45109.3 2389.7 12281.3 2496.75 nan nan 269.986 nan nan nan 62260.4 nan nan nan 2.61839 nan
2 -90 0.264054 0.061827 12171 0.348997 0.1941 0.264054 0.19285 0.238763 -0.149102 0.061827 -0.156881 45109.3 2389.7 12171 2496.75 nan nan -90.0834 nan nan nan -4166.32 nan nan nan -0.812871 nan
1 30 0.195229 -0.132764 2350.47 0.351027 0.195229 0.259774 0.193971 0.238763 -0.132764 0.061827 -0.156881 45109.3 2350.47 12171 2496.75 nan 30.1491 nan nan nan -1480.73 nan nan nan 0.616741 nan nan
2 -110 0.258966 0.0353988 12169.4 0.349935 0.197731 0.258966 0.193368 0.238763 -0.132764 0.0353988 -0.156881 45109.3 2350.47 12169.4 2496.75 nan nan -110.062 nan nan nan -57.3596 nan nan nan -0.997641 nan
1 -35 0.199076 -0.151816 2320.41 0.352316 0.199076 0.253925 0.194683 0.238763 -0.151816 0.0353988 -0.156881 45109.3 2320.41 12169.4 2496.75 nan -34.8672 nan nan nan -1134.75 nan nan nan -0.719184 nan nan
2 -100 0.254902 0.0113766 12112.2 0.35367 0.195996 0.254902 0.195432 0.238763 -0.151816 0.0113766 -0.156881 45109.3 2320.41 12112.2 2496.75 nan nan -100.035 nan nan nan -2162.36 nan nan nan -0.906814 nan
1 35 0.197205 -0.132485 2291.68 0.355851 0.197205 0.250307 0.196637 0.238763 -0.132485 0.0113766 -0.156881 45109.3 2291.68 12112.2 2496.75 nan 35.1518 nan nan nan -1084.76 nan nan nan 0.729735 nan nan
2 -80 0.249365 -0.00788238 11960.9 0.354513 0.200225 0.249365 0.195898 0.238763 -0.132485 -0.00788238 -0.156881 45109.3 2291.68 11960.9 2496.75 nan nan -80.0114 nan nan nan -5710.34 nan nan nan -0.727011 nan
0 -110 0.35628 0.225013 44236.2 0.35628 0.201223 0.245622 0.196874 0.225013 -0.132485 -0.00788238 -0.156881 44236.2 2291.68 11960.9 2496.75 -110.239 nan nan nan -32956.7 nan nan nan -0.519041 nan nan nan
1 15 0.202386 -0.124111 2237.04 0.35256 0.202386 0.247042 0.198012 0.225013 -0.124111 -0.00788238 -0.156881 44236.2 2237.04 11960.9 2496.75 nan 15.1325 nan nan nan -2062.69 nan nan nan 0.316107 nan nan
2 525 0.246657 0.119286 18945.8 0.352011 0.203628 0.246657 0.197704 0.225013 -0.124111 0.119286 -0.156881 44236.2 2237.04 18945.8 2496.75 nan nan 525.008 nan nan nan 263672 nan nan nan 4.80047 nan
2 -110 0.277887 0.0980921 18765.1 0.337418 0.195187 0.277887 0.189508 0.225013 -0.124111 0.0980921 -0.156881 44236.2 2237.04 18765.1 2496.75 nan nan -110.119 nan nan nan -6819.5 nan nan nan -0.800032 nan
1 -40 0.196374 -0.146445 2219.9 0.33947 0.196374 0.273495 0.190661 0.225013 -0.146445 0.0980921 -0.156881 44236.2 2219.9 18765.1 2496.75 nan -39.8759 nan nan nan -646.949 nan nan nan -0.84309 nan nan
2 210 0.274698 0.138684 19435.2 0.340964 0.192839 0.274698 0.191499 0.225013 -0.146445 0.138684 -0.156881 44236.2 2219.9 19435.2 2496.75 nan nan 209.902 nan nan nan 25293.7 nan nan nan 1.53229 nan
2 -100 0.283458 0.119655 19185.9 0.336846 0.19051 0.283458 0.189187 0.225013 -0.146445 0.119655 -0.156881 44236.2 2219.9 19185.9 2496.75 nan nan -100.139 nan nan nan -9407.4 nan nan nan -0.718303 nan
2 335 0.279389 0.183701 21648.5 0.338758 0.191591 0.279389 0.190261 0.225013 -0.146445 0.183701 -0.156881 44236.2 2219.9 21648.5 2496.75 nan nan 334.88 nan nan nan 92958.9 nan nan nan 2.41768 nan
2 -110 0.294638 0.163863 21396.6 0.33159 0.187537 0.294638 0.186235 0.225013 -0.146445 0.163863 -0.156881 44236.2 2219.9 21396.6 2496.75 nan nan -110.184 nan nan nan -9508.04 nan nan nan -0.748865 nan
2 365 0.290317 0.229935 24355.9 0.333621 0.188686 0.290317 0.187376 0.225013 -0.146445 0.229935 -0.156881 44236.2 2219.9 24355.9 2496.75 nan nan 364.836 nan nan nan 111709 nan nan nan 2.49417 nan
2 -100 0.306641 0.212922 23976.8 0.325948 0.184346 0.306641 0.183066 0.225013 -0.146445 0.212922 -0.156881 44236.2 2219.9 23976.8 2496.75 nan nan -100.23 nan nan nan -14309.8 nan nan nan -0.642238 nan
2 -90 0.302722 0.197488 23557.2 0.32779 0.185388 0.302722 0.1841 0.225013 -0.146445 0.197488 -0.156881 44236.2 2219.9 23557.2 2496.75 nan nan -90.2129 nan nan nan -15838.4 nan nan nan -0.582604 nan
2 -100 0.299128 0.180195 23199.1 0.329479 0.186344 0.299128 0.185049 0.225013 -0.146445 0.180195 -0.156881 44236.2 2219.9 23199.1 2496.75 nan nan -100.197 nan nan nan -13517.7 nan nan nan -0.652822 nan
1 -55 0.187383 -0.177286 2240.8 0.331317 0.187383 0.295218 0.186082 0.225013 -0.177286 0.180195 -0.156881 44236.2 2240.8 23199.1 2496.75 nan -54.8536 nan nan nan 789.015 nan nan nan -1.16423 nan nan
0 -100 0.333197 0.212389 43330.5 0.333197 0.182772 0.296893 0.187137 0.212389 -0.177286 0.180195 -0.156881 43330.5 2240.8 23199.1 2496.75 -100.225 nan nan nan -34191.2 nan nan nan -0.476527 nan nan nan
2 340 0.298399 0.239297 25643.6 0.329816 0.183699 0.298399 0.188086 0.212389 -0.177286 0.239297 -0.156881 43330.5 2240.8 25643.6 2496.75 nan nan 339.82 nan nan nan 92278.4 nan nan nan 2.23107 nan
2 -100 0.31296 0.222715 25230.5 0.322971 0.179886 0.31296 0.184183 0.212389 -0.177286 0.222715 -0.156881 43330.5 2240.8 25230.5 2496.75 nan nan -100.239 nan nan nan -15595.7 nan nan nan -0.625962 nan
2 -100 0.309069 0.206 24828.2 0.3248 0.180905 0.309069 0.185226 0.212389 -0.177286 0.206 -0.156881 43330.5 2240.8 24828.2 2496.75 nan nan -100.223 nan nan nan -15185.9 nan nan nan -0.630962 nan
2 -90 0.305183 0.190835 24386.1 0.326627 0.181922 0.305183 0.186267 0.212389 -0.177286 0.190835 -0.156881 43330.5 2240.8 24386.1 2496.75 nan nan -90.206 nan nan nan -16691.1 nan nan nan -0.572483 nan
2 -110 0.301616 0.172142 24061.7 0.328304 0.182856 0.301616 0.187224 0.212389 -0.177286 0.172142 -0.156881 43330.5 2240.8 24061.7 2496.75 nan nan -110.191 nan nan nan -12244 nan nan nan -0.705626 nan
2 530 0.297428 0.262625 30860.7 0.330273 0.183953 0.297428 0.188346 0.212389 -0.177286 0.262625 -0.156881 43330.5 2240.8 30860.7 2496.75 nan nan 529.828 nan nan nan 256656 nan nan nan 3.41564 nan
2 -80 0.322108 0.250522 30213.8 0.318671 0.177491 0.322108 0.18173 0.212389 -0.177286 0.250522 -0.156881 43330.5 2240.8 30213.8 2496.75 nan nan -80.2626 nan nan nan -24418.6 nan nan nan -0.456889 nan
1 -50 0.178309 -0.205168 2247.2 0.32014 0.178309 0.318982 0.182568 0.212389 -0.205168 0.250522 -0.156881 43330.5 2247.2 30213.8 2496.75 nan -49.8227 nan nan nan 241.504 nan nan nan -1.05251 nan nan
2 -100 0.320549 0.235243 29679.7 0.321713 0.174273 0.320549 0.183465 0.212389 -0.205168 0.235243 -0.156881 43330.5 2247.2 29679.7 2496.75 nan nan -100.251 nan nan nan -20163.7 nan nan nan -0.576745 nan
1 -60 0.175228 -0.238582 2282.38 0.323477 0.175228 0.316824 0.184471 0.212389 -0.238582 0.235243 -0.156881 43330.5 2282.38 29679.7 2496.75 nan -59.7948 nan nan nan 1328.23 nan nan nan -1.26137 nan nan
2 -110 0.318635 0.218293 29215.4 0.325325 0.170515 0.318635 0.185525 0.212389 -0.238582 0.218293 -0.156881 43330.5 2282.38 29215.4 2496.75 nan nan -110.235 nan nan nan -17527.9 nan nan nan -0.639869 nan
3 -40 0.186621 -0.178005 2472.66 0.327246 0.171522 0.314611 0.186621 0.212389 -0.238582 0.218293 -0.178005 43330.5 2282.38 29215.4 2472.66 nan nan nan -39.8431 nan nan nan -909.272 nan nan nan -0.797381
2 645 0.31586 0.318224 39454.8 0.328546 0.172203 0.31586 0.183391 0.212389 -0.238582 0.318224 -0.178005 43330.5 2282.38 39454.8 2472.66 nan nan 644.782 nan nan nan 386528 nan nan nan 3.77231 nan
0 -80 0.314351 0.202182 42353.1 0.314351 0.164763 0.345419 0.175468 0.202182 -0.238582 0.318224 -0.178005 42353.1 2282.38 39454.8 2472.66 -80.2124 nan nan nan -36896.5 nan nan nan -0.385341 nan nan nan
3 195 0.176188 -0.0740263 3416.3 0.311539 0.165438 0.346836 0.176188 0.202182 -0.238582 0.318224 -0.0740263 42353.1 2282.38 39454.8 3416.3 nan nan nan 195.178 nan nan nan 35621.8 nan nan nan 3.92508
1 10 0.161974 -0.232905 2224.7 0.305014 0.161974 0.339572 0.193441 0.202182 -0.232905 0.318224 -0.0740263 42353.1 2224.7 39454.8 3416.3 nan 10.2386 nan nan nan -2177.55 nan nan nan 0.214312 nan nan
2 -80 0.3393 0.307512 38580.5 0.30477 0.162645 0.3393 0.193286 0.202182 -0.232905 0.307512 -0.0740263 42353.1 2224.7 38580.5 3416.3 nan nan -80.3182 nan nan nan -33003.7 nan nan nan -0.404357 nan
2 -120 0.336302 0.291287 37941.9 0.306153 0.163383 0.336302 0.194163 0.202182 -0.232905 0.291287 -0.0740263 42353.1 2224.7 37941.9 3416.3 nan nan -120.308 nan nan nan -24106.6 nan nan nan -0.612504 nan
2 -100 0.332249 0.277647 37203.2 0.308022 0.164381 0.332249 0.195348 0.202182 -0.232905 0.277647 -0.0740263 42353.1 2224.7 37203.2 3416.3 nan nan -100.291 nan nan nan -27883.5 nan nan nan -0.514877 nan
2 575 0.328719 0.356581 44967.7 0.309651 0.16525 0.328719 0.196381 0.202182 -0.232905 0.356581 -0.0740263 42353.1 2224.7 44967.7 3416.3 nan nan 574.722 nan nan nan 293103 nan nan nan 2.97967 nan
3 -50 0.189669 -0.0966541 3391.84 0.299067 0.159602 0.351663 0.189669 0.202182 -0.232905 0.356581 -0.0966541 42353.1 2224.7 44967.7 3391.84 nan nan nan -49.926 nan nan nan -923.702 nan nan nan -0.854178
3 -60 0.186177 -0.123902 3397.04 0.300355 0.160289 0.353179 0.186177 0.202182 -0.232905 0.356581 -0.123902 42353.1 2224.7 44967.7 3397.04 nan nan nan -59.9033 nan nan nan 196.575 nan nan nan -1.02857
3 -55 0.182092 -0.148843 3386.83 0.301863 0.161094 0.354952 0.182092 0.202182 -0.232905 0.356581 -0.148843 42353.1 2224.7 44967.7 3386.83 nan nan nan -54.8761 nan nan nan -385.657 nan nan nan -0.941527
3 -65 0.178391 -0.178363 3408.52 0.303229 0.161823 0.356558 0.178391 0.202182 -0.232905 0.356581 -0.178363 42353.1 2224.7 44967.7 3408.52 nan nan nan -64.8512 nan nan nan 818.846 nan nan nan -1.11435
2 -100 0.358403 0.344044 44043.3 0.304799 0.16266 0.358403 0.174138 0.202182 -0.232905 0.344044 -0.178363 42353.1 2224.7 44043.3 3408.52 nan nan -100.357 nan nan nan -34896.3 nan nan nan -0.473255 nan
2 -110 0.354915 0.330115 43199.1 0.306456 0.163545 0.354915 0.175084 0.202182 -0.232905 0.330115 -0.178363 42353.1 2224.7 43199.1 3408.52 nan nan -110.344 nan nan nan -31867.5 nan nan nan -0.525786 nan
1 0 0.164494 -0.232774 2165.77 0.308234 0.164494 0.351173 0.1761 0.202182 -0.232774 0.330115 -0.178363 42353.1 2165.77 43199.1 3408.52 nan 0.232905 nan nan nan -2224.64 nan nan nan 0.00493791 nan nan
2 -90 0.351209 0.318602 42270.9 0.308266 0.164406 0.351209 0.176118 0.202182 -0.232774 0.318602 -0.178363 42353.1 2165.77 42270.9 3408.52 nan nan -90.3301 nan nan nan -35039.6 nan nan nan -0.434606 nan
2 -100 0.347971 0.305677 41417.7 0.309804 0.165227 0.347971 0.176997 0.202182 -0.232774 0.305677 -0.178363 42353.1 2165.77 41417.7 3408.52 nan nan -100.319 nan nan nan -32207 nan nan nan -0.487934 nan
2 -100 0.344471 0.29262 40587 0.311467 0.166114 0.344471 0.177948 0.202182 -0.232774 0.29262 -0.178363 42353.1 2165.77 40587 3408.52 nan nan -100.306 nan nan nan -31356.4 nan nan nan -0.49287 nan
2 665 0.340968 0.380024 51216.4 0.313132 0.167002 0.340968 0.178898 0.202182 -0.232774 0.380024 -0.178363 42353.1 2165.77 51216.4 3408.52 nan nan 664.707 nan nan nan 401249 nan nan nan 3.29941 nan
0 -120 0.300349 0.186709 41613.9 0.300349 0.160184 0.367871 0.171596 0.186709 -0.232774 0.380024 -0.178363 41613.9 2165.77 51216.4 3408.52 -120.202 nan nan nan -27904.5 nan nan nan -0.584077 nan nan nan
1 -45 0.161031 -0.258257 2161.48 0.29665 0.161031 0.369816 0.172503 0.186709 -0.258257 0.380024 -0.178363 41613.9 2161.48 51216.4 3408.52 nan -44.7672 nan nan nan -161.661 nan nan nan -0.961954 nan nan
3 -60 0.173206 -0.205507 3413.02 0.29786 0.157611 0.371323 0.173206 0.186709 -0.258257 0.380024 -0.205507 41613.9 2161.48 51216.4 3413.02 nan nan nan -59.8216 nan nan nan 170.11 nan nan nan -1.02465
2 -110 0.373051 0.367103 50182.4 0.299245 0.158344 0.373051 0.16936 0.186709 -0.258257 0.367103 -0.205507 41613.9 2161.48 50182.4 3413.02 nan nan -110.38 nan nan nan -39032.6 nan nan nan -0.487737 nan
2 -100 0.369383 0.355235 49119.9 0.300996 0.15927 0.369383 0.170351 0.186709 -0.258257 0.355235 -0.205507 41613.9 2161.48 49119.9 3413.02 nan nan -100.367 nan nan nan -40108.8 nan nan nan -0.448039 nan
2 -100 0.36595 0.343239 48085.4 0.302634 0.160138 0.36595 0.171278 0.186709 -0.258257 0.343239 -0.205507 41613.9 2161.48 48085.4 3413.02 nan nan -100.355 nan nan nan -39048.7 nan nan nan -0.452805 nan
2 -90 0.362511 0.332325 47027.8 0.304276 0.161006 0.362511 0.172207 0.186709 -0.258257 0.332325 -0.205507 41613.9 2161.48 47027.8 3413.02 nan nan -90.3432 nan nan nan -39923.5 nan nan nan -0.411992 nan
2 -100 0.359314 0.320069 46048.7 0.305802 0.161813 0.359314 0.173071 0.186709 -0.258257 0.320069 -0.205507 41613.9 2161.48 46048.7 3413.02 nan nan -100.332 nan nan nan -36961.3 nan nan nan -0.462662 nan
2 625 0.355865 0.397185 55166.2 0.307448 0.162685 0.355865 0.174003 0.186709 -0.258257 0.397185 -0.205507 41613.9 2161.48 55166.2 3413.02 nan nan 624.68 nan nan nan 344176 nan nan nan 2.91104 nan
2 -100 0.379522 0.385861 53971.8 0.296156 0.15671 0.379522 0.167612 0.186709 -0.258257 0.385861 -0.205507 41613.9 2161.48 53971.8 3413.02 nan nan -100.397 nan nan nan -45086.6 nan nan nan -0.42745 nan
1 -55 0.157566 -0.289448 2183.61 0.297775 0.157566 0.37613 0.168528 0.186709 -0.289448 0.385861 -0.205507 41613.9 2183.61 53971.8 3413.02 nan -54.7417 nan nan nan 835.176 nan nan nan -1.17745 nan nan
1 -15 0.153508 -0.297788 2131.49 0.29921 0.153508 0.377942 0.16934 0.186709 -0.297788 0.385861 -0.205507 41613.9 2131.49 53971.8 3413.02 nan -14.7106 nan nan nan -1967.21 nan nan nan -0.314805 nan nan
1 -50 0.152339 -0.326306 2140.47 0.299623 0.152339 0.378464 0.169574 0.186709 -0.326306 0.385861 -0.205507 41613.9 2140.47 53971.8 3413.02 nan -49.7022 nan nan nan 338.816 nan nan nan -1.07655 nan nan
3 -50 0.1703 -0.228086 3388.29 0.300907 0.148708 0.380085 0.1703 0.186709 -0.326306 0.385861 -0.228086 41613.9 2140.47 53971.8 3388.29 nan nan nan -49.7945 nan nan nan -933.533 nan nan nan -0.852338
2 -100 0.381552 0.374415 52809 0.302068 0.149282 0.381552 0.167098 0.186709 -0.326306 0.374415 -0.228086 41613.9 2140.47 52809 3388.29 nan nan -100.386 nan nan nan -43894.5 nan nan nan -0.432105 nan
2 650 0.378135 0.449301 62589.5 0.303737 0.150107 0.378135 0.168021 0.186709 -0.326306 0.449301 -0.228086 41613.9 2140.47 62589.5 3388.29 nan nan 649.626 nan nan nan 369204 nan nan nan 2.82689 nan
1 -60 0.144385 -0.360475 2178.1 0.292159 0.144385 0.401839 0.161617 0.186709 -0.360475 0.449301 -0.228086 41613.9 2178.1 62589.5 3388.29 nan -59.6737 nan nan nan 1420.48 nan nan nan -1.28982 nan nan
0 -150 0.25 -0.0264907 22500 0.25 0.25 0.25 0.25 -0.0264907 0 0 0 22500 1 1 1 -150 nan nan nan 0 nan nan nan -1 nan nan nan
3 -40 0.239963 -0.0264907 1600 0.28011 0.239963 0.239963 0.239963 -0.0264907 0 0 -0.0264907 22500 1 1 1600 nan nan nan -40 nan nan nan 0 nan nan nan -1
2 -185 0.238751 -0.0264907 34225 0.278695 0.238751 0.238751 0.243802 -0.0264907 0 -0.0264907 -0.0264907 22500 1 34225 1600 nan nan -185 nan nan nan 0 nan nan nan -1 nan
1 -45 0.226937 -0.0264907 2025 0.264904 0.226937 0.276422 0.231737 -0.0264907 -0.0264907 -0.0264907 -0.0264907 22500 2025 34225 1600 nan -45 nan nan nan 0 nan nan nan -1 nan nan
0 -150 0.263268 -0.0529767 22499.8 0.263268 0.231711 0.274715 0.230306 -0.0529767 -0.0264907 -0.0264907 -0.0264907 22499.8 2025 34225 1600 -149.974 nan nan nan -7.94651 nan nan nan -0.999823 nan nan nan
1 -40 0.233316 -0.0500224 2013.69 0.258163 0.233316 0.276618 0.231902 -0.0529767 -0.0500224 -0.0264907 -0.0264907 22499.8 2013.69 34225 1600 nan -39.9735 nan nan nan -427.119 nan nan nan -0.8883 nan nan
2 80 0.278137 -0.0150315 33488 0.259581 0.229107 0.278137 0.233176 -0.0529767 -0.0500224 -0.0150315 -0.0264907 22499.8 2013.69 33488 1600 nan nan 80.0265 nan nan nan -27820.8 nan nan nan 0.432576 nan
3 -50 0.232589 -0.0595865 1623.77 0.258928 0.22853 0.279953 0.232589 -0.0529767 -0.0500224 -0.0150315 -0.0595865 22499.8 2013.69 33488 1623.77 nan nan nan -49.9735 nan nan nan 897.352 nan nan nan -1.24934
1 -135 0.230255 -0.129688 2442.78 0.260882 0.230255 0.282066 0.226797 -0.0529767 -0.129688 -0.0150315 -0.0595865 22499.8 2442.78 33488 1623.77 nan -134.95 nan nan nan 16197.8 nan nan nan -3.0073 nan nan
0 1440 0.265246 0.201345 76838.9 0.265246 0.217379 0.286784 0.230591 0.201345 -0.129688 -0.0150315 -0.0595865 76838.9 2442.78 33488 1623.77 1440.05 nan nan nan 2.05125e+06 nan nan nan 9.6004 nan nan nan
2 -75 0.252889 -0.0258863 32749.8 0.352086 0.191687 0.252889 0.203338 0.201345 -0.129688 -0.0258863 -0.0595865 76838.9 2442.78 32749.8 1623.77 nan nan -74.985 nan nan nan -27865.3 nan nan nan -0.40976 nan
2 207 0.25038 0.00441865 33017.7 0.353268 0.192331 0.25038 0.20402 0.201345 -0.129688 0.00441865 -0.0595865 76838.9 2442.78 33017.7 1623.77 nan nan 207.026 nan nan nan 10109.9 nan nan nan 1.14398 nan
3 -137 0.202414 -0.149611 2077.53 0.350487 0.190817 0.256282 0.202414 0.201345 -0.129688 0.00441865 -0.149611 76838.9 2442.78 33017.7 2077.53 nan nan nan -136.94 nan nan nan 17128.9 nan nan nan -3.39836
1 -45 0.193966 -0.153738 2431.4 0.356271 0.193966 0.260511 0.189252 0.201345 -0.153738 0.00441865 -0.149611 76838.9 2431.4 33017.7 2077.53 nan -44.8703 nan nan nan -429.432 nan nan nan -0.907856 nan nan
0 -135 0.35793 0.188424 75287.6 0.35793 0.190212 0.261725 0.190134 0.188424 -0.153738 0.00441865 -0.149611 75287.6 2431.4 33017.7 2077.53 -135.201 nan nan nan -58559.5 nan nan nan -0.487742 nan nan nan
2 -83 0.263252 -0.00768236 32325.5 0.354183 0.191322 0.263252 0.191243 0.188424 -0.153738 -0.00768236 -0.149611 75287.6 2431.4 32325.5 2077.53 nan nan -83.0044 nan nan nan -26127.9 nan nan nan -0.456802 nan
2 133 0.260463 0.011915 31937.8 0.355524 0.192046 0.260463 0.191967 0.188424 -0.153738 0.011915 -0.149611 75287.6 2431.4 31937.8 2077.53 nan nan 133.008 nan nan nan -14634.5 nan nan nan 0.739782 nan
3 42 0.191049 -0.125114 2069.56 0.353824 0.191127 0.264 0.191049 0.188424 -0.153738 0.011915 -0.125114 75287.6 2431.4 31937.8 2069.56 nan nan nan 42.1496 nan nan nan -300.938 nan nan nan 0.924741
1 -50 0.19023 -0.180517 2432.81 0.352163 0.19023 0.26276 0.194847 0.188424 -0.180517 0.011915 -0.125114 75287.6 2432.81 31937.8 2069.56 nan -49.8463 nan nan nan 53.2491 nan nan nan -1.01089 nan nan
3 40 0.195831 -0.101749 2057.38 0.353941 0.186142 0.264087 0.195831 0.188424 -0.180517 0.011915 -0.101749 75287.6 2432.81 31937.8 2057.38 nan nan nan 40.1251 nan nan nan -459.531 nan nan nan 0.882018
2 185 0.262878 0.0393361 31998.3 0.352321 0.18529 0.262878 0.199511 0.188424 -0.180517 0.0393361 -0.101749 75287.6 2432.81 31998.3 2057.38 nan nan 184.988 nan nan nan 2282.76 nan nan nan 1.03512 nan
3 -135 0.198052 -0.180534 2484.95 0.349746 0.183935 0.268267 0.198052 0.188424 -0.180517 0.0393361 -0.180534 75287.6 2432.81 31998.3 2484.95 nan nan nan -134.898 nan nan nan 16140.2 nan nan nan -2.97405
3 -50 0.186664 -0.207009 2484.87 0.354712 0.186548 0.272076 0.186664 0.188424 -0.180517 0.0393361 -0.207009 75287.6 2432.81 31998.3 2484.87 nan nan nan -49.8195 nan nan nan -2.9676 nan nan nan -0.999403
3 45 0.182677 -0.182985 2473.18 0.356451 0.187462 0.27341 0.182677 0.188424 -0.180517 0.0393361 -0.182985 75287.6 2432.81 31998.3 2473.18 nan nan nan 45.207 nan nan nan -441.195 nan nan nan 0.906889
2 -90 0.272208 0.026002 31365.4 0.354884 0.186638 0.272208 0.18627 0.188424 -0.180517 0.026002 -0.182985 75287.6 2432.81 31365.4 2473.18 nan nan -90.0393 nan nan nan -23891.2 nan nan nan -0.503349 nan
2 245 0.269149 0.0626448 32124.3 0.356376 0.187422 0.269149 0.187053 0.188424 -0.180517 0.0626448 -0.182985 75287.6 2432.81 32124.3 2473.18 nan nan 244.974 nan nan nan 28646.9 nan nan nan 1.38323 nan
0 -162 0.352579 0.172765 73990 0.352579 0.185425 0.276936 0.18506 0.172765 -0.180517 0.0626448 -0.182985 73990 2432.81 32124.3 2473.18 -162.188 nan nan nan -48982.5 nan nan nan -0.591096 nan nan nan
0 -150 0.348357 0.15814 72627.4 0.348357 0.186635 0.278742 0.186267 0.15814 -0.180517 0.0626448 -0.182985 72627.4 2432.81 32124.3 2473.18 -150.173 nan nan nan -51438.2 nan nan nan -0.552083 nan nan nan
1 -135 0.187781 -0.252926 2849.87 0.344353 0.187781 0.280454 0.187411 0.15814 -0.252926 0.0626448 -0.182985 72627.4 2849.87 32124.3 2473.18 nan -134.819 nan nan nan 15743.5 nan nan nan -2.73337 nan nan
3 -48 0.189736 -0.208456 2468.23 0.348624 0.177707 0.283933 0.189736 0.15814 -0.252926 0.0626448 -0.208456 72627.4 2849.87 32124.3 2468.23 nan nan nan -47.817 nan nan nan -186.714 nan nan nan -0.961512
2 -167 0.285298 0.0379528 32012.6 0.3503 0.178561 0.285298 0.185842 0.15814 -0.252926 0.0379528 -0.208456 72627.4 2849.87 32012.6 2468.23 nan nan -167.063 nan nan nan -4214.36 nan nan nan -0.9321 nan
2 -220 0.280213 0.00537433 32447.2 0.352792 0.179831 0.280213 0.187164 0.15814 -0.252926 0.00537433 -0.208456 72627.4 2849.87 32447.2 2468.23 nan nan -220.038 nan nan nan 16404.1 nan nan nan -1.22981 nan
2 -180 0.273982 -0.0210979 32446 0.355846 0.181388 0.273982 0.188784 0.15814 -0.252926 -0.0210979 -0.208456 72627.4 2849.87 32446 2468.23 nan nan -180.005 nan nan nan -45.2626 nan nan nan -0.999302 nan
2 355 0.268747 0.0311137 34925.4 0.358412 0.182696 0.268747 0.190145 0.15814 -0.252926 0.0311137 -0.208456 72627.4 2849.87 34925.4 2468.23 nan nan 355.021 nan nan nan 93594 nan nan nan 1.97094 nan
3 83 0.187015 -0.164088 2586.26 0.352511 0.179688 0.280787 0.187015 0.15814 -0.252926 0.0311137 -0.164088 72627.4 2849.87 34925.4 2586.26 nan nan nan 83.2085 nan nan nan 4455.41 nan nan nan 1.67484
3 53 0.194077 -0.136395 2592.62 0.349448 0.178127 0.278348 0.194077 0.15814 -0.252926 0.0311137 -0.136395 72627.4 2849.87 34925.4 2592.62 nan nan nan 53.1641 nan nan nan 240.159 nan nan nan 1.0454
0 -60 0.347549 0.152227 70799.3 0.347549 0.177158 0.276835 0.198458 0.152227 -0.252926 0.0311137 -0.136395 70799.3 2849.87 34925.4 2592.62 -60.1581 nan nan nan -69008.4 nan nan nan -0.223226 nan nan nan
2 -135 0.277802 0.0119731 34483.2 0.34527 0.177777 0.277802 0.199151 0.152227 -0.252926 0.0119731 -0.136395 70799.3 2849.87 34483.2 2592.62 nan nan -135.031 nan nan nan -16692 nan nan nan -0.722542 nan
2 -60 0.273691 0.003412 33665.1 0.347236 0.178789 0.273691 0.200284 0.152227 -0.252926 0.003412 -0.136395 70799.3 2849.87 33665.1 2592.62 nan nan -60.012 nan nan nan -30881.7 nan nan nan -0.323172 nan
2 -75 0.271459 -0.0074169 32922.3 0.348302 0.179338 0.271459 0.2009 0.152227 -0.252926 -0.0074169 -0.136395 70799.3 2849.87 32922.3 2592.62 nan nan -75.0034 nan nan nan -28039.6 nan nan nan -0.408781 nan
2 -250 0.268836 -0.0439154 33705.8 0.349557 0.179984 0.268836 0.201623 0.152227 -0.252926 -0.0439154 -0.136395 70799.3 2849.87 33705.8 2592.62 nan nan -249.993 nan nan nan 29574 nan nan nan -1.37779 nan
3 -60 0.203446 -0.167539 2618.88 0.352716 0.181611 0.262227 0.203446 0.152227 -0.252926 -0.0439154 -0.167539 70799.3 2849.87 33705.8 2618.88 nan nan nan -59.8636 nan nan nan 991.028 nan nan nan -1.17569
1 -40 0.18274 -0.272649 2816.22 0.354908 0.18274 0.263857 0.198495 0.152227 -0.272649 -0.0439154 -0.167539 70799.3 2816.22 33705.8 2618.88 nan -39.7471 nan nan nan -1270.04 nan nan nan -0.744548 nan nan
0 -170 0.356204 0.135287 69690.8 0.356204 0.179756 0.26482 0.199219 0.135287 -0.272649 -0.0439154 -0.167539 69690.8 2816.22 33705.8 2618.88 -170.152 nan nan nan -41847.6 nan nan nan -0.639474 nan nan nan
2 685 0.266653 0.0549307 45244.6 0.351749 0.181 0.266653 0.200598 0.135287 -0.272649 0.0549307 -0.167539 69690.8 2816.22 45244.6 2618.88 nan nan 685.044 nan nan nan 435579 nan nan nan 3.73135 nan
3 -45 0.193196 -0.190747 2602.75 0.33877 0.174321 0.293713 0.193196 0.135287 -0.272649 0.0549307 -0.190747 69690.8 2816.22 45244.6 2602.75 nan nan nan -44.8325 nan nan nan -608.927 nan nan nan -0.876062
1 455 0.175103 -0.0453849 8232.43 0.34029 0.175103 0.295031 0.189575 0.135287 -0.0453849 0.0549307 -0.190747 69690.8 8232.43 45244.6 2602.75 nan 455.273 nan nan nan 204457 nan nan nan 8.57903 nan nan
1 -155 0.218093 -0.0906261 8650.41 0.322556 0.218093 0.279656 0.179695 0.135287 -0.0906261 0.0549307 -0.190747 69690.8 8650.41 45244.6 2602.75 nan -154.955 nan nan nan 15778.5 nan nan nan -1.70781 nan nan
2 -165 0.282215 0.0343747 44767.7 0.325508 0.210936 0.282215 0.18134 0.135287 -0.0906261 0.0343747 -0.190747 69690.8 8650.41 44767.7 2602.75 nan nan -165.055 nan nan nan -18001.4 nan nan nan -0.775971 nan
1 -60 0.212235 -0.10769 8516.34 0.327512 0.212235 0.277796 0.182457 0.135287 -0.10769 0.0343747 -0.190747 69690.8 8516.34 44767.7 2602.75 nan -59.9094 nan nan nan -5061.28 nan nan nan -0.644134 nan nan
3 -45 0.183148 -0.214014 2586.99 0.328753 0.209251 0.278848 0.183148 0.135287 -0.10769 0.0343747 -0.214014 69690.8 8516.34 44767.7 2586.99 nan nan nan -44.8093 nan nan nan -594.876 nan nan nan -0.878318
1 -45 0.210143 -0.120576 8344.12 0.330155 0.210143 0.280037 0.179665 0.135287 -0.120576 0.0343747 -0.214014 69690.8 8344.12 44767.7 2586.99 nan -44.8923 nan nan nan -6501.02 nan nan nan -0.486458 nan nan
2 335 0.280859 0.0763131 46554.1 0.331124 0.207824 0.280859 0.180192 0.135287 -0.120576 0.0763131 -0.214014 69690.8 8344.12 46554.1 2586.99 nan nan 334.966 nan nan nan 67434.3 nan nan nan 1.58313 nan
1 -158 0.205051 -0.166362 8783.38 0.326706 0.205051 0.290454 0.177788 0.135287 -0.166362 0.0763131 -0.214014 69690.8 8783.38 46554.1 2586.99 nan -157.879 nan nan nan 16581.8 nan nan nan -1.72836 nan nan
3 -135 0.179332 -0.284215 2999.72 0.329544 0.198147 0.292976 0.179332 0.135287 -0.166362 0.0763131 -0.284215 69690.8 8783.38 46554.1 2999.72 nan nan nan -134.786 nan nan nan 15580.3 nan nan nan -2.65001
0 -83 0.333331 0.126944 68027.7 0.333331 0.200424 0.296343 0.169901 0.126944 -0.166362 0.0763131 -0.284215 68027.7 8783.38 46554.1 2999.72 -83.1353 nan nan nan -62779.3 nan nan nan -0.314918 nan nan nan
2 -90 0.297546 0.0652538 45535.8 0.330626 0.201237 0.297546 0.170591 0.126944 -0.166362 0.0652538 -0.284215 68027.7 8783.38 45535.8 2999.72 nan nan -90.0763 nan nan nan -38440.3 nan nan nan -0.417476 nan
2 420 0.294639 0.117385 49001 0.331994 0.20207 0.294639 0.171297 0.126944 -0.166362 0.117385 -0.284215 68027.7 8783.38 49001 2999.72 nan nan 419.935 nan nan nan 130809 nan nan nan 1.96791 nan
3 59 0.168137 -0.255541 3013.36 0.325871 0.198343 0.307649 0.168137 0.126944 -0.166362 0.117385 -0.255541 68027.7 8783.38 49001 3013.36 nan nan nan 59.2842 nan nan nan 514.899 nan nan nan 1.08243
3 82 0.172208 -0.215846 3112.77 0.324277 0.197372 0.306144 0.172208 0.126944 -0.166362 0.117385 -0.215846 68027.7 8783.38 49001 3112.77 nan nan nan 82.2555 nan nan nan 3752.61 nan nan nan 1.49844
3 -135 0.1781 -0.279843 3511.56 0.321968 0.195967 0.303964 0.1781 0.126944 -0.166362 0.117385 -0.279843 68027.7 8783.38 49001 3511.56 nan nan nan -134.784 nan nan nan 15054 nan nan nan -2.41582
2 -165 0.307139 0.0976253 48425.2 0.325331 0.198014 0.307139 0.169517 0.126944 -0.166362 0.0976253 -0.279843 68027.7 8783.38 48425.2 3511.56 nan nan -165.117 nan nan nan -21737.2 nan nan nan -0.745917 nan
1 -50 0.199307 -0.180448 8616.49 0.327455 0.199307 0.302615 0.170623 0.126944 -0.180448 0.0976253 -0.279843 68027.7 8616.49 48425.2 3511.56 nan -49.8336 nan nan nan -6299.99 nan nan nan -0.531731 nan nan
1 -45 0.196896 -0.193239 8441.45 0.328441 0.196896 0.303526 0.171137 0.126944 -0.193239 0.0976253 -0.279843 68027.7 8441.45 48425.2 3511.56 nan -44.8196 nan nan nan -6607.7 nan nan nan -0.482839 nan nan
2 410 0.304356 0.14697 51593.3 0.329339 0.194701 0.304356 0.171605 0.126944 -0.193239 0.14697 -0.279843 68027.7 8441.45 51593.3 3511.56 nan nan 409.902 nan nan nan 119595 nan nan nan 1.86271 nan
3 -142 0.168544 -0.343197 3950.59 0.323464 0.191228 0.316764 0.168544 0.126944 -0.193239 0.14697 -0.343197 68027.7 8441.45 51593.3 3950.59 nan nan nan -141.72 nan nan nan 16573 nan nan nan -2.39156
3 79 0.160439 -0.309756 4012.71 0.326617 0.193092 0.319852 0.160439 0.126944 -0.193239 0.14697 -0.309756 68027.7 8441.45 51593.3 4012.71 nan nan nan 79.3432 nan nan nan 2344.75 nan nan nan 1.26235
1 -168 0.192025 -0.241622 8963.79 0.324813 0.192025 0.318085 0.165077 0.126944 -0.241622 0.14697 -0.309756 68027.7 8963.79 51593.3 4012.71 nan -167.807 nan nan nan 19717.7 nan nan nan -1.82642 nan nan
2 -150 0.320794 0.129459 50823.8 0.327579 0.185143 0.320794 0.166483 0.126944 -0.241622 0.129459 -0.309756 68027.7 8963.79 50823.8 4012.71 nan nan -150.147 nan nan nan -29049.2 nan nan nan -0.661028 nan
2 -135 0.316543 0.11358 49961.1 0.329629 0.186302 0.316543 0.167525 0.126944 -0.241622 0.11358 -0.309756 68027.7 8963.79 49961.1 4012.71 nan nan -135.129 nan nan nan -32563.8 nan nan nan -0.5994 nan
3 -50 0.168488 -0.330536 3971.81 0.331524 0.187372 0.312616 0.168488 0.126944 -0.241622 0.11358 -0.330536 68027.7 8963.79 49961.1 3971.81 nan nan nan -49.6902 nan nan nan -1543.58 nan nan nan -0.784427
2 -250 0.313723 0.0839377 50294.8 0.332698 0.188036 0.313723 0.165542 0.126944 -0.241622 0.0839377 -0.330536 68027.7 8963.79 50294.8 3971.81 nan nan -250.114 nan nan nan 12595.7 nan nan nan -1.11898 nan
2 615 0.30757 0.156573 58979.2 0.335681 0.189722 0.30757 0.167027 0.126944 -0.241622 0.156573 -0.330536 68027.7 8963.79 58979.2 3971.81 nan nan 614.916 nan nan nan 327827 nan nan nan 2.74192 nan
2 -75 0.328217 0.148375 57566.4 0.325672 0.184065 0.328217 0.162046 0.126944 -0.241622 0.148375 -0.330536 68027.7 8963.79 57566.4 3971.81 nan nan -75.1566 nan nan nan -53330.7 nan nan nan -0.309469 nan
2 -250 0.32563 0.120756 57699.1 0.326926 0.184774 0.32563 0.16267 0.126944 -0.241622 0.120756 -0.330536 68027.7 8963.79 57699.1 3971.81 nan nan -250.148 nan nan nan 5007.81 nan nan nan -1.04259 nan
2 -237 0.319667 0.0946056 57660 0.329817 0.186408 0.319667 0.164109 0.126944 -0.241622 0.0946056 -0.330536 68027.7 8963.79 57660 3971.81 nan nan -237.121 nan nan nan -1472.81 nan nan nan -0.987155 nan
2 -165 0.313986 0.0763923 56854.6 0.332571 0.187964 0.313986 0.165479 0.126944 -0.241622 0.0763923 -0.330536 68027.7 8963.79 56854.6 3971.81 nan nan -165.095 nan nan nan -30403.8 nan nan nan -0.687536 nan
2 700 0.309638 0.154153 68326.1 0.334678 0.189156 0.309638 0.166528 0.126944 -0.241622 0.154153 -0.330536 68027.7 8963.79 68326.1 3971.81 nan nan 699.924 nan nan nan 433038 nan nan nan 2.9354 nan
3 -43 0.160973 -0.348472 3914.83 0.323514 0.182845 0.332668 0.160973 0.126944 -0.241622 0.154153 -0.348472 68027.7 8963.79 68326.1 3914.83 nan nan nan -42.6695 nan nan nan -2151.13 nan nan nan -0.677053
3 -60 0.158491 -0.373728 3905.39 0.324471 0.183386 0.333652 0.158491 0.126944 -0.241622 0.154153 -0.373728 68027.7 8963.79 68326.1 3905.39 nan nan nan -59.6515 nan nan nan -356.525 nan nan nan -0.953378
2 -120 0.334981 0.141976 66898.6 0.325763 0.184117 0.334981 0.15514 0.126944 -0.241622 0.141976 -0.373728 68027.7 8963.79 66898.6 3905.39 nan nan -120.154 nan nan nan -53889.1 nan nan nan -0.459669 nan
3 -50 0.155944 -0.394764 3867.17 0.327452 0.185071 0.331533 0.155944 0.126944 -0.241622 0.141976 -0.394764 68027.7 8963.79 66898.6 3867.17 nan nan nan -49.6263 nan nan nan -1442.62 nan nan nan -0.794108
2 -83 0.332632 0.133461 65309.5 0.328537 0.185684 0.332632 0.153147 0.126944 -0.241622 0.133461 -0.394764 68027.7 8963.79 65309.5 3867.17 nan nan -83.142 nan nan nan -59986 nan nan nan -0.321449 nan
2 -165 0.329913 0.116343 64301.8 0.329875 0.186441 0.329913 0.153771 0.126944 -0.241622 0.116343 -0.394764 68027.7 8963.79 64301.8 3867.17 nan nan -165.133 nan nan nan -38040.4 nan nan nan -0.64617 nan
2 960 0.325611 0.21662 87006.3 0.331993 0.187638 0.325611 0.154758 0.126944 -0.241622 0.21662 -0.394764 68027.7 8963.79 87006.3 3867.17 nan nan 959.884 nan nan nan 857075 nan nan nan 3.78536 nan
3 135 0.146979 -0.337088 4250.35 0.315305 0.178206 0.35951 0.146979 0.126944 -0.241622 0.21662 -0.337088 68027.7 8963.79 87006.3 4250.35 nan nan nan 135.395 nan nan nan 14464.6 nan nan nan 2.17723
1 -41 0.176565 -0.253026 8770.34 0.312401 0.176565 0.356198 0.154836 0.126944 -0.253026 0.21662 -0.337088 68027.7 8770.34 87006.3 4250.35 nan -40.7584 nan nan nan -7302.54 nan nan nan -0.430498 nan nan
1 -45 0.174732 -0.265683 8591.05 0.313096 0.174732 0.356991 0.155181 0.126944 -0.265683 0.21662 -0.337088 68027.7 8591.05 87006.3 4250.35 nan -44.747 nan nan nan -6768.04 nan nan nan -0.47781 nan nan
1 -45 0.172748 -0.278469 8416.47 0.313849 0.172748 0.357849 0.155554 0.126944 -0.278469 0.21662 -0.337088 68027.7 8416.47 87006.3 4250.35 nan -44.7343 nan nan nan -6589.89 nan nan nan -0.482634 nan nan
2 -90 0.358707 0.208518 84917 0.314601 0.170765 0.358707 0.155927 0.126944 -0.278469 0.208518 -0.337088 68027.7 8416.47 84917 4250.35 nan nan -90.2166 nan nan nan -78867.2 nan nan nan -0.305852 nan
2 -180 0.355851 0.192136 83527.8 0.316002 0.171525 0.355851 0.156621 0.126944 -0.278469 0.192136 -0.337088 68027.7 8416.47 83527.8 4250.35 nan nan -180.209 nan nan nan -52441.9 nan nan nan -0.618412 nan
2 -250 0.351441 0.169203 82973.3 0.318165 0.1727 0.351441 0.157694 0.126944 -0.278469 0.169203 -0.337088 68027.7 8416.47 82973.3 4250.35 nan nan -250.192 nan nan nan -20931.7 nan nan nan -0.865681 nan
2 700 0.345968 0.233563 93749.5 0.320851 0.174157 0.345968 0.159024 0.126944 -0.278469 0.233563 -0.337088 68027.7 8416.47 93749.5 4250.35 nan nan 699.831 nan nan nan 406790 nan nan nan 2.42954 nan
3 -130 0.154209 -0.389774 4583.13 0.311135 0.168884 0.365772 0.154209 0.126944 -0.278469 0.233563 -0.389774 68027.7 8416.47 93749.5 4583.13 nan nan nan -129.663 nan nan nan 12562.1 nan nan nan -1.98886
3 -127 0.147845 -0.439317 4886.36 0.313476 0.170154 0.368524 0.147845 0.126944 -0.278469 0.233563 -0.439317 68027.7 8416.47 93749.5 4886.36 nan nan nan -126.61 nan nan nan 11447 nan nan nan -1.8702
3 -125 0.142038 -0.486521 5167.93 0.315613 0.171314 0.371036 0.142038 0.126944 -0.278469 0.233563 -0.486521 68027.7 8416.47 93749.5 5167.93 nan nan nan -124.561 nan nan nan 10629 nan nan nan -1.78192
1 -158 0.172386 -0.324012 8852.5 0.317588 0.172386 0.373358 0.136667 0.126944 -0.324012 0.233563 -0.486521 68027.7 8852.5 93749.5 5167.93 nan -157.722 nan nan nan 16459.6 nan nan nan -1.7192 nan nan
2 -210 0.376068 0.215374 92436.8 0.319893 0.166381 0.376068 0.137658 0.126944 -0.324012 0.215374 -0.486521 68027.7 8852.5 92436.8 5167.93 nan nan -210.234 nan nan nan -49551.3 nan nan nan -0.686622 nan
2 -165 0.371199 0.200979 90711.2 0.322389 0.167679 0.371199 0.138733 0.126944 -0.324012 0.200979 -0.486521 68027.7 8852.5 90711.2 5167.93 nan nan -165.215 nan nan nan -65140.7 nan nan nan -0.54341 nan
2 -235 0.367039 0.180292 89773.6 0.324522 0.168788 0.367039 0.13965 0.126944 -0.324012 0.180292 -0.486521 68027.7 8852.5 89773.6 5167.93 nan nan -235.201 nan nan nan -35391.7 nan nan nan -0.780924 nan
