1 100 0.25 0.00431408 10000 0.25 0.25 0.25 0.25 0 0.00431408 0 0 1 10000 1 1 nan 100 nan nan nan 0 nan nan nan 1 nan nan
0 100 0.231493 0.00431408 10000 0.231493 0.305521 0.231493 0.231493 0.00431408 0.00431408 0 0 10000 10000 1 1 100 nan nan nan 0 nan nan nan 1 nan nan nan
2 50 0.215537 0.00431408 2500 0.284463 0.284463 0.215537 0.215537 0.00431408 0.00431408 0.00431408 0 10000 10000 2500 1 nan nan 50 nan nan nan 0 nan nan nan 1 nan
3 50 0.2088 0.00431408 2500 0.27557 0.27557 0.240059 0.2088 0.00431408 0.00431408 0.00431408 0.00431408 10000 10000 2500 2500 nan nan nan 50 nan nan nan 0 nan nan nan 1
0 120 0.267217 0.00949079 10019 0.267217 0.267217 0.232783 0.232783 0.00949079 0.00431408 0.00431408 0.00431408 10019 10000 2500 2500 119.996 nan nan nan 4398.96 nan nan nan 1.19996 nan nan nan
1 80 0.266828 0.00776516 9984.47 0.268284 0.266828 0.232444 0.232444 0.00949079 0.00776516 0.00431408 0.00431408 10019 9984.47 2500 2500 nan 79.9957 nan nan nan -3600.69 nan nan nan 0.799957 nan nan
0 -70 0.268052 0.00647339 9996.9 0.268052 0.267462 0.232243 0.232243 0.00647339 0.00776516 0.00431408 0.00431408 9996.9 9984.47 2500 2500 -70.0095 nan nan nan -5117.65 nan nan nan -0.699432 nan nan nan
3 40 0.23245 0.00776497 2496.12 0.2674 0.2677 0.23245 0.23245 0.00647339 0.00776516 0.00431408 0.00776497 9996.9 9984.47 2500 2496.12 nan nan nan 39.9957 nan nan nan -900.345 nan nan nan 0.799914
2 60 0.232269 0.0094906 2504.74 0.267192 0.267492 0.232269 0.233047 0.00647339 0.00776516 0.0094906 0.00776497 9996.9 9984.47 2504.74 2496.12 nan nan 59.9957 nan nan nan 1099.48 nan nan nan 1.19991 nan
1 110 0.267162 0.012514 9993.59 0.266863 0.267162 0.233217 0.232759 0.00647339 0.012514 0.0094906 0.00776497 9996.9 9993.59 2504.74 2496.12 nan 109.992 nan nan nan 2113.83 nan nan nan 1.10078 nan nan
1 120 0.268117 0.017692 10012.6 0.266515 0.268117 0.232913 0.232456 0.00647339 0.017692 0.0094906 0.00776497 9996.9 10012.6 2504.74 2496.12 nan 119.987 nan nan nan 4403.41 nan nan nan 1.20026 nan nan
1 90 0.269186 0.0215715 10004.3 0.266125 0.269186 0.232572 0.232116 0.00647339 0.0215715 0.0094906 0.00776497 9996.9 10004.3 2504.74 2496.12 nan 89.9823 nan nan nan -1915.77 nan nan nan 0.899258 nan nan
0 90 0.265855 0.0103564 9988.71 0.265855 0.269927 0.232337 0.231881 0.0103564 0.0215715 0.0094906 0.00776497 9988.71 10004.3 2504.74 2496.12 89.9935 nan nan nan -1898.06 nan nan nan 0.900075 nan nan nan
3 45 0.231648 0.01165 2494.08 0.266592 0.269657 0.232103 0.231648 0.0103564 0.0215715 0.0094906 0.01165 9988.71 10004.3 2504.74 2494.08 nan nan nan 44.9922 nan nan nan -471.815 nan nan nan 0.900545
0 -190 0.266355 0.00215455 10101.4 0.266355 0.269417 0.231897 0.23233 0.00215455 0.0215715 0.0094906 0.01165 10101.4 10004.3 2504.74 2494.08 -190.01 nan nan nan 26115.2 nan nan nan -1.90118 nan nan nan
1 100 0.269894 0.0258837 10004.3 0.265057 0.269894 0.232308 0.232741 0.00215455 0.0258837 0.0094906 0.01165 10101.4 10004.3 2504.74 2494.08 nan 99.9784 nan nan nan -8.63128 nan nan nan 0.999569 nan nan
2 -10 0.232037 0.00862779 2494.37 0.264749 0.270744 0.232037 0.23247 0.00215455 0.0258837 0.00862779 0.01165 10101.4 10004.3 2494.37 2494.08 nan nan -10.0095 nan nan nan -2404.55 nan nan nan -0.2 nan
1 90 0.270816 0.0297644 9996.04 0.264819 0.270816 0.231832 0.232532 0.00215455 0.0297644 0.00862779 0.01165 10101.4 9996.04 2494.37 2494.08 nan 89.9741 nan nan nan -1908.94 nan nan nan 0.899549 nan nan
3 45 0.232295 0.0155363 2492.05 0.264549 0.271561 0.231596 0.232295 0.00215455 0.0297644 0.00862779 0.0155363 10101.4 9996.04 2494.37 2492.05 nan nan nan 44.9884 nan nan nan -470.129 nan nan nan 0.900834
1 120 0.271319 0.0349411 10015 0.264313 0.271319 0.231389 0.232978 0.00215455 0.0349411 0.00862779 0.0155363 10101.4 10015 2494.37 2492.05 nan 119.97 nan nan nan 4396.81 nan nan nan 1.19994 nan nan
1 -1140 0.272396 -0.0142041 15578.7 0.263923 0.272396 0.231047 0.232634 0.00215455 -0.0142041 0.00862779 0.0155363 10101.4 15578.7 2494.37 2492.05 nan -1140.03 nan nan nan 1.28966e+06 nan nan nan -11.3918 nan nan
3 55 0.231418 0.020288 2494.34 0.262543 0.276201 0.229839 0.231418 0.00215455 -0.0142041 0.00862779 0.020288 10101.4 15578.7 2494.37 2494.34 nan nan nan 54.9845 nan nan nan 531.239 nan nan nan 1.10144
2 55 0.229583 0.0133779 2496.65 0.26225 0.275892 0.229583 0.232275 0.00215455 -0.0142041 0.0133779 0.020288 10101.4 15578.7 2496.65 2494.34 nan nan 54.9914 nan nan nan 529.681 nan nan nan 1.10107 nan
0 100 0.26196 0.00644684 10100.9 0.26196 0.275587 0.230435 0.232018 0.00644684 -0.0142041 0.0133779 0.020288 10100.9 15578.7 2496.65 2494.34 99.9978 nan nan nan -101.805 nan nan nan 0.994948 nan nan nan
0 -120 0.262789 0.00129559 10119.5 0.262789 0.275277 0.230176 0.231757 0.00129559 -0.0142041 0.0133779 0.020288 10119.5 15578.7 2496.65 2494.34 -120.006 nan nan nan 4300.61 nan nan nan -1.19405 nan nan nan
2 5 0.230472 0.0138084 2485.99 0.261842 0.275631 0.230472 0.232055 0.00129559 -0.0142041 0.0138084 0.020288 10119.5 15578.7 2485.99 2494.34 nan nan 4.98662 nan nan nan -2471.79 nan nan nan 0.0997992 nan
3 60 0.232048 0.025469 2499.1 0.261833 0.275623 0.230496 0.232048 0.00129559 -0.0142041 0.0138084 0.025469 10119.5 15578.7 2485.99 2499.1 nan nan nan 59.9797 nan nan nan 1103.22 nan nan nan 1.20095
3 40 0.232996 0.0289187 2495.22 0.26151 0.275282 0.230212 0.232996 0.00129559 -0.0142041 0.0138084 0.0289187 10119.5 15578.7 2485.99 2495.22 nan nan nan 39.9745 nan nan nan -901.14 nan nan nan 0.799634
3 55 0.233594 0.0336662 2497.49 0.261306 0.275068 0.230032 0.233594 0.00129559 -0.0142041 0.0138084 0.0336662 10119.5 15578.7 2485.99 2497.49 nan nan nan 54.9711 nan nan nan 526.604 nan nan nan 1.10048
3 50 0.234456 0.0379795 2497.48 0.261012 0.274758 0.229773 0.234456 0.00129559 -0.0142041 0.0138084 0.0379795 10119.5 15578.7 2485.99 2497.48 nan nan nan 49.9663 nan nan nan -0.853122 nan nan nan 0.999829
3 -190 0.235231 0.0215745 2642.51 0.260748 0.27448 0.229541 0.235231 0.00129559 -0.0142041 0.0138084 0.0215745 10119.5 15578.7 2485.99 2642.51 nan nan nan -190.038 nan nan nan 33616.9 nan nan nan -3.80267
2 45 0.230211 0.0177008 2484 0.26151 0.275282 0.230211 0.232997 0.00129559 -0.0142041 0.0177008 0.0215745 10119.5 15578.7 2484 2642.51 nan nan 44.9862 nan nan nan -462.234 nan nan nan 0.902255 nan
1 80 0.275038 -0.0114385 15539.1 0.261278 0.275038 0.230892 0.232791 0.00129559 -0.0114385 0.0177008 0.0215745 10119.5 15539.1 2484 2642.51 nan 80.0142 nan nan nan -9176.46 nan nan nan 0.641064 nan nan
2 0 0.230744 0.0176993 2473.28 0.261111 0.275503 0.230744 0.232642 0.00129559 -0.0114385 0.0176993 0.0215745 10119.5 15539.1 2473.28 2642.51 nan nan -0.0177008 nan nan nan -2484 nan nan nan -0.000355155 nan
1 110 0.275522 -0.00763122 15524.3 0.261129 0.275522 0.230691 0.232658 0.00129559 -0.00763122 0.0176993 0.0215745 10119.5 15524.3 2473.28 2642.51 nan 110.011 nan nan nan -3436.63 nan nan nan 0.88252 nan nan
2 45 0.230459 0.0216013 2471.34 0.260867 0.276249 0.230459 0.232425 0.00129559 -0.00763122 0.0216013 0.0215745 10119.5 15524.3 2471.34 2642.51 nan nan 44.9823 nan nan nan -449.874 nan nan nan 0.904492 nan
1 100 0.276004 -0.00416852 15500.5 0.260635 0.276004 0.231142 0.232218 0.00129559 -0.00416852 0.0216013 0.0215745 10119.5 15500.5 2471.34 2642.51 nan 100.008 nan nan nan -5522.79 nan nan nan 0.802651 nan nan
3 55 0.232013 0.0261884 2644.15 0.260405 0.276644 0.230938 0.232013 0.00129559 -0.00416852 0.0216013 0.0261884 10119.5 15500.5 2471.34 2644.15 nan nan nan 54.9784 nan nan nan 380.117 nan nan nan 1.06951
1 90 0.276345 -0.00104978 15468.6 0.260123 0.276345 0.230688 0.232844 0.00129559 -0.00104978 0.0216013 0.0261884 10119.5 15468.6 2471.34 2644.15 nan 90.0042 nan nan nan -7399.74 nan nan nan 0.722919 nan nan
2 10 0.230512 0.0224673 2461.11 0.259924 0.276898 0.230512 0.232666 0.00129559 -0.00104978 0.0224673 0.0261884 10119.5 15468.6 2461.11 2644.15 nan nan 9.9784 nan nan nan -2371.77 nan nan nan 0.200722 nan
1 -1370 0.276861 -0.0485705 23498.9 0.259889 0.276861 0.230615 0.232635 0.00129559 -0.0485705 0.0224673 0.0261884 10119.5 23498.9 2461.11 2644.15 nan -1370 nan nan nan 1.86143e+06 nan nan nan -11.0153 nan nan
3 40 0.230541 0.0295421 2639.64 0.25755 0.283369 0.22854 0.230541 0.00129559 -0.0485705 0.0224673 0.0295421 10119.5 23498.9 2461.11 2639.64 nan nan nan 39.9738 nan nan nan -1046.24 nan nan nan 0.777378
2 -10 0.228369 0.0215957 2450.92 0.257358 0.283157 0.228369 0.231115 0.00129559 -0.0485705 0.0215957 0.0295421 10119.5 23498.9 2450.92 2639.64 nan nan -10.0225 nan nan nan -2360.66 nan nan nan -0.202027 nan
3 60 0.231176 0.0345777 2643.76 0.257426 0.283232 0.228166 0.231176 0.00129559 -0.0485705 0.0215957 0.0345777 10119.5 23498.9 2450.92 2643.76 nan nan nan 59.9705 nan nan nan 956.819 nan nan nan 1.16725
0 120 0.257119 0.00644178 10138 0.257119 0.282895 0.227894 0.232092 0.00644178 -0.0485705 0.0215957 0.0345777 10138 23498.9 2450.92 2643.76 119.999 nan nan nan 4280.2 nan nan nan 1.19288 nan nan nan
3 40 0.231769 0.037931 2639.25 0.258152 0.282501 0.227577 0.231769 0.00644178 -0.0485705 0.0215957 0.037931 10138 23498.9 2450.92 2639.25 nan nan nan 39.9654 nan nan nan -1046.53 nan nan nan 0.777272
2 55 0.227406 0.0263866 2453.39 0.257959 0.28229 0.227406 0.232345 0.00644178 -0.0485705 0.0263866 0.037931 10138 23498.9 2453.39 2639.25 nan nan 54.9784 nan nan nan 571.701 nan nan nan 1.11052 nan
0 -140 0.257673 0.000443026 10178.8 0.257673 0.281977 0.228261 0.232088 0.000443026 -0.0485705 0.0263866 0.037931 10178.8 23498.9 2453.39 2639.25 -140.006 nan nan nan 9463.85 nan nan nan -1.39051 nan nan nan
2 30 0.228581 0.0289972 2446.68 0.256634 0.282372 0.228581 0.232413 0.000443026 -0.0485705 0.0289972 0.037931 10178.8 23498.9 2446.68 2639.25 nan nan 29.9736 nan nan nan -1554.97 nan nan nan 0.60514 nan
2 -10 0.229009 0.0281225 2436.56 0.256492 0.282215 0.229009 0.232284 0.000443026 -0.0485705 0.0281225 0.037931 10178.8 23498.9 2436.56 2639.25 nan nan -10.029 nan nan nan -2346.1 nan nan nan -0.202754 nan
3 45 0.232346 0.0417066 2636.58 0.25656 0.28229 0.228804 0.232346 0.000443026 -0.0485705 0.0281225 0.0417066 10178.8 23498.9 2436.56 2636.58 nan nan nan 44.9621 nan nan nan -617.662 nan nan nan 0.875198
1 120 0.282047 -0.0451921 23459.7 0.256339 0.282047 0.228607 0.233007 0.000443026 -0.0451921 0.0281225 0.0417066 10178.8 23459.7 2436.56 2636.58 nan 120.049 nan nan nan -9087.26 nan nan nan 0.783129 nan nan
1 130 0.28266 -0.0415292 23431.5 0.25612 0.28266 0.228412 0.232808 0.000443026 -0.0415292 0.0281225 0.0417066 10178.8 23431.5 2436.56 2636.58 nan 130.045 nan nan nan -6547.96 nan nan nan 0.849049 nan nan
1 110 0.283352 -0.0384279 23382.6 0.255873 0.283352 0.228192 0.232584 0.000443026 -0.0384279 0.0281225 0.0417066 10178.8 23382.6 2436.56 2636.58 nan 110.042 nan nan nan -11322.3 nan nan nan 0.718881 nan nan
1 90 0.283892 -0.0358877 23316.7 0.25568 0.283892 0.22802 0.232408 0.000443026 -0.0358877 0.0281225 0.0417066 10178.8 23316.7 2436.56 2636.58 nan 90.0384 nan nan nan -15275.7 nan nan nan 0.588818 nan nan
1 100 0.284288 -0.0330614 23259.3 0.255538 0.284288 0.227894 0.23228 0.000443026 -0.0330614 0.0281225 0.0417066 10178.8 23259.3 2436.56 2636.58 nan 100.036 nan nan nan -13309.5 nan nan nan 0.655122 nan nan
1 120 0.284758 -0.029666 23221.1 0.255371 0.284758 0.227744 0.232127 0.000443026 -0.029666 0.0281225 0.0417066 10178.8 23221.1 2436.56 2636.58 nan 120.033 nan nan nan -8851.37 nan nan nan 0.78705 nan nan
1 -1630 0.285379 -0.0758112 34582.6 0.255149 0.285379 0.227546 0.231926 0.000443026 -0.0758112 0.0281225 0.0417066 10178.8 34582.6 2436.56 2636.58 nan -1629.97 nan nan nan 2.63358e+06 nan nan nan -10.6964 nan nan
3 55 0.228817 0.0463241 2638.24 0.251729 0.294957 0.224496 0.228817 0.000443026 -0.0758112 0.0281225 0.0463241 10178.8 34582.6 2436.56 2638.24 nan nan nan 54.9583 nan nan nan 383.829 nan nan nan 1.07032
1 110 0.294642 -0.0732576 34485.7 0.25146 0.294642 0.224257 0.229641 0.000443026 -0.0732576 0.0281225 0.0463241 10178.8 34485.7 2436.56 2638.24 nan 110.076 nan nan nan -22465.9 nan nan nan 0.59192 nan nan
1 140 0.295023 -0.0700036 34421.6 0.251324 0.295023 0.224135 0.229517 0.000443026 -0.0700036 0.0281225 0.0463241 10178.8 34421.6 2436.56 2638.24 nan 140.073 nan nan nan -14865.2 nan nan nan 0.754286 nan nan
1 130 0.295601 -0.0669791 34346 0.251118 0.295601 0.223952 0.229329 0.000443026 -0.0669791 0.0281225 0.0463241 10178.8 34346 2436.56 2638.24 nan 130.07 nan nan nan -17503.3 nan nan nan 0.701071 nan nan
1 100 0.296114 -0.0646497 34241.1 0.250935 0.296114 0.223789 0.229162 0.000443026 -0.0646497 0.0281225 0.0463241 10178.8 34241.1 2436.56 2638.24 nan 100.067 nan nan nan -24332.6 nan nan nan 0.539949 nan nan
1 110 0.296437 -0.0620837 34145.6 0.25082 0.296437 0.223686 0.229057 0.000443026 -0.0620837 0.0281225 0.0463241 10178.8 34145.6 2436.56 2638.24 nan 110.065 nan nan nan -22126.8 nan nan nan 0.594804 nan nan
3 65 0.228931 0.0517796 2645.06 0.250683 0.296824 0.223563 0.228931 0.000443026 -0.0620837 0.0281225 0.0517796 10178.8 34145.6 2436.56 2645.06 nan nan nan 64.9537 nan nan nan 1580.74 nan nan nan 1.26458
1 120 0.29644 -0.0592807 34060.5 0.250358 0.29644 0.223274 0.229928 0.000443026 -0.0592807 0.0281225 0.0517796 10178.8 34060.5 2436.56 2645.06 nan 120.062 nan nan nan -19730.7 nan nan nan 0.649738 nan nan
1 120 0.296892 -0.0564742 33975.7 0.250198 0.296892 0.22313 0.22978 0.000443026 -0.0564742 0.0281225 0.0517796 10178.8 33975.7 2436.56 2645.06 nan 120.059 nan nan nan -19646.3 nan nan nan 0.650534 nan nan
1 140 0.297346 -0.0531962 33913.8 0.250036 0.297346 0.222986 0.229631 0.000443026 -0.0531962 0.0281225 0.0517796 10178.8 33913.8 2436.56 2645.06 nan 140.056 nan nan nan -14359.9 nan nan nan 0.759834 nan nan
3 70 0.229439 0.057647 2654.76 0.249827 0.297934 0.2228 0.229439 0.000443026 -0.0531962 0.0281225 0.057647 10178.8 33913.8 2436.56 2654.76 nan nan nan 69.9482 nan nan nan 2247.69 nan nan nan 1.36006
3 50 0.230524 0.0618286 2654.06 0.249475 0.297515 0.222486 0.230524 0.000443026 -0.0531962 0.0281225 0.0618286 10178.8 33913.8 2436.56 2654.06 nan nan nan 49.9424 nan nan nan -160.518 nan nan nan 0.969296
1 110 0.297229 -0.0506181 33819.7 0.249235 0.297229 0.222272 0.231264 0.000443026 -0.0506181 0.0281225 0.0618286 10178.8 33819.7 2436.56 2654.06 nan 110.053 nan nan nan -21802.1 nan nan nan 0.597605 nan nan
1 130 0.29762 -0.0475673 33746.8 0.249096 0.29762 0.222148 0.231135 0.000443026 -0.0475673 0.0281225 0.0618286 10178.8 33746.8 2436.56 2654.06 nan 130.051 nan nan nan -16906.6 nan nan nan 0.707176 nan nan
3 -205 0.230962 0.0446568 2824.02 0.248911 0.298144 0.221983 0.230962 0.000443026 -0.0475673 0.0281225 0.0446568 10178.8 33746.8 2436.56 2824.02 nan nan nan -205.062 nan nan nan 39396.3 nan nan nan -3.98042
1 -1860 0.299015 -0.0912464 48525.4 0.249638 0.299015 0.222631 0.228716 0.000443026 -0.0912464 0.0281225 0.0446568 10178.8 48525.4 2436.56 2824.02 nan -1859.95 nan nan nan 3.42568e+06 nan nan nan -10.1248 nan nan
2 45 0.218777 0.032053 2434.77 0.245315 0.311152 0.218777 0.224756 0.000443026 -0.0912464 0.032053 0.0446568 10178.8 48525.4 2434.77 2824.02 nan nan 44.9719 nan nan nan -414.091 nan nan nan 0.911071 nan
3 60 0.224565 0.049524 2827.35 0.245107 0.310888 0.219441 0.224565 0.000443026 -0.0912464 0.032053 0.049524 10178.8 48525.4 2434.77 2827.35 nan nan nan 59.9553 nan nan nan 770.62 nan nan nan 1.12822
3 55 0.225429 0.0539823 2828.18 0.244834 0.310541 0.219196 0.225429 0.000443026 -0.0912464 0.032053 0.0539823 10178.8 48525.4 2434.77 2828.18 nan nan nan 54.9505 nan nan nan 192.207 nan nan nan 1.03343
1 120 0.310227 -0.0888945 48378.3 0.244586 0.310227 0.218974 0.226212 0.000443026 -0.0888945 0.032053 0.0539823 10178.8 48378.3 2434.77 2828.18 nan 120.091 nan nan nan -34103.5 nan nan nan 0.545163 nan nan
1 110 0.310533 -0.0867353 48221.9 0.244478 0.310533 0.218877 0.226111 0.000443026 -0.0867353 0.032053 0.0539823 10178.8 48221.9 2434.77 2828.18 nan 110.089 nan nan nan -36258.7 nan nan nan 0.500516 nan nan
1 130 0.310786 -0.0841796 48086.9 0.244388 0.310786 0.218797 0.226029 0.000443026 -0.0841796 0.032053 0.0539823 10178.8 48086.9 2434.77 2828.18 nan 130.087 nan nan nan -31299.3 nan nan nan 0.592394 nan nan
0 -260 0.244259 -0.0106747 10426.5 0.244259 0.311151 0.218681 0.225909 -0.0106747 -0.0841796 0.032053 0.0539823 10426.5 48086.9 2434.77 2828.18 -260 nan nan nan 57421.4 nan nan nan -2.57707 nan nan nan
1 150 0.311739 -0.081227 47976.6 0.242831 0.311739 0.219094 0.226336 -0.0106747 -0.081227 0.032053 0.0539823 10426.5 47976.6 2434.77 2828.18 nan 150.084 nan nan nan -25561.6 nan nan nan 0.684418 nan nan
1 110 0.312224 -0.0790588 47821.9 0.24266 0.312224 0.21894 0.226176 -0.0106747 -0.0790588 0.032053 0.0539823 10426.5 47821.9 2434.77 2828.18 nan 110.081 nan nan nan -35858.7 nan nan nan 0.502572 nan nan
1 150 0.31248 -0.0760981 47712.7 0.242569 0.31248 0.218858 0.226092 -0.0106747 -0.0760981 0.032053 0.0539823 10426.5 47712.7 2434.77 2828.18 nan 150.079 nan nan nan -25298.2 nan nan nan 0.686289 nan nan
1 120 0.312968 -0.0737266 47569.1 0.242397 0.312968 0.218703 0.225931 -0.0106747 -0.0737266 0.032053 0.0539823 10426.5 47569.1 2434.77 2828.18 nan 120.076 nan nan nan -33294.5 nan nan nan 0.549717 nan nan
1 140 0.313283 -0.070956 47448.5 0.242286 0.313283 0.218603 0.225828 -0.0106747 -0.070956 0.032053 0.0539823 10426.5 47448.5 2434.77 2828.18 nan 140.074 nan nan nan -27948.5 nan nan nan 0.642235 nan nan
1 140 0.313715 -0.0681818 47328.5 0.242134 0.313715 0.218465 0.225686 -0.0106747 -0.0681818 0.032053 0.0539823 10426.5 47328.5 2434.77 2828.18 nan 140.071 nan nan nan -27828.7 nan nan nan 0.643038 nan nan
1 150 0.314149 -0.065206 47221.5 0.241981 0.314149 0.218327 0.225543 -0.0106747 -0.065206 0.032053 0.0539823 10426.5 47221.5 2434.77 2828.18 nan 150.068 nan nan nan -24808 nan nan nan 0.689807 nan nan
1 130 0.314644 -0.0626238 47090.7 0.241806 0.314644 0.21817 0.22538 -0.0106747 -0.0626238 0.032053 0.0539823 10426.5 47090.7 2434.77 2828.18 nan 130.065 nan nan nan -30304.5 nan nan nan 0.598538 nan nan
1 120 0.315022 -0.060237 46949.8 0.241673 0.315022 0.218049 0.225256 -0.0106747 -0.060237 0.032053 0.0539823 10426.5 46949.8 2434.77 2828.18 nan 120.063 nan nan nan -32675.7 nan nan nan 0.553274 nan nan
1 140 0.315343 -0.0574484 46831.8 0.241559 0.315343 0.217947 0.22515 -0.0106747 -0.0574484 0.032053 0.0539823 10426.5 46831.8 2434.77 2828.18 nan 140.06 nan nan nan -27332.9 nan nan nan 0.646395 nan nan
1 -2090 0.315783 -0.0991115 65473.1 0.241404 0.315783 0.217807 0.225006 -0.0106747 -0.0991115 0.032053 0.0539823 10426.5 65473.1 2434.77 2828.18 nan -2089.94 nan nan nan 4.32103e+06 nan nan nan -9.65748 nan nan
3 65 0.22017 0.0592508 2834.17 0.236216 0.330488 0.213126 0.22017 -0.0106747 -0.0991115 0.032053 0.0592508 10426.5 65473.1 2434.77 2834.17 nan nan nan 64.946 nan nan nan 1389.81 nan nan nan 1.22124
1 120 0.330093 -0.0970866 65252.9 0.235933 0.330093 0.212871 0.221103 -0.0106747 -0.0970866 0.032053 0.0592508 10426.5 65252.9 2434.77 2834.17 nan 120.099 nan nan nan -51049.3 nan nan nan 0.469362 nan nan
1 160 0.330278 -0.0943828 65081.9 0.235868 0.330278 0.212812 0.221042 -0.0106747 -0.0943828 0.032053 0.0592508 10426.5 65081.9 2434.77 2834.17 nan 160.097 nan nan nan -39621.8 nan nan nan 0.626735 nan nan
1 130 0.330672 -0.0921829 64874.2 0.235729 0.330672 0.212687 0.220912 -0.0106747 -0.0921829 0.032053 0.0592508 10426.5 64874.2 2434.77 2834.17 nan 130.094 nan nan nan -48157.4 nan nan nan 0.509951 nan nan
1 150 0.33091 -0.0896407 64691.5 0.235646 0.33091 0.212611 0.220833 -0.0106747 -0.0896407 0.032053 0.0592508 10426.5 64691.5 2434.77 2834.17 nan 150.092 nan nan nan -42346.5 nan nan nan 0.589281 nan nan
3 80 0.220719 0.0657288 2849.51 0.235524 0.331254 0.212502 0.220719 -0.0106747 -0.0896407 0.032053 0.0657288 10426.5 64691.5 2434.77 2849.51 nan nan nan 79.9407 nan nan nan 3556.35 nan nan nan 1.5016
3 40 0.221904 0.0689562 2844.1 0.235166 0.33075 0.212179 0.221904 -0.0106747 -0.0896407 0.032053 0.0689562 10426.5 64691.5 2434.77 2844.1 nan nan nan 39.9343 nan nan nan -1254.77 nan nan nan 0.748101
1 150 0.330523 -0.0870949 64509.6 0.235005 0.330523 0.212034 0.222438 -0.0106747 -0.0870949 0.032053 0.0689562 10426.5 64509.6 2434.77 2844.1 nan 150.09 nan nan nan -42164.6 nan nan nan 0.590102 nan nan
0 100 0.25 0.00431408 10000 0.25 0.25 0.25 0.25 0.00431408 0 0 0 10000 1 1 1 100 nan nan nan 0 nan nan nan 1 nan nan nan
1 250 0.231493 0.00431408 62500 0.305521 0.231493 0.231493 0.231493 0.00431408 0.00431408 0 0 10000 62500 1 1 nan 250 nan nan nan 0 nan nan nan 1 nan nan
2 250 0.188105 0.00431408 62500 0.248259 0.375531 0.188105 0.188105 0.00431408 0.00431408 0.00431408 0 10000 62500 62500 1 nan nan 250 nan nan nan 0 nan nan nan 1 nan
3 100 0.158415 0.00431408 10000 0.209073 0.316256 0.316256 0.158415 0.00431408 0.00431408 0.00431408 0.00431408 10000 62500 62500 10000 nan nan nan 100 nan nan nan 0 nan nan nan 1
2 220 0.301008 0.0081104 62439.2 0.198992 0.301008 0.301008 0.198992 0.00431408 0.00431408 0.0081104 0.00431408 10000 62500 62439.2 10000 nan nan 219.996 nan nan nan -14101.9 nan nan nan 0.879983 nan
0 -130 0.198785 -0.00129441 10029.8 0.198785 0.300694 0.301736 0.198785 -0.00129441 0.00431408 0.0081104 0.00431408 10029.8 62500 62439.2 10000 -130.004 nan nan nan 6901.12 nan nan nan -1.30004 nan nan nan
1 220 0.301004 0.0081104 62439.2 0.197958 0.301004 0.302048 0.19899 -0.00129441 0.0081104 0.0081104 0.00431408 10029.8 62439.2 62439.2 10000 nan 219.996 nan nan nan -14101.9 nan nan nan 0.879983 nan nan
3 117 0.198783 0.00936137 10015.9 0.197752 0.301733 0.301733 0.198783 -0.00129441 0.0081104 0.0081104 0.00936137 10029.8 62439.2 62439.2 10015.9 nan nan nan 116.996 nan nan nan 3687.99 nan nan nan 1.16996
3 30 0.199623 0.0106542 9976.58 0.197545 0.301416 0.301416 0.199623 -0.00129441 0.0081104 0.0081104 0.0106542 10029.8 62439.2 62439.2 9976.58 nan nan nan 29.9906 nan nan nan -9116.47 nan nan nan 0.299668
2 265 0.301371 0.0126854 62472.7 0.197515 0.301371 0.301371 0.199743 -0.00129441 0.0081104 0.0126854 0.0106542 10029.8 62439.2 62472.7 9976.58 nan nan 264.992 nan nan nan 7781.54 nan nan nan 1.06048 nan
0 265 0.197231 0.010121 10289.5 0.197231 0.300938 0.302374 0.199456 0.010121 0.0081104 0.0126854 0.0106542 10289.5 62439.2 62472.7 9976.58 265.001 nan nan nan 60195.9 nan nan nan 2.64608 nan nan nan
1 80 0.300046 0.00949143 62197.4 0.199612 0.300046 0.301478 0.198864 0.010121 0.00949143 0.0126854 0.0106542 10289.5 62197.4 62472.7 9976.58 nan 79.9919 nan nan nan -56040.5 nan nan nan 0.320123 nan nan
3 280 0.198862 0.0227473 10271.7 0.19961 0.300055 0.301474 0.198862 0.010121 0.00949143 0.0126854 0.0227473 10289.5 62197.4 62472.7 10271.7 nan nan nan 279.989 nan nan nan 68417.5 nan nan nan 2.80318
3 -15 0.201445 0.0221078 10228.4 0.198966 0.299088 0.300501 0.201445 0.010121 0.00949143 0.0126854 0.0221078 10289.5 62197.4 62472.7 10228.4 nan nan nan -15.0227 nan nan nan -10046.1 nan nan nan -0.148227
2 108 0.300576 0.0145493 62253.5 0.199015 0.299162 0.300576 0.201248 0.010121 0.00949143 0.0145493 0.0221078 10289.5 62197.4 62253.5 10228.4 nan nan 107.987 nan nan nan -50811.5 nan nan nan 0.432044 nan
3 90 0.201208 0.025946 10219.2 0.198976 0.299103 0.300713 0.201208 0.010121 0.00949143 0.0145493 0.025946 10289.5 62197.4 62253.5 10219.2 nan nan nan 89.9779 nan nan nan -2132.38 nan nan nan 0.889676
1 280 0.298879 0.0143348 62267.3 0.198827 0.298879 0.300488 0.201805 0.010121 0.0143348 0.0145493 0.025946 10289.5 62267.3 62253.5 10219.2 nan 279.991 nan nan nan 16197.3 nan nan nan 1.12268 nan nan
1 110 0.299976 0.0162363 62050.8 0.198516 0.299976 0.300018 0.20149 0.010121 0.0162363 0.0145493 0.025946 10289.5 62050.8 62253.5 10219.2 nan 109.986 nan nan nan -50170.4 nan nan nan 0.440764 nan nan
0 -145 0.198474 0.00395375 10335.8 0.198474 0.300124 0.299954 0.201447 0.00395375 0.0162363 0.0145493 0.025946 10335.8 62050.8 62253.5 10219.2 -145.01 nan nan nan 10738.5 nan nan nan -1.42956 nan nan nan
2 108 0.300284 0.0164164 62035.3 0.197595 0.300453 0.300284 0.201668 0.00395375 0.0162363 0.0164164 0.025946 10335.8 62050.8 62035.3 10219.2 nan nan 107.985 nan nan nan -50592.7 nan nan nan 0.432796 nan
1 -775 0.300394 0.00281402 64374.4 0.197556 0.300394 0.300422 0.201628 0.00395375 0.00281402 0.0164164 0.025946 10335.8 64374.4 62035.3 10219.2 nan -775.016 nan nan nan 538599 nan nan nan -3.11126 nan nan
2 -673 0.300483 0.00475919 63721.7 0.197595 0.300253 0.300483 0.201669 0.00395375 0.00281402 0.00475919 0.025946 10335.8 64374.4 63721.7 10219.2 nan nan -673.016 nan nan nan 390916 nan nan nan -2.70213 nan
3 -520 0.201813 0.00375354 11341.8 0.197737 0.300467 0.299983 0.201813 0.00395375 0.00281402 0.00475919 0.00375354 10335.8 64374.4 63721.7 11341.8 nan nan nan -520.026 nan nan nan 260208 nan nan nan -5.14418
1 80 0.300907 0.00417424 64124.3 0.198026 0.300907 0.300422 0.200644 0.00395375 0.00417424 0.00475919 0.00375354 10335.8 64124.3 63721.7 11341.8 nan 79.9972 nan nan nan -57974.8 nan nan nan 0.315296 nan nan
2 235 0.300422 0.00877528 63685 0.198026 0.300907 0.300422 0.200644 0.00395375 0.00417424 0.00877528 0.00375354 10335.8 64124.3 63685 11341.8 nan nan 234.995 nan nan nan -8498.95 nan nan nan 0.930926 nan
2 90 0.301225 0.0103137 63445.2 0.197799 0.300562 0.301225 0.200414 0.00395375 0.00417424 0.0103137 0.00375354 10335.8 64124.3 63445.2 11341.8 nan nan 89.9912 nan nan nan -55586.6 nan nan nan 0.3566 nan
3 280 0.2004 0.0150958 11631 0.197786 0.300541 0.301273 0.2004 0.00395375 0.00417424 0.0103137 0.0150958 10335.8 64124.3 63445.2 11631 nan nan nan 279.996 nan nan nan 67056.1 nan nan nan 2.62913
1 280 0.29963 0.00894435 64185.9 0.197186 0.29963 0.300359 0.202825 0.00395375 0.00894435 0.0103137 0.0150958 10335.8 64185.9 63445.2 11631 nan 279.996 nan nan nan 14273.4 nan nan nan 1.10571 nan nan
3 -250 0.202515 0.00509478 11850.5 0.196884 0.300702 0.299899 0.202515 0.00395375 0.00894435 0.0103137 0.00509478 10335.8 64185.9 63445.2 11850.5 nan nan nan -250.015 nan nan nan 50876.5 nan nan nan -2.31823
1 -1060 0.30114 -0.00910569 68756.3 0.197171 0.30114 0.300336 0.201354 0.00395375 -0.00910569 0.0103137 0.00509478 10335.8 68756.3 63445.2 11850.5 nan -1060.01 nan nan nan 1.05943e+06 nan nan nan -4.18398 nan nan
2 117 0.299755 0.0123174 63230.6 0.196789 0.302491 0.299755 0.200964 0.00395375 -0.00910569 0.0123174 0.00509478 10335.8 68756.3 63230.6 11850.5 nan nan 116.99 nan nan nan -49758.7 nan nan nan 0.46446 nan
2 -470 0.299929 0.00425371 63910.8 0.196741 0.302416 0.299929 0.200915 0.00395375 -0.00910569 0.00425371 0.00509478 10335.8 68756.3 63910.8 11850.5 nan nan -470.012 nan nan nan 157681 nan nan nan -1.86916 nan
0 235 0.196997 0.0139256 10529.4 0.196997 0.302809 0.299018 0.201176 0.0139256 -0.00910569 0.00425371 0.00509478 10529.4 68756.3 63910.8 11850.5 234.996 nan nan nan 44887.4 nan nan nan 2.31147 nan nan nan
3 -362 0.200675 -0.00925133 12364.8 0.198995 0.302056 0.298274 0.200675 0.0139256 -0.00910569 0.00425371 -0.00925133 10529.4 68756.3 63910.8 12364.8 nan nan nan -362.005 nan nan nan 119197 nan nan nan -3.32541
1 285 0.302533 -0.00441658 68810.2 0.19931 0.302533 0.298745 0.199411 0.0139256 -0.00441658 0.00425371 -0.00925133 10529.4 68810.2 63910.8 12364.8 nan 285.009 nan nan nan 12473.8 nan nan nan 1.08693 nan nan
0 100 0.19901 0.0181293 10527.1 0.19901 0.303583 0.298296 0.199111 0.0181293 -0.00441658 0.00425371 -0.00925133 10527.1 68810.2 63910.8 12364.8 99.9861 nan nan nan -532.221 nan nan nan 0.974399 nan nan nan
1 110 0.303331 -0.00260744 68565.5 0.199676 0.303331 0.298048 0.198945 0.0181293 -0.00260744 0.00425371 -0.00925133 10527.1 68565.5 63910.8 12364.8 nan 110.004 nan nan nan -56709.2 nan nan nan 0.419357 nan nan
2 265 0.298 0.0087758 63938.1 0.199644 0.303441 0.298 0.198914 0.0181293 -0.00260744 0.0087758 -0.00925133 10527.1 68565.5 63938.1 12364.8 nan nan 264.996 nan nan nan 6311.92 nan nan nan 1.04822 nan
3 108 0.198637 -0.00506092 12361.7 0.199366 0.303018 0.298978 0.198637 0.0181293 -0.00260744 0.0087758 -0.00506092 10527.1 68565.5 63938.1 12361.7 nan nan nan 108.009 nan nan nan -698.756 nan nan nan 0.971333
2 250 0.298731 0.0130409 63931.8 0.199202 0.302768 0.298731 0.199299 0.0181293 -0.00260744 0.0130409 -0.00506092 10527.1 68565.5 63931.8 12361.7 nan nan 249.991 nan nan nan -1442.44 nan nan nan 0.988656 nan
2 285 0.299619 0.0179034 64006.4 0.19895 0.302385 0.299619 0.199047 0.0181293 -0.00260744 0.0179034 -0.00506092 10527.1 68565.5 64006.4 12361.7 nan nan 284.987 nan nan nan 17285.7 nan nan nan 1.12711 nan
3 -177 0.198732 -0.0119286 12443.6 0.198635 0.301907 0.300726 0.198732 0.0181293 -0.00260744 0.0179034 -0.0119286 10527.1 68565.5 64006.4 12443.6 nan nan nan -176.995 nan nan nan 18965.5 nan nan nan -1.59192
1 250 0.302258 0.00151145 68539.3 0.198866 0.302258 0.301075 0.197801 0.0181293 0.00151145 0.0179034 -0.0119286 10527.1 68539.3 64006.4 12443.6 nan 250.003 nan nan nan -6064.21 nan nan nan 0.954754 nan nan
2 90 0.300712 0.0194378 63765.2 0.198626 0.303098 0.300712 0.197563 0.0181293 0.00151145 0.0194378 -0.0119286 10527.1 68539.3 63765.2 12443.6 nan nan 89.9821 nan nan nan -55909.6 nan nan nan 0.355668 nan
2 -606 0.300758 0.00908437 65074.5 0.198613 0.303078 0.300758 0.19755 0.0181293 0.00151145 0.00908437 -0.0119286 10527.1 68539.3 65074.5 12443.6 nan nan -606.019 nan nan nan 303494 nan nan nan -2.39991 nan
1 90 0.303373 0.00299449 68278.6 0.198807 0.303373 0.300078 0.197742 0.0181293 0.00299449 0.00908437 -0.0119286 10527.1 68278.6 65074.5 12443.6 nan 89.9985 nan nan nan -60439.6 nan nan nan 0.343768 nan nan
3 -425 0.197736 -0.0283645 13169.1 0.1988 0.303396 0.300068 0.197736 0.0181293 0.00299449 0.00908437 -0.0283645 10527.1 68278.6 65074.5 13169.1 nan nan nan -424.988 nan nan nan 168171 nan nan nan -3.80982
2 84 0.300517 0.0105048 64824.2 0.199098 0.30385 0.300517 0.196535 0.0181293 0.00299449 0.0105048 -0.0283645 10527.1 68278.6 64824.2 13169.1 nan nan 83.9909 nan nan nan -58020 nan nan nan 0.329251 nan
0 -15 0.199094 0.0174978 10482.7 0.199094 0.303844 0.300531 0.196531 0.0174978 0.00299449 0.0105048 -0.0283645 10482.7 68278.6 64824.2 13169.1 -15.0181 nan nan nan -10301.6 nan nan nan -0.146373 nan nan nan
1 -905 0.303919 -0.0119471 71517.4 0.198898 0.303919 0.300605 0.196579 0.0174978 -0.0119471 0.0105048 -0.0283645 10482.7 71517.4 64824.2 13169.1 nan -905.003 nan nan nan 750752 nan nan nan -3.46344 nan nan
3 295 0.196462 -0.0172734 13487.8 0.198779 0.304333 0.300425 0.196462 0.0174978 -0.0119471 0.0105048 -0.0172734 10482.7 71517.4 64824.2 13487.8 nan nan nan 295.028 nan nan nan 73872.7 nan nan nan 2.57091
3 5 0.198824 -0.017087 13429.7 0.198195 0.303439 0.299542 0.198824 0.0174978 -0.0119471 0.0105048 -0.017087 10482.7 71517.4 64824.2 13429.7 nan nan nan 5.01727 nan nan nan -13462.6 nan nan nan 0.0432014
2 99 0.299572 0.0121821 64586.8 0.198215 0.303469 0.299572 0.198744 0.0174978 -0.0119471 0.0121821 -0.017087 10482.7 71517.4 64586.8 13429.7 nan nan 98.9895 nan nan nan -55025.3 nan nan nan 0.388795 nan
3 295 0.198721 -0.00610445 13747.2 0.198192 0.303434 0.299654 0.198721 0.0174978 -0.0119471 0.0121821 -0.00610445 10482.7 71517.4 64586.8 13747.2 nan nan nan 295.017 nan nan nan 73605.4 nan nan nan 2.54574
3 -175 0.201079 -0.0125432 13820 0.197608 0.302541 0.298772 0.201079 0.0174978 -0.0119471 0.0121821 -0.0125432 10482.7 71517.4 64586.8 13820 nan nan nan -174.994 nan nan nan 16875.6 nan nan nan -1.4925
2 117 0.299107 0.014168 64367.2 0.19783 0.30288 0.299107 0.200183 0.0174978 -0.0119471 0.014168 -0.0125432 10482.7 71517.4 64367.2 13820 nan nan 116.988 nan nan nan -50900.7 nan nan nan 0.460329 nan
1 280 0.302808 -0.00742997 71547.1 0.197783 0.302808 0.299273 0.200136 0.0174978 -0.00742997 0.014168 -0.0125432 10482.7 71547.1 64367.2 13820 nan 280.012 nan nan nan 6889.28 nan nan nan 1.04706 nan nan
3 -290 0.199852 -0.023185 14123.2 0.197503 0.303795 0.29885 0.199852 0.0174978 -0.00742997 0.014168 -0.023185 10482.7 71547.1 64367.2 14123.2 nan nan nan -289.987 nan nan nan 70272.7 nan nan nan -2.46675
1 295 0.304225 -0.00267197 71613.9 0.197783 0.304225 0.299273 0.198719 0.0174978 -0.00267197 0.014168 -0.023185 10482.7 71613.9 64367.2 14123.2 nan 295.007 nan nan nan 15482.3 nan nan nan 1.1029 nan nan
1 90 0.305306 -0.00122104 71339.9 0.197475 0.305306 0.298808 0.19841 0.0174978 -0.00122104 0.014168 -0.023185 10482.7 71339.9 64367.2 14123.2 nan 90.0027 nan nan nan -63513.4 nan nan nan 0.336323 nan nan
2 134 0.298805 0.0164463 64167 0.197473 0.305314 0.298805 0.198408 0.0174978 -0.00122104 0.0164463 -0.023185 10482.7 71339.9 64167 14123.2 nan nan 133.986 nan nan nan -46415 nan nan nan 0.528113 nan
1 -1215 0.305206 -0.0208455 77400.7 0.197403 0.305206 0.299054 0.198337 0.0174978 -0.0208455 0.0164463 -0.023185 10482.7 77400.7 64167 14123.2 nan -1215 nan nan nan 1.40488e+06 nan nan nan -4.54893 nan nan
2 -448 0.298044 0.00881626 64756.1 0.196736 0.307552 0.298044 0.197667 0.0174978 -0.0208455 0.00881626 -0.023185 10482.7 77400.7 64756.1 14123.2 nan nan -448.016 nan nan nan 136552 nan nan nan -1.76863 nan
3 250 0.197928 -0.0141088 14331.9 0.196996 0.307958 0.297118 0.197928 0.0174978 -0.0208455 0.00881626 -0.0141088 10482.7 77400.7 64756.1 14331.9 nan nan nan 250.023 nan nan nan 48388.4 nan nan nan 2.10385
1 350 0.307255 -0.0154179 77595.3 0.196546 0.307255 0.29644 0.199759 0.0174978 -0.0154179 0.00881626 -0.0141088 10482.7 77595.3 64756.1 14331.9 nan 350.021 nan nan nan 45113.9 nan nan nan 1.25812 nan nan
3 -236 0.199366 -0.0226128 14510.4 0.19616 0.308617 0.295857 0.199366 0.0174978 -0.0154179 0.00881626 -0.0226128 10482.7 77595.3 64756.1 14510.4 nan nan nan -235.986 nan nan nan 41357.4 nan nan nan -1.97121
1 305 0.309014 -0.0106941 77661.9 0.196412 0.309014 0.296237 0.198338 0.0174978 -0.0106941 0.00881626 -0.0226128 10482.7 77661.9 64756.1 14510.4 nan 305.015 nan nan nan 15439.1 nan nan nan 1.09497 nan nan
2 117 0.295774 0.0107996 64535.8 0.196105 0.310094 0.295774 0.198028 0.0174978 -0.0106941 0.0107996 -0.0226128 10482.7 77661.9 64535.8 14510.4 nan nan 116.991 nan nan nan -51069.1 nan nan nan 0.459741 nan
2 125 0.295938 0.0129222 64324.8 0.196059 0.310021 0.295938 0.197981 0.0174978 -0.0106941 0.0129222 -0.0226128 10482.7 77661.9 64324.8 14510.4 nan nan 124.989 nan nan nan -48913.5 nan nan nan 0.492008 nan
1 -1120 0.309932 -0.028032 82738.4 0.196002 0.309932 0.296141 0.197924 0.0174978 -0.028032 0.0129222 -0.0226128 10482.7 82738.4 64324.8 14510.4 nan -1119.99 nan nan nan 1.17671e+06 nan nan nan -4.01892 nan nan
3 280 0.19747 -0.0125841 14786 0.195553 0.311516 0.295462 0.19747 0.0174978 -0.028032 0.0129222 -0.0125841 10482.7 82738.4 64324.8 14786 nan nan nan 280.023 nan nan nan 63902.3 nan nan nan 2.32463
2 210 0.29469 0.016494 64237.5 0.195042 0.310702 0.29469 0.199566 0.0174978 -0.028032 0.016494 -0.0125841 10482.7 82738.4 64237.5 14786 nan nan 209.987 nan nan nan -20230.2 nan nan nan 0.827949 nan
2 152 0.295334 0.019081 64060 0.194864 0.310418 0.295334 0.199383 0.0174978 -0.028032 0.019081 -0.0125841 10482.7 82738.4 64060 14786 nan nan 151.984 nan nan nan -41138.5 nan nan nan 0.599656 nan
3 5 0.199288 -0.0124063 14722.4 0.194771 0.31027 0.295672 0.199288 0.0174978 -0.028032 0.019081 -0.0124063 10482.7 82738.4 64060 14722.4 nan nan nan 5.01258 nan nan nan -14760.9 nan nan nan 0.0412226
2 -553 0.295704 0.00965482 65103 0.194792 0.310304 0.295704 0.199201 0.0174978 -0.028032 0.00965482 -0.0124063 10482.7 82738.4 65103 14722.4 nan nan -553.019 nan nan nan 241770 nan nan nan -2.18498 nan
1 140 0.310649 -0.0259319 82466 0.195008 0.310649 0.29492 0.199422 0.0174978 -0.0259319 0.00965482 -0.0124063 10482.7 82466 65103 14722.4 nan 140.028 nan nan nan -63130.5 nan nan nan 0.486812 nan nan
3 108 0.199373 -0.00856593 14709.2 0.19496 0.310818 0.294848 0.199373 0.0174978 -0.0259319 0.00965482 -0.00856593 10482.7 82466 65103 14709.2 nan nan nan 108.012 nan nan nan -3055.67 nan nan nan 0.890195
0 120 0.194817 0.0225534 10499.6 0.194817 0.31059 0.294631 0.199963 0.0225534 -0.0259319 0.00965482 -0.00856593 10499.6 82466 65103 14709.2 119.983 nan nan nan 3913.1 nan nan nan 1.17188 nan nan nan
1 310 0.310269 -0.0212744 82524.9 0.195647 0.310269 0.294327 0.199757 0.0225534 -0.0212744 0.00965482 -0.00856593 10499.6 82524.9 65103 14709.2 nan 310.026 nan nan nan 13650.1 nan nan nan 1.07959 nan nan
2 300 0.293875 0.014727 65210.4 0.195347 0.311328 0.293875 0.19945 0.0225534 -0.0212744 0.014727 -0.00856593 10499.6 82524.9 65210.4 14709.2 nan nan 299.99 nan nan nan 24891.2 nan nan nan 1.17573 nan
2 108 0.29505 0.0165513 64979.4 0.195022 0.31081 0.29505 0.199119 0.0225534 -0.0212744 0.0165513 -0.00856593 10499.6 82524.9 64979.4 14709.2 nan nan 107.985 nan nan nan -53549.6 nan nan nan 0.422869 nan
3 45 0.199085 -0.00696494 14654.5 0.194989 0.310757 0.295169 0.199085 0.0225534 -0.0212744 0.0165513 -0.00696494 10499.6 82524.9 64979.4 14654.5 nan nan nan 45.0086 nan nan nan -12683.4 nan nan nan 0.371109
2 125 0.295112 0.0186665 64766.4 0.194951 0.310697 0.295112 0.199241 0.0225534 -0.0212744 0.0186665 -0.00696494 10499.6 82524.9 64766.4 14654.5 nan nan 124.983 nan nan nan -49358.5 nan nan nan 0.490303 nan
1 110 0.310608 -0.0196222 82221.1 0.194895 0.310608 0.295312 0.199184 0.0225534 -0.0196222 0.0186665 -0.00696494 10499.6 82221.1 64766.4 14654.5 nan 110.021 nan nan nan -70420.2 nan nan nan 0.382987 nan nan
1 300 0.310649 -0.0151084 82254.7 0.194884 0.310649 0.295294 0.199173 0.0225534 -0.0151084 0.0186665 -0.00696494 10499.6 82254.7 64766.4 14654.5 nan 300.02 nan nan nan 7790.67 nan nan nan 1.0463 nan nan
2 -448 0.294865 0.0110718 65353 0.1946 0.311652 0.294865 0.198883 0.0225534 -0.0151084 0.0110718 -0.00696494 10499.6 82254.7 65353 14654.5 nan nan -448.019 nan nan nan 135954 nan nan nan -1.76044 nan
3 -243 0.199142 -0.0156245 14846 0.194854 0.312058 0.293946 0.199142 0.0225534 -0.0151084 0.0110718 -0.0156245 10499.6 82254.7 65353 14846 nan nan nan -242.993 nan nan nan 44391.2 nan nan nan -2.00728
1 300 0.31246 -0.0105955 82288.2 0.195105 0.31246 0.294325 0.19811 0.0225534 -0.0105955 0.0110718 -0.0156245 10499.6 82288.2 65353 14846 nan 300.015 nan nan nan 7754.35 nan nan nan 1.04607 nan nan
1 280 0.313465 -0.00638442 82271.4 0.19482 0.313465 0.293895 0.19782 0.0225534 -0.00638442 0.0110718 -0.0156245 10499.6 82271.4 65353 14846 nan 280.011 nan nan nan -3882.23 nan nan nan 0.976126 nan nan
2 154 0.293514 0.0136705 65173.3 0.194567 0.314354 0.293514 0.197564 0.0225534 -0.00638442 0.0136705 -0.0156245 10499.6 82271.4 65173.3 14846 nan nan 153.989 nan nan nan -41640.4 nan nan nan 0.602361 nan
1 -1205 0.314204 -0.0245082 88180.6 0.194474 0.314204 0.293852 0.19747 0.0225534 -0.0245082 0.0136705 -0.0156245 10499.6 88180.6 65173.3 14846 nan -1204.99 nan nan nan 1.36974e+06 nan nan nan -4.20107 nan nan
3 -383 0.19686 -0.0291847 15414.7 0.193874 0.316321 0.292945 0.19686 0.0225534 -0.0245082 0.0136705 -0.0291847 10499.6 88180.6 65173.3 15414.7 nan nan nan -382.984 nan nan nan 131831 nan nan nan -3.14324
2 295 0.293358 0.0186553 65267.6 0.194148 0.316767 0.293358 0.195727 0.0225534 -0.0245082 0.0186553 -0.0291847 10499.6 88180.6 65267.6 15414.7 nan nan 294.986 nan nan nan 21843.6 nan nan nan 1.15549 nan
1 140 0.316256 -0.0224739 87884.7 0.193834 0.316256 0.294499 0.195411 0.0225534 -0.0224739 0.0186553 -0.0291847 10499.6 87884.7 65267.6 15414.7 nan 140.025 nan nan nan -68573.7 nan nan nan 0.471539 nan nan
2 143 0.294437 0.0210698 65074.2 0.193794 0.316398 0.294437 0.195371 0.0225534 -0.0224739 0.0210698 -0.0291847 10499.6 87884.7 65074.2 15414.7 nan nan 142.981 nan nan nan -44823.9 nan nan nan 0.559668 nan
2 108 0.294722 0.0228959 64843.8 0.193716 0.316271 0.294722 0.195292 0.0225534 -0.0224739 0.0228959 -0.0291847 10499.6 87884.7 64843.8 15414.7 nan nan 107.979 nan nan nan -53414.7 nan nan nan 0.423287 nan
3 280 0.195259 -0.0194544 15686.5 0.193683 0.316217 0.294842 0.195259 0.0225534 -0.0224739 0.0228959 -0.0194544 10499.6 87884.7 64843.8 15686.5 nan nan nan 280.029 nan nan nan 63001.7 nan nan nan 2.25546
1 295 0.315427 -0.0181807 87881.1 0.193199 0.315427 0.294106 0.197268 0.0225534 -0.0181807 0.0228959 -0.0194544 10499.6 87881.1 64843.8 15686.5 nan 295.022 nan nan nan -846.485 nan nan nan 0.995172 nan nan
1 295 0.316351 -0.0138874 87877.4 0.192938 0.316351 0.293709 0.197001 0.0225534 -0.0138874 0.0228959 -0.0194544 10499.6 87877.4 64843.8 15686.5 nan 295.018 nan nan nan -845.367 nan nan nan 0.995179 nan nan
2 117 0.293311 0.0248777 64623 0.192677 0.317277 0.293311 0.196735 0.0225534 -0.0138874 0.0248777 -0.0194544 10499.6 87877.4 64623 15686.5 nan nan 116.977 nan nan nan -51160.1 nan nan nan 0.459374 nan
2 -90 0.25 -0.00431408 8100 0.25 0.25 0.25 0.25 0 0 -0.00431408 0 1 1 8100 1 nan nan -90 nan nan nan 0 nan nan nan -1 nan
0 -100 0.234037 -0.00431408 10000 0.234037 0.234037 0.29789 0.234037 -0.00431408 0 -0.00431408 0 10000 1 8100 1 -100 nan nan nan 0 nan nan nan -1 nan nan nan
0 -120 0.285607 -0.00949079 10019 0.285607 0.218279 0.277834 0.218279 -0.00949079 0 -0.00431408 0 10019 1 8100 1 -119.996 nan nan nan 4398.96 nan nan nan -1.19996 nan nan nan
1 -50 0.218586 -0.00431408 2500 0.284605 0.218586 0.278224 0.218586 -0.00949079 -0.00431408 -0.00431408 0 10019 2500 8100 1 nan -50 nan nan nan 0 nan nan nan -1 nan nan
2 40 0.269972 -0.0023965 8071.96 0.276164 0.241762 0.269972 0.212102 -0.00949079 -0.00431408 -0.0023965 0 10019 2500 8071.96 1 nan nan 40.0043 nan nan nan -6499.65 nan nan nan 0.444492 nan
3 -50 0.212017 -0.00431408 2500 0.276053 0.241665 0.270265 0.212017 -0.00949079 -0.00431408 -0.0023965 -0.00431408 10019 2500 8071.96 2500 nan nan nan -50 nan nan nan 0 nan nan nan -1
2 -120 0.262483 -0.00815848 8099.26 0.268104 0.234706 0.262483 0.234706 -0.00949079 -0.00431408 -0.00815848 -0.00431408 10019 2500 8099.26 2500 nan nan -119.998 nan nan nan 6327.46 nan nan nan -1.33562 nan
3 -40 0.235035 -0.00776497 2496.12 0.26848 0.235035 0.26145 0.235035 -0.00949079 -0.00431408 -0.00815848 -0.00776497 10019 2500 8099.26 2496.12 nan nan nan -39.9957 nan nan nan -900.345 nan nan nan -0.799914
1 -60 0.235231 -0.0094906 2504.74 0.268704 0.235231 0.261669 0.234396 -0.00949079 -0.0094906 -0.00815848 -0.00776497 10019 2504.74 8099.26 2496.12 nan -59.9957 nan nan nan 1099.48 nan nan nan -1.19991 nan nan
0 1170 0.269023 0.0409365 15881.4 0.269023 0.234325 0.261979 0.234674 0.0409365 -0.0094906 -0.00815848 -0.00776497 15881.4 2504.74 8099.26 2496.12 1170.01 nan nan nan 1.3589e+06 nan nan nan 11.689 nan nan nan
0 -90 0.29367 0.0378542 15847.9 0.29367 0.226424 0.253145 0.226761 0.0378542 -0.0094906 -0.00815848 -0.00776497 15847.9 2504.74 8099.26 2496.12 -90.0409 nan nan nan -7774.02 nan nan nan -0.714489 nan nan nan
3 -45 0.22699 -0.01165 2494.08 0.292955 0.226653 0.253401 0.22699 0.0378542 -0.0094906 -0.00815848 -0.01165 15847.9 2504.74 8099.26 2494.08 nan nan nan -44.9922 nan nan nan -471.815 nan nan nan -0.900545
3 -45 0.2263 -0.0155363 2492.05 0.293217 0.226856 0.253628 0.2263 0.0378542 -0.0094906 -0.00815848 -0.0155363 15847.9 2504.74 8099.26 2492.05 nan nan nan -44.9884 nan nan nan -470.129 nan nan nan -0.900834
0 -110 0.293478 0.0340833 15831.7 0.293478 0.227058 0.253854 0.22561 0.0340833 -0.0094906 -0.00815848 -0.0155363 15831.7 2504.74 8099.26 2492.05 -110.038 nan nan nan -3739.53 nan nan nan -0.874091 nan nan nan
2 120 0.254148 -0.00240572 8126.45 0.29266 0.227321 0.254148 0.225871 0.0340833 -0.0094906 -0.00240572 -0.0155363 15831.7 2504.74 8126.45 2492.05 nan nan 120.008 nan nan nan 6302.7 nan nan nan 1.33349 nan
1 -40 0.226964 -0.0129378 2500.84 0.292201 0.226964 0.255319 0.225517 0.0340833 -0.0129378 -0.00240572 -0.0155363 15831.7 2500.84 8126.45 2492.05 nan -39.9905 nan nan nan -905.502 nan nan nan -0.799053 nan nan
2 -100 0.255525 -0.00719122 8134.53 0.292436 0.22634 0.255525 0.225698 0.0340833 -0.0129378 -0.00719122 -0.0155363 15831.7 2500.84 8134.53 2492.05 nan nan -99.9976 nan nan nan 1873.07 nan nan nan -1.10927 nan
1 -30 0.22661 -0.0155247 2493.93 0.292784 0.22661 0.254639 0.225967 0.0340833 -0.0155247 -0.00719122 -0.0155363 15831.7 2493.93 8134.53 2492.05 nan -29.9871 nan nan nan -1601.61 nan nan nan -0.599641 nan nan
0 -100 0.292968 0.0306534 15806.6 0.292968 0.226123 0.254799 0.226109 0.0306534 -0.0155247 -0.00719122 -0.0155363 15806.6 2493.93 8134.53 2492.05 -100.034 nan nan nan -5824.91 nan nan nan -0.795031 nan nan nan
0 -80 0.292202 0.0279073 15766 0.292202 0.226369 0.255076 0.226354 0.0279073 -0.0155247 -0.00719122 -0.0155363 15766 2493.93 8134.53 2492.05 -80.0307 nan nan nan -9401.69 nan nan nan -0.636557 nan nan nan
0 -120 0.291542 0.0237834 15760.2 0.291542 0.22658 0.255313 0.226565 0.0237834 -0.0155247 -0.00719122 -0.0155363 15760.2 2493.93 8134.53 2492.05 -120.028 nan nan nan -1359.34 nan nan nan -0.955919 nan nan nan
2 190 0.255625 0.00189728 8255.19 0.290678 0.226856 0.255625 0.226842 0.0237834 -0.0155247 0.00189728 -0.0155363 15760.2 2493.93 8255.19 2492.05 nan nan 190.007 nan nan nan 27968.2 nan nan nan 2.10671 nan
1 -5 0.226221 -0.0159553 2483.28 0.289863 0.226221 0.25771 0.226206 0.0237834 -0.0159553 0.00189728 -0.0155363 15760.2 2483.28 8255.19 2492.05 nan -4.98448 nan nan nan -2469.08 nan nan nan -0.0998108 nan nan
2 160 0.257752 0.00949424 8330.01 0.289911 0.226094 0.257752 0.226243 0.0237834 -0.0159553 0.00949424 -0.0155363 15760.2 2483.28 8330.01 2492.05 nan nan 159.998 nan nan nan 17344.2 nan nan nan 1.76097 nan
3 -55 0.225733 -0.020288 2494.34 0.289257 0.225584 0.259426 0.225733 0.0237834 -0.0159553 0.00949424 -0.020288 15760.2 2483.28 8330.01 2494.34 nan nan nan -54.9845 nan nan nan 531.239 nan nan nan -1.10144
2 -80 0.2597 0.00571236 8321.69 0.289563 0.225822 0.2597 0.224915 0.0237834 -0.0159553 0.00571236 -0.020288 15760.2 2483.28 8321.69 2494.34 nan nan -80.0095 nan nan nan -1928.49 nan nan nan -0.876635 nan
0 -110 0.289857 0.0200025 15744.4 0.289857 0.226051 0.258949 0.225143 0.0200025 -0.0159553 0.00571236 -0.020288 15744.4 2483.28 8321.69 2494.34 -110.024 nan nan nan -3654.94 nan nan nan -0.876408 nan nan nan
3 -60 0.225401 -0.025469 2499.1 0.289043 0.22631 0.259246 0.225401 0.0200025 -0.0159553 0.00571236 -0.025469 15744.4 2483.28 8321.69 2499.1 nan nan nan -59.9797 nan nan nan 1103.22 nan nan nan -1.20095
2 230 0.25954 0.0165891 8513.99 0.289372 0.226567 0.25954 0.22452 0.0200025 -0.0159553 0.0165891 -0.025469 15744.4 2483.28 8513.99 2499.1 nan nan 229.994 nan nan nan 44575.7 nan nan nan 2.52122 nan
1 -45 0.225755 -0.0198496 2481.29 0.288334 0.225755 0.262195 0.223715 0.0200025 -0.0198496 0.0165891 -0.025469 15744.4 2481.29 8513.99 2499.1 nan -44.984 nan nan nan -459.711 nan nan nan -0.902705 nan nan
2 -100 0.262429 0.0119129 8520.42 0.288591 0.225066 0.262429 0.223915 0.0200025 -0.0198496 0.0119129 -0.025469 15744.4 2481.29 8520.42 2499.1 nan nan -100.017 nan nan nan 1489.33 nan nan nan -1.08394 nan
0 -90 0.288938 0.0169075 15711.4 0.288938 0.225336 0.261543 0.224183 0.0169075 -0.0198496 0.0119129 -0.025469 15711.4 2481.29 8520.42 2499.1 -90.02 nan nan nan -7640.8 nan nan nan -0.717424 nan nan nan
2 -100 0.261804 0.00723869 8526.81 0.288228 0.225561 0.261804 0.224407 0.0169075 -0.0198496 0.00723869 -0.025469 15711.4 2481.29 8526.81 2499.1 nan nan -100.012 nan nan nan 1481.96 nan nan nan -1.08348 nan
1 -50 0.225831 -0.0241782 2481.36 0.288573 0.225831 0.26092 0.224676 0.0169075 -0.0241782 0.00723869 -0.025469 15711.4 2481.36 8526.81 2499.1 nan -49.9802 nan nan nan 16.7231 nan nan nan -1.00336 nan nan
3 -40 0.224895 -0.0289187 2495.22 0.288855 0.225075 0.261175 0.224895 0.0169075 -0.0241782 0.00723869 -0.0289187 15711.4 2481.36 8526.81 2495.22 nan nan nan -39.9745 nan nan nan -901.14 nan nan nan -0.799634
2 -120 0.261384 0.00163206 8552.16 0.289085 0.225255 0.261384 0.224276 0.0169075 -0.0241782 0.00163206 -0.0289187 15711.4 2481.36 8552.16 2495.22 nan nan -120.007 nan nan nan 5874.93 nan nan nan -1.29961 nan
0 1330 0.28948 0.0626822 23274.6 0.28948 0.225563 0.260376 0.224582 0.0626822 -0.0241782 0.00163206 -0.0289187 23274.6 2481.36 8552.16 2495.22 1329.98 nan nan nan 1.75314e+06 nan nan nan 10.6106 nan nan nan
2 270 0.251039 0.0142274 8829.75 0.314957 0.217475 0.251039 0.216529 0.0626822 -0.0241782 0.0142274 -0.0289187 23274.6 2481.36 8829.75 2495.22 nan nan 269.998 nan nan nan 64347 nan nan nan 2.9196 nan
1 30 0.216559 -0.021578 2474.55 0.313631 0.216559 0.254193 0.215617 0.0626822 -0.021578 0.0142274 -0.0289187 23274.6 2474.55 8829.75 2495.22 nan 30.0242 nan nan nan -1579.91 nan nan nan 0.602734 nan nan
2 -90 0.25406 0.0100948 8826.62 0.313467 0.216968 0.25406 0.215505 0.0626822 -0.021578 0.0100948 -0.0289187 23274.6 2474.55 8826.62 2495.22 nan nan -90.0142 nan nan nan -727.193 nan nan nan -0.957937 nan
2 -110 0.253269 0.00504329 8840.75 0.313799 0.217198 0.253269 0.215733 0.0626822 -0.021578 0.00504329 -0.0289187 23274.6 2474.55 8840.75 2495.22 nan nan -110.01 nan nan nan 3275.6 nan nan nan -1.17094 nan
0 -135 0.314184 0.058863 23252.9 0.314184 0.217465 0.252354 0.215998 0.058863 -0.021578 0.00504329 -0.0289187 23252.9 2474.55 8840.75 2495.22 -135.063 nan nan nan -5032.71 nan nan nan -0.885307 nan nan nan
3 195 0.21627 -0.0120751 2648.54 0.313319 0.217739 0.252672 0.21627 0.058863 -0.021578 0.00504329 -0.0120751 23252.9 2474.55 8840.75 2648.54 nan nan nan 195.029 nan nan nan 35541.1 nan nan nan 3.90432
1 -35 0.216743 -0.0246114 2469.15 0.311887 0.216743 0.251517 0.219853 0.058863 -0.0246114 0.00504329 -0.0120751 23252.9 2469.15 8840.75 2648.54 nan -34.9784 nan nan nan -1251.06 nan nan nan -0.703157 nan nan
2 -100 0.25169 0.000454844 8845.75 0.312102 0.216203 0.25169 0.220005 0.058863 -0.0246114 0.000454844 -0.0120751 23252.9 2469.15 8845.75 2648.54 nan nan -100.005 nan nan nan 1160.26 nan nan nan -1.0636 nan
3 -50 0.220254 -0.0162655 2647.9 0.312456 0.216449 0.250841 0.220254 0.058863 -0.0246114 0.000454844 -0.0162655 23252.9 2469.15 8845.75 2647.9 nan nan nan -49.9879 nan nan nan -149.75 nan nan nan -0.971318
0 -95 0.312745 0.0561736 23191.6 0.312745 0.216649 0.251073 0.219533 0.0561736 -0.0246114 0.000454844 -0.0162655 23191.6 2469.15 8845.75 2647.9 -95.0589 nan nan nan -14216.7 nan nan nan -0.623381 nan nan nan
3 -60 0.219755 -0.0212944 2652 0.312048 0.216869 0.251328 0.219755 0.0561736 -0.0246114 0.000454844 -0.0212944 23191.6 2469.15 8845.75 2652 nan nan nan -59.9837 nan nan nan 950.152 nan nan nan -1.16569
2 -80 0.251599 -0.00321471 8835.2 0.312385 0.217103 0.251599 0.218913 0.0561736 -0.0246114 -0.00321471 -0.0212944 23191.6 2469.15 8835.2 2652 nan nan -80.0005 nan nan nan -2445.68 nan nan nan -0.850599 nan
0 -105 0.312685 0.0531976 23139.2 0.312685 0.217312 0.25088 0.219123 0.0531976 -0.0246114 -0.00321471 -0.0212944 23139.2 2469.15 8835.2 2652 -105.056 nan nan nan -12154.8 nan nan nan -0.689852 nan nan nan
1 35 0.217546 -0.0215706 2463.79 0.311944 0.217546 0.25115 0.21936 0.0531976 -0.0215706 -0.00321471 -0.0212944 23139.2 2463.79 8835.2 2652 nan 35.0246 nan nan nan -1242.43 nan nan nan 0.704854 nan nan
3 -55 0.219222 -0.0259001 2653.59 0.311748 0.218039 0.250992 0.219222 0.0531976 -0.0215706 -0.00321471 -0.0259001 23139.2 2463.79 8835.2 2653.59 nan nan nan -54.9787 nan nan nan 370.662 nan nan nan -1.0676
2 525 0.251243 0.0208811 9986.17 0.312059 0.218257 0.251243 0.218442 0.0531976 -0.0215706 0.0208811 -0.0259001 23139.2 2463.79 9986.17 2653.59 nan nan 525.003 nan nan nan 266793 nan nan nan 5.58539 nan
0 -125 0.308854 0.049651 23106.8 0.308854 0.216015 0.258933 0.216198 0.049651 -0.0215706 0.0208811 -0.0259001 23106.8 2463.79 9986.17 2653.59 -125.053 nan nan nan -7500.86 nan nan nan -0.822093 nan nan nan
1 15 0.216271 -0.0202651 2454.14 0.308035 0.216271 0.25924 0.216454 0.049651 -0.0202651 0.0208811 -0.0259001 23106.8 2454.14 9986.17 2653.59 nan 15.0216 nan nan nan -2238.14 nan nan nan 0.302631 nan nan
2 -110 0.259181 0.0161314 9995.31 0.307966 0.216447 0.259181 0.216406 0.049651 -0.0202651 0.0161314 -0.0259001 23106.8 2454.14 9995.31 2653.59 nan nan -110.021 nan nan nan 2118.42 nan nan nan -1.10097 nan
3 -65 0.216665 -0.0313415 2660.36 0.308335 0.216706 0.258295 0.216665 0.049651 -0.0202651 0.0161314 -0.0313415 23106.8 2454.14 9995.31 2660.36 nan nan nan -64.9741 nan nan nan 1568.04 nan nan nan -1.26131
0 -115 0.308685 0.0463858 23064.2 0.308685 0.216953 0.258589 0.215774 0.0463858 -0.0202651 0.0161314 -0.0313415 23064.2 2454.14 9995.31 2660.36 -115.05 nan nan nan -9870.38 nan nan nan -0.75686 nan nan nan
1 -40 0.217197 -0.0237467 2450.44 0.307907 0.217197 0.25888 0.216017 0.0463858 -0.0237467 0.0161314 -0.0313415 23064.2 2450.44 9995.31 2660.36 nan -39.9797 nan nan nan -855.757 nan nan nan -0.807032 nan nan
1 -55 0.216588 -0.0285378 2452.91 0.308146 0.216588 0.259081 0.216185 0.0463858 -0.0285378 0.0161314 -0.0313415 23064.2 2452.91 9995.31 2660.36 nan -54.9763 nan nan nan 571.944 nan nan nan -1.11059 nan nan
2 210 0.259346 0.0251924 10142.4 0.308461 0.215788 0.259346 0.216405 0.0463858 -0.0285378 0.0251924 -0.0313415 23064.2 2452.91 10142.4 2660.36 nan nan 209.984 nan nan nan 34097.9 nan nan nan 2.10033 nan
2 -100 0.26148 0.0209077 10141.8 0.307572 0.215166 0.26148 0.215782 0.0463858 -0.0285378 0.0209077 -0.0313415 23064.2 2452.91 10141.8 2660.36 nan nan -100.025 nan nan nan -137.371 nan nan nan -0.993205 nan
3 -60 0.216024 -0.0363573 2664.4 0.307917 0.215407 0.260652 0.216024 0.0463858 -0.0285378 0.0209077 -0.0363573 23064.2 2452.91 10141.8 2664.4 nan nan nan -59.9687 nan nan nan 935.88 nan nan nan -1.16266
1 -50 0.215635 -0.0328906 2453.1 0.308243 0.215635 0.260928 0.215194 0.0463858 -0.0328906 0.0209077 -0.0363573 23064.2 2453.1 10141.8 2664.4 nan -49.9715 nan nan nan 44.2355 nan nan nan -1.00898 nan nan
2 335 0.261173 0.0352576 10582.2 0.308531 0.214901 0.261173 0.215395 0.0463858 -0.0328906 0.0352576 -0.0363573 23064.2 2453.1 10582.2 2664.4 nan nan 334.979 nan nan nan 102069 nan nan nan 3.32629 nan
0 -95 0.306886 0.0436859 23003.7 0.306886 0.213755 0.265112 0.214247 0.0436859 -0.0328906 0.0352576 -0.0363573 23003.7 2453.1 10582.2 2664.4 -95.0464 nan nan nan -14030.4 nan nan nan -0.625844 nan nan nan
3 -50 0.21446 -0.0405331 2663.67 0.306195 0.213968 0.265376 0.21446 0.0436859 -0.0328906 0.0352576 -0.0405331 23003.7 2453.1 10582.2 2663.67 nan nan nan -49.9636 nan nan nan -168.031 nan nan nan -0.967954
2 -110 0.265615 0.030643 10588.7 0.306471 0.21416 0.265615 0.213754 0.0436859 -0.0328906 0.030643 -0.0405331 23003.7 2453.1 10588.7 2663.67 nan nan -110.035 nan nan nan 1525.61 nan nan nan -1.06966 nan
3 -50 0.214011 -0.0447092 2662.95 0.306839 0.214418 0.264733 0.214011 0.0436859 -0.0328906 0.030643 -0.0447092 23003.7 2453.1 10588.7 2662.95 nan nan nan -49.9595 nan nan nan -167.724 nan nan nan -0.968005
1 -60 0.21461 -0.0381139 2458.03 0.307114 0.21461 0.26497 0.213306 0.0436859 -0.0381139 0.030643 -0.0447092 23003.7 2458.03 10588.7 2662.95 nan -59.9671 nan nan nan 1142.95 nan nan nan -1.21075 nan nan
2 365 0.265259 0.0459441 11117.7 0.307448 0.213754 0.265259 0.213539 0.0436859 -0.0381139 0.0459441 -0.0447092 23003.7 2458.03 11117.7 2662.95 nan nan 364.969 nan nan nan 122614 nan nan nan 3.54678 nan
0 -135 0.30562 0.0398447 22983.1 0.30562 0.212482 0.269629 0.212268 0.0398447 -0.0381139 0.0459441 -0.0447092 22983.1 2458.03 11117.7 2662.95 -135.044 nan nan nan -4766.9 nan nan nan -0.89038 nan nan nan
3 -45 0.21253 -0.0484674 2660.18 0.304766 0.212744 0.269961 0.21253 0.0398447 -0.0381139 0.0459441 -0.0484674 22983.1 2458.03 11117.7 2660.18 nan nan nan -44.9553 nan nan nan -641.97 nan nan nan -0.871163
0 -125 0.305014 0.0362865 22951.4 0.305014 0.212917 0.270181 0.211889 0.0362865 -0.0381139 0.0459441 -0.0484674 22951.4 2458.03 11117.7 2660.18 -125.04 nan nan nan -7348.17 nan nan nan -0.824791 nan nan nan
1 10 0.213167 -0.0372404 2447.86 0.304199 0.213167 0.270497 0.212137 0.0362865 -0.0372404 0.0459441 -0.0484674 22951.4 2447.86 11117.7 2660.18 nan 10.0381 nan nan nan -2357.27 nan nan nan 0.202469 nan nan
2 -100 0.270463 0.0418507 11112.9 0.30416 0.213266 0.270463 0.212111 0.0362865 -0.0372404 0.0418507 -0.0484674 22951.4 2447.86 11112.9 2660.18 nan nan -100.046 nan nan nan -1108.51 nan nan nan -0.948838 nan
3 -65 0.212349 -0.0539002 2666.9 0.304502 0.213505 0.269644 0.212349 0.0362865 -0.0372404 0.0418507 -0.0539002 22951.4 2447.86 11112.9 2666.9 nan nan nan -64.9515 nan nan nan 1558.52 nan nan nan -1.25931
1 0 0.213743 -0.0372372 2437.3 0.304841 0.213743 0.269944 0.211472 0.0362865 -0.0372372 0.0418507 -0.0539002 22951.4 2437.3 11112.9 2666.9 nan 0.0372404 nan nan nan -2447.86 nan nan nan 0.000752699 nan nan
0 -105 0.30486 0.0332955 22900 0.30486 0.213694 0.269961 0.211485 0.0332955 -0.0372372 0.0418507 -0.0539002 22900 2437.3 11112.9 2666.9 -105.036 nan nan nan -11918.8 nan nan nan -0.693321 nan nan nan
2 -90 0.270246 0.0381659 11100 0.304128 0.213919 0.270246 0.211708 0.0332955 -0.0372372 0.0381659 -0.0539002 22900 2437.3 11100 2666.9 nan nan -90.0419 nan nan nan -3005.38 nan nan nan -0.854143 nan
3 -55 0.211928 -0.0584903 2668.42 0.304444 0.214142 0.269486 0.211928 0.0332955 -0.0372372 0.0381659 -0.0584903 22900 2437.3 11100 2668.42 nan nan nan -54.9461 nan nan nan 352.171 nan nan nan -1.06398
0 1510 0.304737 0.076342 32637.3 0.304737 0.214348 0.269746 0.211169 0.076342 -0.0372372 0.0381659 -0.0584903 32637.3 2437.3 11100 2668.42 1509.97 nan nan nan 2.2571e+06 nan nan nan 9.97814 nan nan nan
2 -100 0.259316 0.0340695 11095.2 0.33162 0.20606 0.259316 0.203004 0.076342 -0.0372372 0.0340695 -0.0584903 32637.3 2437.3 11095.2 2668.42 nan nan -100.038 nan nan nan -1092.32 nan nan nan -0.949522 nan
3 -60 0.203223 -0.0634963 2672.41 0.331977 0.206282 0.258518 0.203223 0.076342 -0.0372372 0.0340695 -0.0634963 32637.3 2437.3 11095.2 2672.41 nan nan nan -59.9415 nan nan nan 924.563 nan nan nan -1.16038
2 340 0.258775 0.0479933 11546 0.332307 0.206487 0.258775 0.202431 0.076342 -0.0372372 0.0479933 -0.0634963 32637.3 2437.3 11546 2672.41 nan nan 339.966 nan nan nan 104482 nan nan nan 3.22751 nan
1 -45 0.205426 -0.0411662 2435.51 0.330599 0.205426 0.262585 0.20139 0.076342 -0.0411662 0.0479933 -0.0634963 32637.3 2435.51 11546 2672.41 nan -44.9628 nan nan nan -415.653 nan nan nan -0.910748 nan nan
3 210 0.201555 -0.0459661 2851.25 0.330869 0.204777 0.262799 0.201555 0.076342 -0.0411662 0.0479933 -0.0459661 32637.3 2435.51 11546 2851.25 nan nan nan 210.063 nan nan nan 41454.3 nan nan nan 4.06349
0 -150 0.329377 0.0727582 32593.7 0.329377 0.203854 0.261614 0.205155 0.0727582 -0.0411662 0.0479933 -0.0459661 32593.7 2435.51 11546 2851.25 -150.076 nan nan nan -10114.4 nan nan nan -0.830721 nan nan nan
2 -100 0.261951 0.0439765 11539.4 0.328513 0.204116 0.261951 0.20542 0.0727582 -0.0411662 0.0439765 -0.0459661 32593.7 2435.51 11539.4 2851.25 nan nan -100.048 nan nan nan -1536.38 nan nan nan -0.931093 nan
3 -60 0.20564 -0.0508099 2854.45 0.328865 0.204336 0.261159 0.20564 0.0727582 -0.0411662 0.0439765 -0.0508099 32593.7 2435.51 11539.4 2854.45 nan nan nan -59.954 nan nan nan 743.239 nan nan nan -1.1228
3 -70 0.204863 -0.0564581 2863.25 0.329187 0.204535 0.261415 0.204863 0.0727582 -0.0411662 0.0439765 -0.0564581 32593.7 2435.51 11539.4 2863.25 nan nan nan -69.9492 nan nan nan 2038.44 nan nan nan -1.30925
1 -55 0.204762 -0.0459705 2438.03 0.329552 0.204762 0.261704 0.203982 0.0727582 -0.0459705 0.0439765 -0.0564581 32593.7 2438.03 11539.4 2863.25 nan -54.9588 nan nan nan 584.963 nan nan nan -1.11363 nan nan
2 -100 0.261958 0.0399587 11532.8 0.329871 0.203992 0.261958 0.204179 0.0727582 -0.0459705 0.0399587 -0.0564581 32593.7 2438.03 11532.8 2863.25 nan nan -100.044 nan nan nan -1530.56 nan nan nan -0.931323 nan
0 -120 0.330225 0.0698889 32515.3 0.330225 0.204211 0.261165 0.204398 0.0698889 -0.0459705 0.0399587 -0.0564581 32515.3 2438.03 11532.8 2863.25 -120.073 nan nan nan -18176.2 nan nan nan -0.665086 nan nan nan
3 -50 0.204632 -0.0604847 2861.66 0.329458 0.204445 0.261464 0.204632 0.0698889 -0.0459705 0.0399587 -0.0604847 32515.3 2438.03 11532.8 2861.66 nan nan nan -49.9435 nan nan nan -368.891 nan nan nan -0.933361
2 -90 0.261682 0.0363416 11518 0.329732 0.204615 0.261682 0.203971 0.0698889 -0.0459705 0.0363416 -0.0604847 32515.3 2438.03 11518 2861.66 nan nan -90.04 nan nan nan -3425.56 nan nan nan -0.838434 nan
1 -15 0.204819 -0.0472771 2428.48 0.33006 0.204819 0.260947 0.204174 0.0698889 -0.0472771 0.0363416 -0.0604847 32515.3 2428.48 11518 2861.66 nan -14.954 nan nan nan -2214.41 nan nan nan -0.302858 nan nan
1 -50 0.204563 -0.0516501 2428.77 0.330167 0.204563 0.261031 0.20424 0.0698889 -0.0516501 0.0363416 -0.0604847 32515.3 2428.77 11518 2861.66 nan -49.9527 nan nan nan 66.7938 nan nan nan -1.01366 nan nan
0 -120 0.330461 0.0670163 32437.2 0.330461 0.203853 0.261264 0.204422 0.0670163 -0.0516501 0.0363416 -0.0604847 32437.2 2428.77 11518 2861.66 -120.07 nan nan nan -18098.5 nan nan nan -0.665872 nan nan nan
2 -110 0.261563 0.0319184 11520.5 0.329694 0.204087 0.261563 0.204656 0.0670163 -0.0516501 0.0319184 -0.0604847 32437.2 2428.77 11520.5 2861.66 nan nan -110.036 nan nan nan 590.024 nan nan nan -1.02529 nan
0 -150 0.25 -0.00431408 22500 0.25 0.25 0.25 0.25 -0.00431408 0 0 0 22500 1 1 1 -150 nan nan nan 0 nan nan nan -1 nan nan nan
3 -40 0.222124 -0.00431408 1600 0.333629 0.222124 0.222124 0.222124 -0.00431408 0 0 -0.00431408 22500 1 1 1600 nan nan nan -40 nan nan nan 0 nan nan nan -1
2 -185 0.216881 -0.00431408 34225 0.325756 0.216881 0.216881 0.240481 -0.00431408 0 -0.00431408 -0.00431408 22500 1 34225 1600 nan nan -185 nan nan nan 0 nan nan nan -1 nan
1 -45 0.18993 -0.00431408 2025 0.285275 0.18993 0.314198 0.210597 -0.00431408 -0.00431408 -0.00431408 -0.00431408 22500 2025 34225 1600 nan -45 nan nan nan 0 nan nan nan -1 nan nan
1 -40 0.208601 -0.0081484 2023.17 0.278699 0.208601 0.306956 0.205743 -0.00431408 -0.0081484 -0.00431408 -0.00431408 22500 2023.17 34225 1600 nan -39.9957 nan nan nan -425.345 nan nan nan -0.888793 nan nan
3 -50 0.20591 -0.00970621 1603.88 0.278925 0.20796 0.307205 0.20591 -0.00431408 -0.0081484 -0.00431408 -0.00970621 22500 2023.17 34225 1603.88 nan nan nan -49.9957 nan nan nan 899.569 nan nan nan -1.24989
1 -135 0.208185 -0.0210957 2093.05 0.279227 0.208185 0.307537 0.205052 -0.00431408 -0.0210957 -0.00431408 -0.00970621 22500 2093.05 34225 1603.88 nan -134.992 nan nan nan 16199.6 nan nan nan -3.00118 nan nan
0 -150 0.279854 -0.00862804 22500 0.279854 0.206406 0.308227 0.205512 -0.00862804 -0.0210957 -0.00431408 -0.00970621 22500 2093.05 34225 1603.88 -149.996 nan nan nan -1.29421 nan nan nan -0.999971 nan nan nan
2 80 0.308599 -0.00244843 34105 0.278985 0.206655 0.308599 0.20576 -0.00862804 -0.0210957 -0.00244843 -0.00970621 22500 2093.05 34105 1603.88 nan nan 80.0043 nan nan nan -27824.3 nan nan nan 0.432456 nan
1 -45 0.206593 -0.0253371 2092.75 0.278902 0.206593 0.308806 0.205699 -0.00862804 -0.0253371 -0.00244843 -0.00970621 22500 2092.75 34105 1603.88 nan -44.9789 nan nan nan -69.9497 nan nan nan -0.983148 nan nan
2 -75 0.309077 -0.0042004 33982.1 0.279147 0.205898 0.309077 0.205879 -0.00862804 -0.0253371 -0.0042004 -0.00970621 22500 2092.75 33982.1 1603.88 nan nan -74.9976 nan nan nan -28480.3 nan nan nan -0.406105 nan
3 -137 0.206049 -0.024463 1677.92 0.279377 0.206067 0.308507 0.206049 -0.00862804 -0.0253371 -0.0042004 -0.024463 22500 2092.75 33982.1 1677.92 nan nan nan -136.99 nan nan nan 17162.5 nan nan nan -3.42061
2 207 0.309282 0.000644025 34020.4 0.280079 0.206585 0.309282 0.204054 -0.00862804 -0.0253371 0.000644025 -0.024463 22500 2092.75 34020.4 1677.92 nan nan 207.004 nan nan nan 8868.64 nan nan nan 1.12293 nan
0 1440 0.279634 0.0327874 31348.7 0.279634 0.206257 0.310379 0.20373 0.0327874 -0.0253371 0.000644025 -0.024463 31348.7 2092.75 34020.4 1677.92 1440.01 nan nan nan 2.05112e+06 nan nan nan 9.60006 nan nan nan
3 42 0.196952 -0.0200371 1678.3 0.3036 0.199395 0.300053 0.196952 0.0327874 -0.0253371 0.000644025 -0.0200371 31348.7 2092.75 34020.4 1678.3 nan nan nan 42.0245 nan nan nan 88.1345 nan nan nan 1.02593
2 -83 0.29979 -0.00129731 33903.3 0.303334 0.19922 0.29979 0.197655 0.0327874 -0.0253371 -0.00129731 -0.0200371 31348.7 2092.75 33903.3 1678.3 nan nan -83.0006 nan nan nan -27131.3 nan nan nan -0.449999 nan
0 -135 0.30359 0.0294972 31292.1 0.30359 0.199389 0.299199 0.197822 0.0294972 -0.0253371 -0.00129731 -0.0200371 31292.1 2092.75 33903.3 1678.3 -135.033 nan nan nan -13114.9 nan nan nan -0.762657 nan nan nan
1 -50 0.199614 -0.0300499 2094.5 0.302802 0.199614 0.299538 0.198046 0.0294972 -0.0300499 -0.00129731 -0.0200371 31292.1 2094.5 33903.3 1678.3 nan -49.9747 nan nan nan 404.717 nan nan nan -1.09242 nan nan
3 40 0.19823 -0.0158227 1677.97 0.303083 0.198871 0.299816 0.19823 0.0294972 -0.0300499 -0.00129731 -0.0158227 31292.1 2094.5 33903.3 1677.97 nan nan nan 40.02 nan nan nan -76.6979 nan nan nan 0.976883
3 -135 0.198899 -0.0300388 1749.34 0.30283 0.198705 0.299566 0.198899 0.0294972 -0.0300499 -0.00129731 -0.0300388 31292.1 2094.5 33903.3 1749.34 nan nan nan -134.984 nan nan nan 16542.8 nan nan nan -3.29527
0 -162 0.303541 0.0255457 31270.4 0.303541 0.199171 0.300269 0.197019 0.0255457 -0.0300499 -0.00129731 -0.0300388 31270.4 2094.5 33903.3 1749.34 -162.029 nan nan nan -5038.57 nan nan nan -0.91596 nan nan nan
3 -50 0.197266 -0.035193 1752.56 0.30267 0.19942 0.300644 0.197266 0.0255457 -0.0300499 -0.00129731 -0.035193 31270.4 2094.5 33903.3 1752.56 nan nan nan -49.97 nan nan nan 747.66 nan nan nan -1.19474
1 -135 0.199618 -0.0427728 2164.05 0.302971 0.199618 0.300943 0.196468 0.0255457 -0.0427728 -0.00129731 -0.035193 31270.4 2164.05 33903.3 1752.56 nan -134.97 nan nan nan 16122.4 nan nan nan -2.94915 nan nan
2 133 0.30158 0.00181887 33833.4 0.303613 0.197923 0.30158 0.196884 0.0255457 -0.0427728 0.00181887 -0.035193 31270.4 2164.05 33833.4 1752.56 nan nan 133.001 nan nan nan -16214 nan nan nan 0.722329 nan
3 45 0.19673 -0.0305521 1753.75 0.303375 0.197768 0.302126 0.19673 0.0255457 -0.0427728 0.00181887 -0.0305521 31270.4 2164.05 33833.4 1753.75 nan nan nan 45.0352 nan nan nan 275.606 nan nan nan 1.07576
2 185 0.301848 0.00615781 33835 0.303096 0.197586 0.301848 0.19747 0.0255457 -0.0427728 0.00615781 -0.0305521 31270.4 2164.05 33835 1753.75 nan nan 184.998 nan nan nan 390.964 nan nan nan 1.00576 nan
0 -150 0.302697 0.0218856 31232.6 0.302697 0.197326 0.302766 0.197211 0.0218856 -0.0427728 0.00615781 -0.0305521 31232.6 2164.05 33835 1753.75 -150.026 nan nan nan -8762.73 nan nan nan -0.848396 nan nan nan
3 -48 0.197447 -0.0354937 1756.11 0.301863 0.197562 0.303128 0.197447 0.0218856 -0.0427728 0.00615781 -0.0354937 31232.6 2164.05 33835 1756.11 nan nan nan -47.9694 nan nan nan 547.316 nan nan nan -1.14546
1 -40 0.197752 -0.0464783 2161.6 0.302153 0.197752 0.303419 0.196677 0.0218856 -0.0464783 0.00615781 -0.0354937 31232.6 2161.6 33835 1756.11 nan -39.9572 nan nan nan -567.469 nan nan nan -0.858938 nan nan
2 -90 0.303645 0.00404686 33724 0.302378 0.197153 0.303645 0.196824 0.0218856 -0.0464783 0.00404686 -0.0354937 31232.6 2161.6 33724 1756.11 nan nan -90.0062 nan nan nan -25733.9 nan nan nan -0.489315 nan
0 -60 0.302648 0.0204205 31113.4 0.302648 0.197329 0.303023 0.197 0.0204205 -0.0464783 0.00404686 -0.0354937 31113.4 2161.6 33724 1756.11 -60.0219 nan nan nan -27630 nan nan nan -0.33963 nan nan nan
3 83 0.197142 -0.0269454 1778.28 0.302143 0.197472 0.303242 0.197142 0.0204205 -0.0464783 0.00404686 -0.0269454 31113.4 2161.6 33724 1778.28 nan nan nan 83.0355 nan nan nan 5138.78 nan nan nan 1.98147
3 53 0.198615 -0.0215206 1782.74 0.301589 0.19711 0.302686 0.198615 0.0204205 -0.0464783 0.00404686 -0.0215206 31113.4 2161.6 33724 1782.74 nan nan nan 53.0269 nan nan nan 1033.58 nan nan nan 1.25747
3 -60 0.199503 -0.0276489 1790.57 0.301254 0.196892 0.302351 0.199503 0.0204205 -0.0464783 0.00404686 -0.0276489 31113.4 2161.6 33724 1790.57 nan nan nan -59.9785 nan nan nan 1814.68 nan nan nan -1.42053
0 -170 0.301607 0.0162622 31103.9 0.301607 0.197122 0.302705 0.198567 0.0162622 -0.0464783 0.00404686 -0.0276489 31103.9 2161.6 33724 1790.57 -170.02 nan nan nan -2206.45 nan nan nan -0.96389 nan nan nan
2 245 0.303091 0.00980229 33837.5 0.300716 0.197373 0.303091 0.19882 0.0162622 -0.0464783 0.00980229 -0.0276489 31103.9 2161.6 33837.5 1790.57 nan nan 244.996 nan nan nan 26299 nan nan nan 1.3341 nan
2 -167 0.304488 0.00588549 33811.8 0.300113 0.196978 0.304488 0.198421 0.0162622 -0.0464783 0.00588549 -0.0276489 31103.9 2161.6 33811.8 1790.57 nan nan -167.01 nan nan nan -5945.21 nan nan nan -0.90791 nan
1 455 0.197224 -0.00425463 3045.58 0.300488 0.197224 0.303619 0.198669 0.0162622 -0.00425463 0.00588549 -0.0276489 31103.9 3045.58 33811.8 1790.57 nan 455.046 nan nan nan 204906 nan nan nan 9.78741 nan nan
3 -45 0.196023 -0.0322339 1791.57 0.296485 0.207917 0.299574 0.196023 0.0162622 -0.00425463 0.00588549 -0.0322339 31103.9 3045.58 33811.8 1791.57 nan nan nan -44.9724 nan nan nan 231.943 nan nan nan -1.0628
2 -220 0.299841 0.000723846 33874.8 0.29675 0.208103 0.299841 0.195307 0.0162622 -0.00425463 0.000723846 -0.0322339 31103.9 3045.58 33874.8 1791.57 nan nan -220.006 nan nan nan 14590.8 nan nan nan -1.19646 nan
2 -180 0.298858 -0.0034953 33868.4 0.297167 0.208395 0.298858 0.195581 0.0162622 -0.00425463 -0.0034953 -0.0322339 31103.9 3045.58 33868.4 1791.57 nan nan -180.001 nan nan nan -1474.52 nan nan nan -0.977994 nan
3 -45 0.19583 -0.0368172 1792.56 0.297545 0.208661 0.297964 0.19583 0.0162622 -0.00425463 -0.0034953 -0.0368172 31103.9 3045.58 33868.4 1792.56 nan nan nan -44.9678 nan nan nan 230.53 nan nan nan -1.06239
1 -155 0.208846 -0.016371 3136.08 0.29781 0.208846 0.298229 0.195114 0.0162622 -0.016371 -0.0034953 -0.0368172 31103.9 3136.08 33868.4 1792.56 nan -154.996 nan nan nan 20978.1 nan nan nan -2.80857 nan nan
0 -83 0.298422 0.0142315 30999.4 0.298422 0.20722 0.298842 0.195515 0.0142315 -0.016371 -0.0034953 -0.0368172 30999.4 3136.08 33868.4 1792.56 -83.0163 nan nan nan -24212.2 nan nan nan -0.470713 nan nan nan
3 -135 0.195682 -0.0505692 1863.41 0.297826 0.207396 0.299096 0.195682 0.0142315 -0.016371 -0.0034953 -0.0505692 30999.4 3136.08 33868.4 1863.41 nan nan nan -134.963 nan nan nan 16422.5 nan nan nan -3.1877
2 355 0.299765 0.00482662 34266 0.298492 0.20786 0.299765 0.193883 0.0142315 -0.016371 0.00482662 -0.0505692 30999.4 3136.08 34266 1863.41 nan nan 355.003 nan nan nan 92159.1 nan nan nan 1.92901 nan
3 59 0.193225 -0.0446677 1870.42 0.297479 0.207154 0.302141 0.193225 0.0142315 -0.016371 0.00482662 -0.0446677 30999.4 3136.08 34266 1870.42 nan nan nan 59.0506 nan nan nan 1623.56 nan nan nan 1.36795
1 -60 0.206909 -0.0209919 3138.07 0.297126 0.206909 0.301783 0.194182 0.0142315 -0.0209919 0.00482662 -0.0446677 30999.4 3138.07 34266 1870.42 nan -59.9836 nan nan nan 461.954 nan nan nan -1.07112 nan nan
2 -135 0.302068 0.00168028 34196.8 0.297407 0.20616 0.302068 0.194365 0.0142315 -0.0209919 0.00168028 -0.0446677 30999.4 3138.07 34196.8 1870.42 nan nan -135.005 nan nan nan -16039.7 nan nan nan -0.729319 nan
0 -130 0.297736 0.0110458 30938.6 0.297736 0.206387 0.301296 0.19458 0.0110458 -0.0209919 0.00168028 -0.0446677 30938.6 3138.07 34196.8 1870.42 -130.014 nan nan nan -14095.7 nan nan nan -0.738438 nan nan nan
3 82 0.194792 -0.0364837 1891.39 0.296971 0.206612 0.301625 0.194792 0.0110458 -0.0209919 0.00168028 -0.0364837 30938.6 3138.07 34196.8 1891.39 nan nan nan 82.0447 nan nan nan 4860.91 nan nan nan 1.89706
1 -45 0.206255 -0.0244558 3133.26 0.296457 0.206255 0.301103 0.196184 0.0110458 -0.0244558 0.00168028 -0.0364837 30938.6 3133.26 34196.8 1891.39 nan -44.979 nan nan nan -1114.96 nan nan nan -0.802931 nan nan
2 -60 0.301325 0.000280502 34064.8 0.296676 0.205669 0.301325 0.196329 0.0110458 -0.0244558 0.000280502 -0.0364837 30938.6 3133.26 34064.8 1891.39 nan nan -60.0017 nan nan nan -30596.6 nan nan nan -0.324467 nan
3 -135 0.19647 -0.0498716 1961.81 0.296889 0.205817 0.300823 0.19647 0.0110458 -0.0244558 0.000280502 -0.0498716 30938.6 3133.26 34064.8 1961.81 nan nan nan -134.964 nan nan nan 16323.8 nan nan nan -3.10332
2 -75 0.301482 -0.00147256 33942.1 0.297539 0.206267 0.301482 0.194712 0.0110458 -0.0244558 -0.00147256 -0.0498716 30938.6 3133.26 33942.1 1961.81 nan nan -75.0003 nan nan nan -28439.8 nan nan nan -0.406359 nan
0 1516 0.297778 0.0482279 40719.9 0.297778 0.206433 0.300919 0.194869 0.0482279 -0.0244558 -0.00147256 -0.0498716 40719.9 3133.26 33942.1 1961.81 1515.99 nan nan nan 2.26728e+06 nan nan nan 8.61878 nan nan nan
1 -158 0.199612 -0.0366311 3227.41 0.320982 0.199612 0.290976 0.18843 0.0482279 -0.0366311 -0.00147256 -0.0498716 40719.9 3227.41 33942.1 1961.81 nan -157.976 nan nan nan 21823 nan nan nan -2.82222 nan nan
2 -250 0.291548 -0.00732661 34065.3 0.321613 0.19804 0.291548 0.1888 0.0482279 -0.0366311 -0.00732661 -0.0498716 40719.9 3227.41 34065.3 1961.81 nan nan -249.999 nan nan nan 28557.1 nan nan nan -1.35696 nan
0 -172 0.322075 0.0445497 40671.9 0.322075 0.198324 0.29053 0.189071 0.0445497 -0.0366311 -0.00732661 -0.0498716 40671.9 3227.41 34065.3 1961.81 -172.048 nan nan nan -11119.3 nan nan nan -0.852603 nan nan nan
3 -142 0.189315 -0.0636976 2040.27 0.321201 0.19858 0.290905 0.189315 0.0445497 -0.0366311 -0.00732661 -0.0636976 40671.9 3227.41 34065.3 2040.27 nan nan nan -141.95 nan nan nan 18188 nan nan nan -3.20485
3 79 0.187571 -0.0561463 2058.44 0.321892 0.199007 0.291531 0.187571 0.0445497 -0.0366311 -0.00732661 -0.0561463 40671.9 3227.41 34065.3 2058.44 nan nan nan 79.0637 nan nan nan 4210.79 nan nan nan 1.75038
2 685 0.291086 0.00868471 35942.7 0.321401 0.198704 0.291086 0.188809 0.0445497 -0.0366311 0.00868471 -0.0561463 40671.9 3227.41 35942.7 2058.44 nan nan 685.007 nan nan nan 435170 nan nan nan 3.71141 nan
3 -50 0.187158 -0.0608953 2060.32 0.318591 0.196966 0.297285 0.187158 0.0445497 -0.0366311 0.00868471 -0.0608953 40671.9 3227.41 35942.7 2060.32 nan nan nan -49.9439 nan nan nan 435.949 nan nan nan -1.10081
0 -60 0.31887 0.0432652 40512 0.31887 0.197139 0.297546 0.186445 0.0432652 -0.0366311 0.00868471 -0.0608953 40512 3227.41 35942.7 2060.32 -60.0445 nan nan nan -37066.5 nan nan nan -0.297733 nan nan nan
1 -50 0.197288 -0.0404253 3224.26 0.318354 0.197288 0.297772 0.186586 0.0432652 -0.0404253 0.00868471 -0.0608953 40512 3224.26 35942.7 2060.32 nan -49.9634 nan nan nan -731.073 nan nan nan -0.879477 nan nan
2 -165 0.297999 0.00492989 35905.1 0.318596 0.196676 0.297999 0.186729 0.0432652 -0.0404253 0.00492989 -0.0608953 40512 3224.26 35905.1 2060.32 nan nan -165.009 nan nan nan -8714.81 nan nan nan -0.870365 nan
0 -158 0.318979 0.0398778 40445 0.318979 0.196912 0.297157 0.186953 0.0398778 -0.0404253 0.00492989 -0.0608953 40445 3224.26 35905.1 2060.32 -158.043 nan nan nan -15534.3 nan nan nan -0.785207 nan nan nan
3 -43 0.187182 -0.0649764 2059.39 0.318143 0.197154 0.297521 0.187182 0.0398778 -0.0404253 0.00492989 -0.0649764 40445 3224.26 35905.1 2059.39 nan nan nan -42.9391 nan nan nan -216.553 nan nan nan -0.945988
2 335 0.29775 0.0125568 36234.3 0.318388 0.197305 0.29775 0.186558 0.0398778 -0.0404253 0.0125568 -0.0649764 40445 3224.26 36234.3 2059.39 nan nan 334.995 nan nan nan 76316.6 nan nan nan 1.76791 nan
3 -60 0.186 -0.0706741 2066 0.317436 0.196715 0.299849 0.186 0.0398778 -0.0404253 0.0125568 -0.0706741 40445 3224.26 36234.3 2066 nan nan nan -59.935 nan nan nan 1532.82 nan nan nan -1.32072
1 -45 0.196916 -0.0438411 3219.07 0.31776 0.196916 0.300155 0.185169 0.0398778 -0.0438411 0.0125568 -0.0706741 40445 3219.07 36234.3 2066 nan -44.9596 nan nan nan -1202.89 nan nan nan -0.791785 nan nan
3 -50 0.185298 -0.075413 2067.84 0.317982 0.196357 0.300364 0.185298 0.0398778 -0.0438411 0.0125568 -0.075413 40445 3219.07 36234.3 2067.84 nan nan nan -49.9293 nan nan nan 426.939 nan nan nan -1.09848
2 -90 0.300624 0.0105168 36113 0.318257 0.196527 0.300624 0.184592 0.0398778 -0.0438411 0.0105168 -0.075413 40445 3219.07 36113 2067.84 nan nan -90.0126 nan nan nan -28132.1 nan nan nan -0.472871 nan
1 -168 0.196699 -0.0566119 3326.88 0.318536 0.196699 0.30001 0.184754 0.0398778 -0.0566119 0.0105168 -0.075413 40445 3326.88 36113 2067.84 nan -167.956 nan nan nan 24990.2 nan nan nan -2.96027 nan nan
0 -83 0.319172 0.0380965 40300.2 0.319172 0.195097 0.300609 0.185123 0.0380965 -0.0566119 0.0105168 -0.075413 40300.2 3326.88 36113 2067.84 -83.0399 nan nan nan -33549.3 nan nan nan -0.412909 nan nan nan
3 135 0.185287 -0.0625983 2137.63 0.318569 0.19527 0.300875 0.185287 0.0380965 -0.0566119 0.0105168 -0.0625983 40300.2 3326.88 36113 2137.63 nan nan nan 135.075 nan nan nan 16177.5 nan nan nan 2.97042
2 420 0.30004 0.0200512 36718.1 0.317684 0.194727 0.30004 0.187549 0.0380965 -0.0566119 0.0200512 -0.0625983 40300.2 3326.88 36718.1 2137.63 nan nan 419.989 nan nan nan 140278 nan nan nan 2.21007 nan
3 -130 0.186764 -0.0747226 2201.25 0.316355 0.193913 0.302969 0.186764 0.0380965 -0.0566119 0.0200512 -0.0747226 40300.2 3326.88 36718.1 2201.25 nan nan nan -129.937 nan nan nan 14746.1 nan nan nan -2.8104
1 -41 0.194282 -0.0596743 3319.76 0.316958 0.194282 0.303546 0.185213 0.0380965 -0.0596743 0.0200512 -0.0747226 40300.2 3319.76 36718.1 2201.25 nan -40.9434 nan nan nan -1650.52 nan nan nan -0.709848 nan nan
2 -165 0.303737 0.016336 36677.2 0.317157 0.193777 0.303737 0.18533 0.0380965 -0.0596743 0.016336 -0.0747226 40300.2 3319.76 36677.2 2201.25 nan nan -165.02 nan nan nan -9486.51 nan nan nan -0.861185 nan
0 -153 0.317543 0.0348077 40227.4 0.317543 0.194013 0.30289 0.185555 0.0348077 -0.0596743 0.016336 -0.0747226 40227.4 3319.76 36677.2 2201.25 -153.038 nan nan nan -16879.6 nan nan nan -0.762335 nan nan nan
1 -45 0.194246 -0.0630391 3314.15 0.316722 0.194246 0.303254 0.185778 0.0348077 -0.0630391 0.016336 -0.0747226 40227.4 3314.15 36677.2 2201.25 nan -44.9403 nan nan nan -1300.12 nan nan nan -0.779979 nan nan
2 410 0.30346 0.0255714 37244.1 0.316937 0.193699 0.30346 0.185904 0.0348077 -0.0630391 0.0255714 -0.0747226 40227.4 3314.15 37244.1 2201.25 nan nan 409.984 nan nan nan 131409 nan nan nan 2.14076 nan
3 -127 0.185152 -0.0863935 2261.25 0.315654 0.192915 0.306279 0.185152 0.0348077 -0.0630391 0.0255714 -0.0863935 40227.4 3314.15 37244.1 2261.25 nan nan nan -126.925 nan nan nan 13908.8 nan nan nan -2.70529
1 -45 0.193268 -0.0664066 3308.56 0.316232 0.193268 0.30684 0.18366 0.0348077 -0.0664066 0.0255714 -0.0863935 40227.4 3308.56 37244.1 2261.25 nan -44.937 nan nan nan -1294.82 nan nan nan -0.780581 nan nan
0 -90 0.316446 0.0328711 40088.8 0.316446 0.192723 0.307047 0.183784 0.0328711 -0.0664066 0.0255714 -0.0863935 40088.8 3308.56 37244.1 2261.25 -90.0348 nan nan nan -32121.1 nan nan nan -0.4489 nan nan nan
2 -150 0.307328 0.0222177 37180.5 0.315821 0.192899 0.307328 0.183952 0.0328711 -0.0664066 0.0222177 -0.0863935 40088.8 3308.56 37180.5 2261.25 nan nan -150.026 nan nan nan -14736.4 nan nan nan -0.777386 nan
1 -158 0.193124 -0.0782519 3401.89 0.31619 0.193124 0.306518 0.184168 0.0328711 -0.0782519 0.0222177 -0.0863935 40088.8 3401.89 37180.5 2261.25 nan -157.934 nan nan nan 21634.5 nan nan nan -2.74571 nan nan
3 -125 0.184509 -0.0977259 2318.81 0.316776 0.191629 0.307086 0.184509 0.0328711 -0.0782519 0.0222177 -0.0977259 40088.8 3401.89 37180.5 2318.81 nan nan nan -124.914 nan nan nan 13342.2 nan nan nan -2.62685
2 -135 0.307632 0.0191968 37098.8 0.31734 0.19197 0.307632 0.183058 0.0328711 -0.0782519 0.0191968 -0.0977259 40088.8 3401.89 37098.8 2318.81 nan nan -135.022 nan nan nan -18949.5 nan nan nan -0.700241 nan
0 -174 0.317692 0.0291213 40046.6 0.317692 0.192183 0.306864 0.183261 0.0291213 -0.0782519 0.0191968 -0.0977259 40046.6 3401.89 37098.8 2318.81 -174.033 nan nan nan -9801.4 nan nan nan -0.8692 nan nan nan
1 465 0.19243 -0.0438522 4320.34 0.316816 0.19243 0.307258 0.183496 0.0291213 -0.0438522 0.0191968 -0.0977259 40046.6 4320.34 37098.8 2318.81 nan 465.078 nan nan nan 212896 nan nan nan 7.9738 nan nan
3 195 0.181527 -0.0802473 2473.01 0.313417 0.201094 0.303962 0.181527 0.0291213 -0.0438522 0.0191968 -0.0802473 40046.6 4320.34 37098.8 2473.01 nan nan nan 195.098 nan nan nan 35744.3 nan nan nan 4.05154
1 -60 0.200291 -0.0477874 4317.21 0.312167 0.200291 0.302749 0.184792 0.0291213 -0.0477874 0.0191968 -0.0802473 40046.6 4317.21 37098.8 2473.01 nan -59.9561 nan nan nan -725.605 nan nan nan -0.912167 nan nan
2 -250 0.302991 0.0135969 37208.4 0.312417 0.199651 0.302991 0.18494 0.0291213 -0.0477874 0.0135969 -0.0802473 40046.6 4317.21 37208.4 2473.01 nan nan -250.019 nan nan nan 25410.8 nan nan nan -1.29806 nan
0 -180 0.312872 0.0252403 40013.6 0.312872 0.199942 0.301975 0.18521 0.0252403 -0.0477874 0.0135969 -0.0802473 40013.6 4317.21 37208.4 2473.01 -180.029 nan nan nan -7636.07 nan nan nan -0.899622 nan nan nan
3 -75 0.185448 -0.0867466 2486.56 0.31199 0.200199 0.302363 0.185448 0.0252403 -0.0477874 0.0135969 -0.0867466 40013.6 4317.21 37208.4 2486.56 nan nan nan -74.9198 nan nan nan 3139.96 nan nan nan -1.50655
1 -45 0.200426 -0.0507389 4307.31 0.312343 0.200426 0.302706 0.184524 0.0252403 -0.0507389 0.0135969 -0.0867466 40013.6 4307.31 37208.4 2486.56 nan -44.9522 nan nan nan -2296.51 nan nan nan -0.684147 nan nan
0 -158 0.312541 0.0218322 39948.7 0.312541 0.19992 0.302897 0.184641 0.0218322 -0.0507389 0.0135969 -0.0867466 39948.7 4307.31 37208.4 2486.56 -158.025 nan nan nan -15041.6 nan nan nan -0.789992 nan nan nan
1 -150 0.200161 -0.0605955 4385.73 0.311713 0.200161 0.303262 0.184864 0.0218322 -0.0605955 0.0135969 -0.0867466 39948.7 4385.73 37208.4 2486.56 nan -149.949 nan nan nan 18177.5 nan nan nan -2.28476 nan nan
