0.10111 -0.00187068 504.645
0.0994809 -0.0018207 504.645
0.10197 -0.00190701 504.654
0.100357 -0.00186464 504.643
0.100532 -0.00186146 504.643
0.0999985 -0.00183918 504.643
0.0997173 -0.00181663 504.644
0.099061 -0.00175137 504.659
0.100249 -0.00186266 504.644
0.100268 -0.00184342 504.642
0.101878 -0.00190086 504.653
0.0994856 -0.00179532 504.647
0.100834 -0.00187654 504.644
0.0996788 -0.00182565 504.644
0.0989762 -0.00174259 504.662
0.0970168 -0.00173317 504.687
0.0997888 -0.00181262 504.644
0.0998712 -0.00182724 504.643
0.100375 -0.00184208 504.642
0.100516 -0.00186904 504.644
0.100172 -0.00184284 504.642
0.101289 -0.00187657 504.646
0.10079 -0.00182813 504.646
0.0997879 -0.00183314 504.643
0.100211 -0.00185071 504.642
0.0996212 -0.00181295 504.644
0.1003 -0.00184199 504.642
0.100827 -0.00186474 504.643
0.0996812 -0.00182211 504.644
0.100149 -0.00184033 504.642
0.00489585 0.00326605 546.131
0.00444315 0.00332209 546.12
0.00530512 0.00327529 546.16
0.0046511 0.00331215 546.122
0.00448768 0.0033055 546.12
0.00411056 0.00334213 546.129
0.00382869 0.00336823 546.15
0.00466717 0.00331205 546.122
0.00474118 0.00326753 546.126
0.00443254 0.00332921 546.12
0.00461334 0.00331642 546.121
0.00378299 0.00334304 546.154
0.00469761 0.003306 546.123
0.00361375 0.00334202 546.174
0.00455228 0.00331832 546.12
0.00425554 0.00333319 546.123
0.00449618 0.00333842 546.12
0.00401241 0.00331031 546.136
0.0065852 0.00321913 546.355
0.00457631 0.00332156 546.12
0.00452775 0.00329362 546.121
0.00629888 0.0032439 546.299
0.00420154 0.00323438 546.133
0.00458792 0.00333726 546.121
0.00444509 0.00332891 546.12
0.00369527 0.00337587 546.164
0.0047753 0.00330287 546.125
0.00263169 0.00339141 546.393
0.00448312 0.00333308 546.12
0.00407851 0.00331578 546.131
0.0401338 0.000471811 538.068
0.0392967 0.00050581 538.069
0.040426 0.000441766 538.072
0.0398748 0.000478002 538.068
0.0400931 0.000476093 538.068
0.0397905 0.000506127 538.069
0.0397168 0.000503314 538.068
0.0393843 0.000495489 538.069
0.040342 0.000471088 538.069
0.0398878 0.00048324 538.068
0.0401545 0.000495877 538.069
0.0396473 0.000503936 538.068
0.03968 0.000514761 538.07
0.0405075 0.000452906 538.07
0.0383208 0.00051672 538.082
0.039621 0.000494035 538.068
0.0401677 0.000472384 538.068
0.0395174 0.000497667 538.068
0.0383522 0.00053284 538.08
0.0395997 0.000493092 538.068
0.0388678 0.000522108 538.073
0.0409479 0.000434116 538.075
0.0414739 0.000441516 538.081
0.0397646 0.000486412 538.068
0.039865 0.00049438 538.068
0.0395198 0.00049988 538.068
0.0402701 0.000462079 538.069
0.0378132 0.000575918 538.093
0.0409283 0.000448868 538.073
0.0390443 0.00049617 538.072
0.000204231 -0.00155193 553.155
0 0.01 554.518
0.000175184 -0.00164656 553.134
0.00134591 -0.00154492 553.805
0.00108931 -0.00155134 553.662
0 -0.00359919 554.518
0 0.00112993 554.518
0 -0.01 554.518
0 0.00749004 554.518
0 0.0073967 554.518
0 -0.00213384 554.518
0 0.00976904 554.518
0 0.00471768 554.518
0 -0.01 554.518
0.000208165 -0.00162607 553.154
0 0.01 554.518
0 -0.00398883 554.518
0 0.00772719 554.518
0.00234461 -0.00145828 554.345
0 -0.00950795 554.518
0 -0.00602797 554.518
0 0.00979683 554.518
0 -0.00573203 554.518
0 0.00272653 554.518
0 -0.01 554.518
1.24171e-05 -0.00165113 553.036
0 0.00471101 554.518
0 0.0039847 554.518
0 0.00851725 554.518
0 0.000676048 554.518
0.00249299 0.00346323 546.154
0.00293768 0.00336835 546.172
0.00198701 0.00356946 546.144
0.00223966 0.00352326 546.147
0.00223947 0.00351936 546.147
0.00347307 0.00328143 546.202
0.00316387 0.00332797 546.183
0.00198875 0.00357248 546.144
0.00320968 0.00312032 546.212
0.00278907 0.00332441 546.169
0.00362381 0.00323699 546.211
0.00218781 0.00320182 546.209
0.00289523 0.00340683 546.17
0.00346302 0.00328361 546.201
0.00212461 0.00354147 546.145
0.00177764 0.00362021 546.145
0.00257615 0.00348731 546.158
0.00287984 0.00338097 546.169
0.00232575 0.0034926 546.149
0.0036527 0.00319393 546.214
0.00225968 0.00349955 546.148
0.00219948 0.00349797 546.147
0.0049063 0.00301395 546.308
0.00235859 0.00345014 546.151
0.00262965 0.00334655 546.163
0.00189756 0.00357787 546.144
0.00431475 0.00312447 546.261
0.00351536 0.00325747 546.204
0.00173836 0.00363764 546.145
0.00315078 0.00333161 546.183
0.026672 0.00121193 543.186
0.0259325 0.00127749 543.192
0.0270789 0.00130323 543.207
0.027748 0.00117534 543.196
0.0267811 0.00123324 543.188
0.0268725 0.00122022 543.187
0.0259034 0.0012549 543.189
0.0272871 0.00117252 543.191
0.0265016 0.00121784 543.186
0.0256441 0.00123009 543.192
0.0263867 0.00122781 543.186
0.0263707 0.00122798 543.186
0.0262396 0.001222 543.187
0.0263654 0.00122065 543.186
0.0269363 0.0011991 543.187
0.0261683 0.00121961 543.187
0.0268907 0.00120053 543.187
0.0265637 0.00121189 543.186
0.0278705 0.00118339 543.199
0.0264675 0.0012222 543.186
0.0268306 0.00120144 543.187
0.0262536 0.00122661 543.187
0.0265456 0.00125465 543.189
0.025849 0.00127702 543.192
0.0251347 0.00126395 543.2
0.0263352 0.00122021 543.186
0.0265397 0.00121086 543.186
0.0268236 0.00116784 543.19
0.0264775 0.00123637 543.187
0.0278483 0.001165 543.198
0.12019 -0.0016065 466.14
0.120078 -0.00152006 466.12
0.115858 -0.00140082 466.162
0.11953 -0.00148334 466.122
0.118537 -0.00146872 466.121
0.121382 -0.00158296 466.131
0.120754 -0.00155729 466.124
0.12093 -0.00155094 466.125
0.121117 -0.00161661 466.138
0.118682 -0.00146978 466.121
0.120236 -0.00154113 466.12
0.116626 -0.00140124 466.147
0.118845 -0.00150602 466.119
0.122998 -0.00163017 466.161
0.121347 -0.00159411 466.132
0.118535 -0.00145323 466.125
0.118034 -0.001447 466.126
0.117728 -0.00143754 466.13
0.120185 -0.00153922 466.12
0.119123 -0.00150265 466.118
0.120705 -0.00156913 466.124
0.118346 -0.00144493 466.126
0.120195 -0.0015534 466.121
0.118356 -0.00146784 466.122
0.121187 -0.00156608 466.128
0.119136 -0.00150009 466.118
0.120788 -0.00154928 466.124
0.118392 -0.00148183 466.121
0.120047 -0.00154706 466.12
0.121964 -0.00159027 466.139
0.00443278 0.00269529 550.881
0.00410204 0.00274864 550.88
0.00577649 0.00273791 550.994
0.0040387 0.00267942 550.886
0.00732525 0.00266687 551.327
0 0.00147329 554.518
0.00379998 0.00274814 550.894
0.00482268 0.00276314 550.892
0.0037823 0.00274378 550.895
0.0046376 0.00274784 550.883
0.0040032 0.00271514 550.884
0.0029552 0.00272477 551.003
0.00384204 0.00276853 550.892
0.0035232 0.00272647 550.918
0.0038738 0.00273943 550.89
0.00460191 0.00274025 550.882
0.00511779 0.00275283 550.914
0.00424491 0.00275892 550.877
0.00494218 0.00273832 550.9
0.00421994 0.00275843 550.878
0.00370362 0.0027461 550.901
0.0035065 0.00273735 550.92
0.00446945 0.00275958 550.879
0.00452549 0.00277847 550.88
0.00411647 0.00274487 550.88
0.00441355 0.00273487 550.878
0.00443628 0.00276167 550.878
0.00507407 0.00277284 550.911
0.00498541 0.0027357 550.903
0.00460102 0.00275344 550.882
0.0324179 0.00254567 537.279
0.032238 0.00255519 537.28
0.0324745 0.00254889 537.28
0.032904 0.00253682 537.282
0.0321662 0.00256376 537.28
0.0317331 0.00256991 537.284
0.0324008 0.00254786 537.279
0.0325928 0.00254996 537.28
0.0320395 0.00256192 537.281
0.0321997 0.00256189 537.28
0.031968 0.0025488 537.281
0.0326249 0.0025386 537.28
0.0321038 0.00255112 537.28
0.0319649 0.00254927 537.281
0.0323888 0.00253477 537.28
0.0318546 0.00256353 537.282
0.0325924 0.00255388 537.28
0.0321858 0.00255585 537.28
0.0331068 0.00251324 537.285
0.0325487 0.00254617 537.28
0.0324498 0.00254693 537.28
0.0329934 0.0025436 537.283
0.0321832 0.00254822 537.28
0.0328101 0.00254323 537.281
0.0332388 0.00254039 537.286
0.0314106 0.00256045 537.288
0.0324261 0.00258156 537.282
0.0325477 0.00252687 537.28
0.0328035 0.00254058 537.281
0.0325351 0.00254004 537.28
0.0290127 0.000668156 545.299
0.0281238 0.000686174 545.294
0.0280892 0.00070148 545.294
0.0282613 0.000693789 545.294
0.0277315 0.00071435 545.294
0.0278906 0.000703896 545.294
0.0275023 0.000719734 545.295
0.0279695 0.000707657 545.294
0.027626 0.000710722 545.295
0.028819 0.00066839 545.297
0.0283496 0.000651919 545.297
0.027742 0.000707827 545.294
0.0276617 0.000714255 545.294
0.0275088 0.000723747 545.295
0.0282767 0.000703424 545.294
0.0282929 0.000675479 545.295
0.0266433 0.000745617 545.305
0.0299159 0.00061107 545.315
0.0284726 0.000700713 545.295
0.0273412 0.000732382 545.297
0.0280229 0.000705318 545.294
0.028296 0.000728969 545.296
0.0275686 0.000721114 545.295
0.0280868 0.000679962 545.294
0.0276064 0.000726675 545.295
0.0259992 0.000777938 545.317
0.0280792 0.00070282 545.294
0.0284132 0.000692108 545.295
0.028992 0.000676702 545.299
0.0281481 0.000758871 545.3
